7 0.098669 0.831887 0.021798 0.037037
7 0.198013 0.604890 0.046875 0.063947
7 0.289062 0.583623 0.036458 0.071759
7 0.302373 0.807147 0.021026 0.039062
7 0.475694 0.520110 0.043596 0.083044
7 0.577836 0.852141 0.031443 0.051505
7 0.703704 0.847801 0.035494 0.055556
7 0.794850 0.899884 0.053434 0.067708
7 0.964603 0.805700 0.031057 0.058160
7 0.861690 0.693576 0.013503 0.020255
7 0.883102 0.814670 0.010417 0.015914
7 0.944927 0.806568 0.010610 0.019965
7 0.936728 0.802807 0.009259 0.016493
7 0.723283 0.612847 0.017554 0.039352
7 0.654610 0.791522 0.009838 0.017650
