7 0.120000 0.322500 0.060000 0.101667
7 0.192500 0.371667 0.052500 0.080000
7 0.288750 0.370833 0.047500 0.075000
7 0.379375 0.343333 0.041250 0.073333
7 0.468125 0.384167 0.043750 0.068333
7 0.548750 0.386667 0.040000 0.070000
7 0.630000 0.371667 0.040000 0.073333
7 0.707500 0.390000 0.042500 0.073333
7 0.798750 0.387500 0.042500 0.075000
7 0.420625 0.558333 0.051250 0.083333
7 0.496875 0.558333 0.051250 0.090000
7 0.600625 0.565000 0.053750 0.090000
7 0.710625 0.545000 0.048750 0.080000
7 0.800625 0.521667 0.056250 0.086667
7 0.861250 0.405000 0.007500 0.010000
7 0.875625 0.405000 0.008750 0.013333
7 0.935000 0.394167 0.010000 0.015000
7 0.913125 0.405000 0.008750 0.013333
7 0.885000 0.431667 0.017500 0.076667
