7 0.499421 0.217797 0.045139 0.059322
7 0.744213 0.264407 0.050926 0.084746
7 0.616898 0.634746 0.027778 0.045763
7 0.109954 0.466949 0.020833 0.035593
7 0.677662 0.818644 0.010417 0.016949
7 0.721644 0.785593 0.015046 0.022034
7 0.751736 0.799153 0.012731 0.022034
7 0.793403 0.801695 0.010417 0.016949
7 0.823495 0.825424 0.010417 0.016949
7 0.943866 0.880508 0.045139 0.157627
7 0.994213 0.862712 0.034722 0.128814
7 0.990162 0.655085 0.012731 0.022034
7 0.938657 0.694915 0.027778 0.128814
7 0.025463 0.565254 0.011574 0.022034
7 0.767361 0.827966 0.011574 0.018644
