7 0.687573 0.401562 0.099648 0.090625
7 0.854045 0.382812 0.022274 0.014063
7 0.012309 0.396875 0.019930 0.014063
7 0.128957 0.387109 0.018757 0.013281
7 0.302462 0.401562 0.018757 0.010937
7 0.375147 0.383984 0.018757 0.016406
7 0.393318 0.415625 0.015240 0.010937
7 0.372216 0.371484 0.017585 0.014844
7 0.388042 0.373828 0.014068 0.011719
7 0.405627 0.376172 0.011723 0.008594
7 0.416764 0.369531 0.019930 0.014063
7 0.449590 0.387109 0.019930 0.016406
7 0.470106 0.367969 0.016413 0.012500
7 0.494725 0.383203 0.016413 0.013281
7 0.524033 0.377734 0.016413 0.013281
7 0.553341 0.382422 0.021102 0.016406
7 0.570340 0.382031 0.012896 0.010937
7 0.598476 0.373828 0.019930 0.016406
