7 0.018493 0.662129 0.023288 0.042079
7 0.095890 0.667079 0.008219 0.017327
7 0.092466 0.663366 0.006849 0.019802
7 0.126712 0.716584 0.015068 0.091584
7 0.138356 0.667079 0.010959 0.027228
7 0.183562 0.668317 0.021918 0.044554
7 0.202740 0.657178 0.013699 0.027228
7 0.282877 0.654703 0.026027 0.056931
7 0.315753 0.646040 0.015068 0.034653
7 0.378082 0.655941 0.013699 0.024752
7 0.340411 0.655941 0.009589 0.019802
7 0.414384 0.652228 0.012329 0.022277
7 0.445890 0.650990 0.012329 0.024752
7 0.500000 0.655941 0.010959 0.019802
7 0.556164 0.653465 0.030137 0.069307
7 0.654795 0.652228 0.030137 0.061881
7 0.813699 0.662129 0.019178 0.042079
7 0.896575 0.642327 0.017808 0.037129
7 0.908219 0.646040 0.013699 0.029703
7 0.932877 0.638614 0.013699 0.029703
7 0.610274 0.646040 0.012329 0.029703
7 0.538356 0.638614 0.013699 0.029703
7 0.458219 0.642327 0.009589 0.017327
7 0.360959 0.655941 0.006849 0.014851
7 0.354110 0.688119 0.015068 0.079208
7 0.347945 0.690594 0.013699 0.069307
7 0.258904 0.655941 0.010959 0.019802
7 0.240411 0.663366 0.006849 0.014851
7 0.230822 0.647277 0.006849 0.012376
7 0.218493 0.658416 0.006849 0.014851
