7 0.934082 0.579795 0.047852 0.081991
7 0.856445 0.549780 0.039062 0.074671
7 0.777344 0.537335 0.039062 0.073206
7 0.842773 0.361640 0.035156 0.067350
7 0.725098 0.352855 0.030273 0.055637
7 0.659180 0.367496 0.029297 0.058565
7 0.604492 0.493411 0.031250 0.064422
7 0.535645 0.508785 0.030273 0.065886
7 0.479004 0.507321 0.030273 0.068814
7 0.418457 0.516105 0.032227 0.071742
7 0.270508 0.489019 0.041016 0.073206
7 0.125977 0.390922 0.035156 0.064422
7 0.157227 0.357247 0.031250 0.058565
7 0.211914 0.381406 0.031250 0.057101
7 0.258301 0.385066 0.026367 0.055637
7 0.311035 0.388726 0.026367 0.054173
7 0.356934 0.371157 0.024414 0.051245
7 0.414551 0.381406 0.028320 0.048316
7 0.456055 0.363836 0.025391 0.045388
7 0.511719 0.383602 0.025391 0.052709
7 0.549805 0.353587 0.025391 0.048316
7 0.578613 0.363836 0.032227 0.057101
7 0.386719 0.422401 0.027344 0.054173
7 0.447266 0.431186 0.029297 0.054173
