7 0.259722 0.301064 0.013889 0.023404
7 0.055556 0.337234 0.069444 0.100000
7 0.197917 0.361702 0.054167 0.089362
7 0.220833 0.300000 0.041667 0.068085
7 0.253472 0.358511 0.045833 0.082979
7 0.364583 0.318085 0.045833 0.087234
7 0.390278 0.328723 0.027778 0.061702
7 0.452083 0.351064 0.029167 0.051064
7 0.479167 0.329787 0.044444 0.093617
7 0.578472 0.313830 0.023611 0.053191
7 0.569444 0.328723 0.027778 0.048936
7 0.613194 0.343617 0.034722 0.065957
7 0.704167 0.305319 0.047222 0.091489
7 0.784028 0.355319 0.051389 0.089362
7 0.904167 0.385106 0.058333 0.089362
7 0.957639 0.342553 0.098611 0.148936
7 0.670139 0.279787 0.023611 0.044681
7 0.679167 0.301064 0.027778 0.048936
7 0.697917 0.305319 0.040278 0.065957
