7 0.223930 0.429722 0.048299 0.074671
7 0.355653 0.449488 0.046103 0.073206
7 0.427003 0.430454 0.046103 0.058565
7 0.472009 0.420205 0.039517 0.058565
7 0.548847 0.404832 0.035126 0.062958
7 0.603732 0.426794 0.032931 0.057101
7 0.634468 0.404100 0.035126 0.052709
7 0.649835 0.440703 0.030735 0.049780
7 0.701427 0.416545 0.030735 0.045388
7 0.761251 0.411420 0.031833 0.046852
7 0.816685 0.415813 0.028540 0.043924
7 0.007135 0.435578 0.020856 0.033675
7 0.099890 0.438507 0.021954 0.030747
7 0.133919 0.432650 0.015368 0.030747
7 0.156970 0.432650 0.017563 0.027818
7 0.189901 0.429722 0.019759 0.030747
7 0.282108 0.434114 0.017563 0.027818
7 0.312294 0.439971 0.016465 0.024890
7 0.373216 0.441435 0.013172 0.016105
7 0.503842 0.420937 0.013172 0.019034
7 0.000549 0.408492 0.018661 0.026354
7 0.099341 0.437042 0.018661 0.030747
