7 0.482669 0.312921 0.116118 0.092867
7 0.634315 0.377524 0.107452 0.082100
7 0.344021 0.567968 0.043328 0.048452
7 0.741768 0.539031 0.048527 0.041723
7 0.983536 0.314266 0.039861 0.039031
7 0.889081 0.304845 0.045061 0.047106
7 0.818891 0.269852 0.043328 0.041723
7 0.665511 0.290040 0.045061 0.041723
7 0.569324 0.303499 0.046794 0.049798
7 0.262565 0.300135 0.050260 0.051144
7 -0.026863 0.302153 0.043328 0.033647
7 0.025130 0.207268 0.043328 0.043069
7 0.140381 0.205922 0.041594 0.034993
7 0.578856 0.203230 0.045061 0.051144
7 0.683709 0.206595 0.039861 0.041723
7 0.914211 0.051817 0.046794 0.039031
7 0.727903 0.078062 0.041594 0.029610
7 0.697574 0.139300 0.039861 0.039031
7 0.568458 0.085464 0.048527 0.041723
7 0.457539 0.129206 0.041594 0.040377
7 0.367418 0.116420 0.041594 0.039031
7 0.229636 0.148721 0.046794 0.041723
7 0.060659 0.121131 0.038128 0.034993
7 0.004333 0.043742 0.032929 0.039031
7 0.113518 0.036339 0.039861 0.045760
7 0.194974 0.052490 0.032929 0.034993
7 0.301560 0.047106 0.038128 0.037685
7 0.331023 0.087483 0.038128 0.032301
7 0.410745 0.098250 0.034662 0.037685
7 0.508666 0.086137 0.039861 0.040377
7 0.386482 0.050471 0.041594 0.041723
7 0.442808 0.032301 0.043328 0.037685
7 0.344021 0.018843 0.039861 0.032301
7 0.259099 0.017497 0.032929 0.032301
7 0.176776 0.013459 0.041594 0.034993
7 0.131716 -0.014805 0.031196 0.024226
7 0.036395 -0.002692 0.027730 0.021534
7 0.500867 -0.008075 0.038128 0.029610
7 0.572790 0.010094 0.036395 0.033647
7 0.868284 0.040377 0.034662 0.034993
7 0.963605 0.036339 0.038128 0.029610
7 0.955806 0.150067 0.036395 0.030956
7 1.000867 0.106326 0.032929 0.032301
7 0.850953 0.070659 0.038128 0.036339
7 0.786828 -0.026918 0.031196 0.024226
7 0.858752 -0.008748 0.039861 0.030956
