7 0.045898 0.788411 0.087891 0.131510
7 0.194336 0.786458 0.068359 0.093750
7 0.353516 0.792969 0.082031 0.117188
7 0.512207 0.868490 0.059570 0.106771
7 0.858398 0.804036 0.072266 0.108073
7 0.657227 0.773438 0.052734 0.093750
7 0.471680 0.716146 0.044922 0.075521
7 0.559082 0.732422 0.047852 0.074219
7 0.516113 0.731771 0.038086 0.054688
7 0.758789 0.716797 0.052734 0.066406
7 0.682129 0.731120 0.043945 0.071615
7 0.810547 0.693359 0.046875 0.074219
7 0.879395 0.649740 0.038086 0.049479
7 0.960449 0.714193 0.055664 0.082031
7 0.110352 0.686198 0.025391 0.028646
7 0.160156 0.723958 0.042969 0.059896
7 0.219238 0.701823 0.036133 0.054688
7 0.272949 0.738932 0.053711 0.071615
7 0.317383 0.770182 0.064453 0.097656
7 0.023438 0.692708 0.017578 0.023438
7 0.131836 0.682943 0.015625 0.027344
7 0.145508 0.653646 0.013672 0.018229
7 0.194824 0.674479 0.014648 0.023438
7 0.273926 0.694661 0.014648 0.027344
7 0.388184 0.695312 0.016602 0.028646
7 0.417969 0.692057 0.013672 0.022135
7 0.444824 0.676432 0.016602 0.027344
7 0.546387 0.656250 0.016602 0.023438
7 0.553711 0.660807 0.013672 0.022135
7 0.568848 0.663411 0.014648 0.019531
7 0.691895 0.651693 0.008789 0.011719
7 0.384277 0.669922 0.014648 0.022135
7 0.127441 0.764974 0.041992 0.058594
7 0.607422 0.710938 0.025391 0.036458
7 0.240234 0.692057 0.017578 0.024740
7 0.620117 0.678385 0.039062 0.059896
