7 0.007966 0.561479 0.052696 0.091095
7 0.100797 0.527369 0.044730 0.083333
7 0.074908 0.455882 0.019914 0.031863
7 0.144301 0.554126 0.067402 0.088644
7 0.199908 0.505106 0.071998 0.116422
7 0.321385 0.479779 0.058824 0.103350
7 0.268689 0.552696 0.072304 0.121732
7 0.392616 0.605392 0.067096 0.125817
7 0.410846 0.487745 0.058211 0.112745
7 0.476716 0.584150 0.056985 0.112745
7 0.558824 0.598243 0.052083 0.108252
7 0.632966 0.592320 0.057598 0.107026
7 0.581036 0.472835 0.056066 0.100082
7 0.677390 0.489583 0.053309 0.096814
7 0.758578 0.507353 0.080270 0.128268
7 0.758578 0.507966 0.078431 0.127859
7 0.774663 0.413194 0.065870 0.103350
