7 0.030762 0.242896 0.024414 0.036536
7 0.172363 0.215832 0.061523 0.087957
7 0.277832 0.254398 0.049805 0.089310
7 0.371094 0.338295 0.060547 0.097429
7 0.452148 0.364682 0.054688 0.098782
7 0.540039 0.348444 0.056641 0.101488
7 0.623535 0.336942 0.053711 0.100135
7 0.713379 0.305819 0.063477 0.110961
7 0.895996 0.279432 0.055664 0.093369
7 0.818848 0.258457 0.049805 0.086604
7 0.622070 0.271989 0.046875 0.078484
7 0.528320 0.270636 0.048828 0.078484
7 0.437012 0.267930 0.051758 0.092016
7 0.353516 0.274696 0.048828 0.078484
