7 0.073864 0.604848 0.111014 0.141939
7 0.326486 0.657710 0.091783 0.132009
7 0.463724 0.648364 0.081294 0.112150
7 0.618881 0.695386 0.083916 0.146612
7 0.838505 0.512850 0.072990 0.108645
7 0.075393 0.467290 0.079108 0.103972
7 0.205420 0.550818 0.083916 0.106308
7 0.200175 0.454147 0.064685 0.104556
7 0.357080 0.450935 0.067308 0.086449
7 0.396198 0.565129 0.074738 0.105724
7 0.515516 0.590537 0.052885 0.078271
7 0.937063 0.497079 0.042832 0.059579
7 0.745411 0.602220 0.063374 0.086449
7 0.657124 0.599007 0.066871 0.099883
7 0.658654 0.466706 0.064685 0.105140
7 0.503715 0.409171 0.049388 0.077687
7 0.562719 0.421437 0.056381 0.084696
7 0.738636 0.405374 0.042832 0.064252
7 0.619537 0.341998 0.027535 0.044977
7 0.293269 0.408002 0.053322 0.090537
7 0.392264 0.340829 0.038024 0.058995
7 0.941434 0.445386 0.035839 0.053154
7 0.387675 0.790888 0.124126 0.171729
7 0.808566 0.515771 0.035839 0.061916
7 0.679851 0.410339 0.048514 0.078855
7 0.050262 0.382301 0.051573 0.091706
7 0.175699 0.403329 0.050699 0.073014
7 -0.002185 0.294393 0.034965 0.073598
7 0.076486 0.261390 0.024476 0.040304
7 0.122378 0.265479 0.027098 0.044977
7 0.138549 0.249708 0.029720 0.047313
7 0.265516 0.381425 0.040647 0.071262
7 0.230332 0.347839 0.041084 0.071846
7 0.180507 0.319509 0.037587 0.052570
7 0.357517 0.331192 0.033217 0.058411
7 0.428977 0.320970 0.030157 0.050818
7 0.480332 0.345210 0.034091 0.057243
7 0.538024 0.395736 0.041958 0.058995
7 0.185752 0.254965 0.020979 0.034463
7 0.211976 0.247664 0.020105 0.033879
7 0.239510 0.238902 0.022727 0.035047
7 0.288899 0.284463 0.025350 0.043224
7 0.311844 0.315129 0.031906 0.055491
7 0.382212 0.237734 0.024913 0.043224
7 0.439248 0.269568 0.022727 0.043808
7 0.477710 0.294100 0.022727 0.040304
7 0.529283 0.294100 0.029720 0.044977
7 0.558785 0.352220 0.038024 0.050234
7 0.571241 0.312208 0.028846 0.044977
7 0.676573 0.336449 0.030594 0.050234
7 0.755463 0.348715 0.034528 0.059579
7 0.791084 0.354264 0.028846 0.047313
7 0.742570 0.316589 0.025350 0.037383
7 0.678540 0.297605 0.023164 0.034463
7 0.665210 0.320093 0.023601 0.037383
7 0.616477 0.306367 0.028409 0.037967
7 0.798514 0.325935 0.022727 0.031542
7 0.859921 0.367407 0.031031 0.043224
7 0.878497 0.428446 0.032343 0.048481
7 0.880026 0.391063 0.022290 0.039136
7 0.923951 0.363610 0.024476 0.033294
7 0.970061 0.430199 0.030157 0.051986
7 0.985795 0.422897 0.031906 0.058411
7 0.959353 0.382593 0.019231 0.033879
7 0.871722 0.340245 0.020542 0.029790
7 0.296766 0.229264 0.019231 0.033294
7 0.394012 0.259930 0.021416 0.032710
