7 0.394688 0.326148 0.060625 0.131209
7 0.513125 0.176195 0.076250 0.138707
7 0.646875 0.396439 0.067500 0.121837
7 0.066562 0.386129 0.103125 0.140581
7 0.262500 0.394096 0.067500 0.117151
7 0.089063 0.354264 0.050625 0.112465
7 0.787500 0.684630 0.053750 0.075914
7 0.963125 0.585754 0.056250 0.101218
7 0.854688 0.552015 0.041875 0.078725
7 0.925000 0.502812 0.036250 0.062793
7 0.940625 0.442830 0.035000 0.062793
7 0.812813 0.467666 0.033125 0.061856
7 0.760312 0.467666 0.030625 0.061856
7 0.652813 0.332240 0.026875 0.055295
7 0.330000 0.340206 0.032500 0.056232
7 0.267188 0.323336 0.029375 0.044986
7 0.218125 0.343486 0.041250 0.072165
7 0.147813 0.443768 0.039375 0.068416
7 0.190938 0.314902 0.031875 0.052484
7 0.143750 0.384724 0.033750 0.057170
7 0.117813 0.310216 0.029375 0.050609
7 0.115937 0.274602 0.029375 0.050609
7 0.152188 0.241799 0.024375 0.041237
7 0.237187 0.272259 0.026875 0.045923
7 0.220625 0.238988 0.025000 0.043112
7 0.203125 0.192596 0.023750 0.036551
7 0.247188 0.206186 0.021875 0.031865
7 0.296563 0.296626 0.026875 0.042174
7 0.359063 0.279288 0.028125 0.050609
7 0.297500 0.255389 0.020000 0.036551
7 0.296563 0.194002 0.020625 0.033739
7 0.337187 0.238051 0.020625 0.035614
7 0.254375 0.158388 0.017500 0.029991
7 0.288750 0.165886 0.017500 0.031865
7 0.298750 0.179007 0.018750 0.031865
7 0.340625 0.209934 0.022500 0.037488
7 0.289062 0.165417 0.016875 0.029053
7 0.296250 0.143393 0.016250 0.026242
7 0.342500 0.179475 0.017500 0.032802
7 0.324062 0.159794 0.019375 0.032802
7 0.336250 0.134021 0.015000 0.028116
7 0.368437 0.164011 0.019375 0.031865
7 0.383750 0.133083 0.018750 0.028116
7 0.373125 0.216026 0.026250 0.040300
7 0.386250 0.235708 0.025000 0.045923
7 0.389688 0.182755 0.023125 0.043112
7 0.405000 0.163543 0.018750 0.027179
7 0.416563 0.144799 0.015625 0.027179
7 0.436875 0.252109 0.022500 0.039363
7 0.450625 0.208060 0.025000 0.041237
7 0.440312 0.184630 0.020625 0.029991
7 0.444063 0.173383 0.016875 0.029991
7 0.455937 0.161668 0.015625 0.030928
7 0.484063 0.196345 0.016875 0.036551
7 0.484063 0.170572 0.016875 0.029991
7 0.542188 0.152296 0.011875 0.023430
7 0.553125 0.174321 0.018750 0.033739
7 0.574375 0.161200 0.013750 0.026242
7 0.604688 0.169634 0.018125 0.029991
7 0.591875 0.179944 0.018750 0.031865
7 0.586250 0.218369 0.016250 0.031865
7 0.584375 0.230084 0.021250 0.034677
7 0.618125 0.208997 0.020000 0.033739
7 0.633125 0.180881 0.018750 0.029991
7 0.636250 0.240862 0.018750 0.037488
7 0.626250 0.267573 0.023750 0.045923
7 0.666875 0.111528 0.017500 0.029991
7 0.696250 0.176195 0.017500 0.029991
7 0.739688 0.169634 0.015625 0.029991
7 0.759687 0.208529 0.019375 0.036551
7 0.797813 0.185567 0.021875 0.031865
7 0.832500 0.185098 0.018750 0.034677
7 0.858125 0.164011 0.016250 0.028116
7 0.895625 0.167291 0.022500 0.034677
7 0.958438 0.195408 0.023125 0.040300
7 0.978125 0.194939 0.020000 0.035614
7 0.787813 0.214620 0.020625 0.035614
7 0.811875 0.201031 0.020000 0.036551
7 0.839375 0.207591 0.018750 0.034677
7 0.862187 0.223055 0.021875 0.041237
7 0.899375 0.207591 0.017500 0.034677
7 0.918438 0.221181 0.025625 0.037488
7 0.926250 0.255858 0.023750 0.035614
7 0.958125 0.217901 0.022500 0.034677
7 0.953750 0.259606 0.022500 0.035614
7 1.004063 0.241799 0.018125 0.033739
7 1.004687 0.291471 0.016875 0.033739
7 0.998437 0.336457 0.026875 0.050609
7 0.831875 0.277882 0.023750 0.040300
7 0.852812 0.320525 0.023125 0.037488
7 0.902500 0.312559 0.028750 0.045923
7 0.936562 0.327085 0.021875 0.044986
7 0.946875 0.298969 0.021250 0.041237
7 0.882188 0.371134 0.036875 0.059981
7 0.959375 0.365042 0.032500 0.053421
7 0.885000 0.290066 0.026250 0.038425
