7 0.788086 -0.000714 0.017578 0.027143
7 0.952148 0.350000 0.019531 0.037143
7 0.812988 0.337143 0.030273 0.057143
7 0.789062 0.350000 0.025391 0.054286
7 0.801270 0.215000 0.022461 0.035714
7 0.844727 0.321429 0.019531 0.031429
7 0.882324 0.090000 0.016602 0.031429
7 0.971680 0.095714 0.015625 0.028571
7 0.899902 0.106429 0.018555 0.032857
7 0.939453 0.118571 0.017578 0.031429
7 0.986328 0.112857 0.019531 0.031429
7 0.983398 0.169286 0.017578 0.035714
7 0.924316 0.155714 0.020508 0.034286
7 0.942383 0.188571 0.021484 0.034286
7 0.890137 0.198571 0.020508 0.034286
7 0.856934 0.217143 0.020508 0.037143
7 0.909180 0.246429 0.021484 0.038571
7 0.958008 0.255714 0.019531 0.034286
7 0.989746 0.280714 0.022461 0.041429
7 0.916504 0.299286 0.022461 0.035714
7 0.684082 0.107143 0.018555 0.031429
7 0.675781 0.002143 0.011719 0.024286
7 0.668945 0.033571 0.015625 0.030000
7 0.638184 0.034286 0.016602 0.031429
7 0.603027 0.027857 0.016602 0.032857
7 0.546387 0.026429 0.016602 0.030000
7 0.476562 0.030714 0.013672 0.030000
7 0.415039 0.027857 0.019531 0.032857
7 0.372070 0.007857 0.017578 0.024286
7 0.309570 -0.005714 0.013672 0.020000
7 0.249023 -0.015000 0.015625 0.021429
7 0.057129 0.067857 0.018555 0.030000
7 0.107422 0.076429 0.015625 0.024286
7 0.191406 0.074286 0.015625 0.028571
7 0.170898 0.097143 0.017578 0.031429
7 0.127441 0.094286 0.014648 0.031429
7 0.018066 0.140714 0.018555 0.032857
7 0.066406 0.143571 0.019531 0.038571
7 0.082031 0.170714 0.021484 0.035714
7 0.153809 0.140714 0.018555 0.032857
7 0.203613 0.206429 0.022461 0.044286
7 0.140137 0.188571 0.024414 0.040000
7 0.165039 0.227143 0.025391 0.042857
7 0.079102 0.262857 0.025391 0.037143
7 0.025391 0.267143 0.021484 0.037143
7 0.050293 0.230714 0.020508 0.032857
7 0.000977 0.215714 0.019531 0.031429
7 0.025391 0.267143 0.021484 0.037143
7 0.018555 0.330714 0.027344 0.047143
7 0.180664 0.307143 0.025391 0.037143
7 0.144043 0.335000 0.024414 0.041429
7 0.199219 0.305714 0.021484 0.040000
7 0.216309 0.331429 0.024414 0.040000
7 0.284180 0.132143 0.072266 0.127143
7 0.419434 0.180714 0.061523 0.107143
7 0.569824 0.179286 0.065430 0.121429
7 0.725586 0.179286 0.062500 0.118571
7 0.895996 0.143571 0.018555 0.032857
7 0.219727 0.330000 0.029297 0.051429
