7 0.132917 0.209630 0.015833 0.034074
7 0.055417 0.282963 0.014167 0.032593
7 0.108333 0.394815 0.033333 0.069630
7 0.297500 0.392593 0.041667 0.074074
7 0.275417 0.351852 0.024167 0.051852
7 0.388333 0.376296 0.026667 0.047407
7 0.391250 0.228889 0.015833 0.031111
7 0.424583 0.273333 0.014167 0.034074
7 0.449167 0.339259 0.025000 0.044444
7 0.521250 0.344444 0.020833 0.042963
7 0.575417 0.422963 0.037500 0.072593
7 0.600833 0.260741 0.013333 0.029630
7 0.643750 0.243704 0.014167 0.031111
7 0.674167 0.251852 0.013333 0.032593
7 0.624583 0.377037 0.027500 0.048889
7 0.712500 0.401481 0.038333 0.053333
7 0.700417 0.309630 0.015833 0.029630
7 0.737083 0.352593 0.024167 0.047407
7 0.787083 0.301481 0.015833 0.034074
