7 0.277619 0.439000 0.105714 0.302000
7 0.431905 0.465000 0.101905 0.302000
7 0.553333 0.159000 0.106667 0.282000
7 0.692857 0.084000 0.109524 0.280000
7 0.989048 0.671000 0.134286 0.418000
7 0.865238 0.491000 0.113333 0.266000
7 0.820000 0.300000 0.116190 0.280000
7 0.960952 0.029000 0.034286 0.078000
7 0.022857 0.847000 0.043810 0.114000
7 0.077143 0.741000 0.040000 0.086000
7 0.183810 0.566000 0.036190 0.092000
7 0.072381 0.120000 0.034286 0.080000
7 0.043810 0.215000 0.026667 0.094000
7 -0.000952 0.453000 0.089524 0.498000
