7 1.029688 0.428251 0.034375 0.049327
7 0.935156 0.484305 0.042188 0.067265
7 0.810937 0.415919 0.031250 0.065022
7 0.793750 0.438341 0.043750 0.065022
7 0.735156 0.447309 0.032813 0.060538
7 0.710156 0.496637 0.039062 0.069507
7 0.737500 0.725336 0.078125 0.159193
7 0.536719 0.623318 0.057813 0.112108
7 0.253906 0.653587 0.067187 0.118834
7 0.399219 0.552691 0.039062 0.082960
7 0.660937 0.686099 0.043750 0.085202
7 0.604688 0.464126 0.034375 0.071749
7 0.589844 0.319507 0.039062 0.060538
7 0.512500 0.343049 0.028125 0.049327
7 0.460938 0.331839 0.025000 0.044843
7 0.393750 0.421525 0.037500 0.067265
7 0.318750 0.511211 0.043750 0.062780
7 0.202344 0.649103 0.032813 0.065022
7 0.262500 0.468610 0.040625 0.076233
7 0.157812 0.403587 0.034375 0.067265
7 0.242188 0.352018 0.031250 0.067265
7 0.310937 0.357623 0.031250 0.065022
7 0.396875 0.345291 0.028125 0.058296
7 0.412500 0.276906 0.018750 0.029148
7 0.383594 0.306054 0.029687 0.060538
7 0.362500 0.261211 0.025000 0.038117
7 0.275781 0.261211 0.026562 0.033632
7 0.318750 0.272422 0.015625 0.029148
7 0.226562 0.340807 0.028125 0.053812
7 0.119531 0.343049 0.035937 0.053812
7 0.063281 0.330717 0.026562 0.047085
7 0.000781 0.325112 0.020313 0.044843
7 0.085938 0.308296 0.025000 0.047085
7 0.151562 0.310538 0.034375 0.056054
7 0.175781 0.286996 0.029687 0.049327
7 0.228906 0.274664 0.026562 0.038117
7 0.073438 0.217489 0.015625 0.026906
7 0.121094 0.233184 0.014063 0.022422
7 0.103906 0.263453 0.020313 0.033632
7 0.558594 0.480942 0.042188 0.087444
