7 0.608742 0.327475 0.006823 0.015431
7 0.637100 0.312045 0.007676 0.019717
7 0.819510 0.329404 0.010874 0.024432
7 0.990512 0.417060 0.027505 0.057437
7 0.891045 0.395628 0.019190 0.045435
7 0.865458 0.374839 0.012793 0.031290
7 0.737207 0.444492 0.038593 0.062580
7 0.734435 0.359194 0.020682 0.044578
7 0.720149 0.351264 0.013006 0.033005
7 0.466311 0.312902 0.030704 0.045435
7 0.441684 0.383626 0.018977 0.045435
7 0.455330 0.284826 0.006610 0.014145
7 0.418124 0.295114 0.004264 0.010716
7 0.381663 0.328761 0.007249 0.014574
7 0.350853 0.344192 0.004478 0.010287
7 0.352132 0.333905 0.004478 0.010287
7 0.337846 0.301543 0.008316 0.015859
7 0.332729 0.334976 0.005330 0.011573
7 0.301386 0.341835 0.015565 0.037291
7 0.292751 0.309473 0.008529 0.018003
7 0.281343 0.304972 0.006183 0.015002
7 0.286354 0.279468 0.005970 0.014574
7 0.241684 0.315474 0.008316 0.018860
7 0.245629 0.307973 0.008102 0.016717
7 0.211834 0.300043 0.008742 0.018003
7 0.200640 0.293399 0.007676 0.017574
7 0.186141 0.304115 0.005970 0.013288
7 0.178038 0.300257 0.006397 0.014145
7 0.160235 0.311830 0.004904 0.013288
7 0.137953 0.316545 0.005117 0.013288
7 0.122175 0.315474 0.004691 0.012859
7 0.074414 0.315902 0.006397 0.014574
7 0.065352 0.297685 0.006610 0.015859
7 0.052132 0.314616 0.005757 0.013716
7 0.039126 0.323618 0.005757 0.013716
7 0.033475 0.303686 0.008529 0.016717
7 0.023348 0.294685 0.004904 0.013288
7 0.014819 0.302829 0.007036 0.016717
7 0.002345 0.317617 0.005117 0.012002
7 0.053625 0.376554 0.019403 0.046721
