7 0.014972 0.541804 0.015760 0.018702
7 0.044129 0.522552 0.017336 0.030803
7 0.068164 0.606711 0.024429 0.042904
7 0.122931 0.550055 0.040977 0.074807
7 0.169031 0.513201 0.013396 0.023102
7 0.187155 0.512651 0.008668 0.017602
7 0.216706 0.508801 0.012608 0.018702
7 0.197400 0.574807 0.029157 0.047305
7 0.307723 0.547305 0.021277 0.034103
7 0.409771 0.527503 0.007880 0.012101
7 0.482664 0.543454 0.013396 0.017602
7 0.913712 0.530803 0.003940 0.007701
7 0.932624 0.530803 0.005516 0.007701
7 0.962963 0.535754 0.006304 0.008801
