7 0.248599 0.358530 0.043722 0.167230
7 0.070067 0.342272 0.052691 0.170186
7 0.043021 0.586782 0.008688 0.015625
7 0.051289 0.588894 0.008408 0.014780
7 0.095291 0.584459 0.005605 0.008446
7 0.104961 0.584037 0.005325 0.008446
7 0.125000 0.588471 0.006166 0.009713
7 0.220712 0.594595 0.006446 0.010135
7 0.226177 0.598184 0.005605 0.008868
7 0.253924 0.595017 0.005045 0.007601
7 0.260930 0.591427 0.006166 0.011402
7 0.267517 0.599240 0.005325 0.007601
7 0.835202 0.584037 0.060538 0.102196
7 0.946469 0.623944 0.030269 0.041807
7 0.946469 0.623311 0.031390 0.042230
