7 0.060294 0.769118 0.016667 0.029412
7 0.069118 0.636029 0.016667 0.025000
7 0.212255 0.460294 0.010784 0.023529
7 0.311765 0.533824 0.013725 0.023529
7 0.014706 0.274265 0.009804 0.013235
7 0.051471 0.252941 0.006863 0.008824
7 0.213725 0.256618 0.007843 0.013235
7 0.209314 0.211029 0.008824 0.013235
7 0.292647 0.204412 0.008824 0.011765
7 0.296569 0.182353 0.006863 0.011765
7 0.287745 0.116176 0.004902 0.008824
7 0.435784 0.173529 0.006863 0.008824
7 0.446569 0.221324 0.006863 0.013235
7 0.478922 0.149265 0.006863 0.013235
7 0.535784 0.208824 0.006863 0.011765
7 0.522549 0.017647 0.003922 0.005882
7 0.658824 0.017647 0.003922 0.005882
7 0.645588 0.040441 0.004902 0.007353
7 0.657353 0.044118 0.004902 0.005882
7 0.783333 0.025000 0.003922 0.005882
7 0.798039 0.025735 0.003922 0.007353
7 0.804412 0.045588 0.004902 0.005882
7 0.838725 0.045588 0.004902 0.008824
7 0.852451 0.049265 0.006863 0.010294
7 0.861765 0.055882 0.017647 0.041176
7 0.675490 0.075000 0.005882 0.008824
7 0.725000 0.080882 0.004902 0.008824
7 0.747549 0.100000 0.004902 0.008824
7 0.761765 0.064706 0.005882 0.008824
7 0.774020 0.101471 0.004902 0.008824
7 0.800980 0.073529 0.005882 0.008824
7 0.804412 0.070588 0.004902 0.008824
7 0.820588 0.075735 0.005882 0.010294
7 0.843627 0.115441 0.006863 0.010294
7 0.841176 0.123529 0.005882 0.008824
7 0.729902 0.179412 0.008824 0.011765
7 0.734804 0.238971 0.010784 0.016176
7 0.839706 0.195588 0.006863 0.014706
7 0.863725 0.208824 0.005882 0.011765
7 0.880392 0.202941 0.007843 0.011765
7 0.850490 0.305882 0.008824 0.014706
7 0.986275 0.219853 0.009804 0.016176
7 0.973039 0.251471 0.008824 0.014706
7 0.978431 0.277941 0.009804 0.017647
7 0.875000 0.502941 0.014706 0.023529
7 0.850980 0.760294 0.017647 0.029412
7 0.823039 0.641912 0.014706 0.025000
7 0.647059 0.521324 0.011765 0.027941
7 0.737255 0.761765 0.015686 0.026471
