7 0.921875 0.510172 0.041250 0.059468
7 0.940625 0.473396 0.051250 0.064163
7 0.976250 0.487480 0.035000 0.048513
7 0.923125 0.429577 0.018750 0.029734
7 0.821875 0.500782 0.031250 0.046948
7 0.780000 0.464006 0.042500 0.061033
7 0.731875 0.470266 0.038750 0.057903
7 0.657500 0.493740 0.042500 0.051643
7 0.641875 0.455399 0.041250 0.053208
7 0.543750 0.486698 0.040000 0.050078
7 0.526875 0.471831 0.033750 0.054773
7 0.470000 0.481221 0.037500 0.051643
7 0.427500 0.468701 0.037500 0.051643
7 0.370625 0.500782 0.038750 0.056338
7 0.286250 0.462441 0.022500 0.029734
7 0.303125 0.461659 0.021250 0.031299
7 0.333125 0.467136 0.016250 0.023474
7 0.227500 0.519562 0.040000 0.056338
7 0.146875 0.519562 0.038750 0.059468
7 0.076250 0.547731 0.037500 0.059468
7 0.029375 0.594679 0.036250 0.046948
7 0.015625 0.458529 0.026250 0.037559
7 0.112500 0.449139 0.027500 0.037559
7 0.060000 0.504695 0.022500 0.026604
7 0.150000 0.465571 0.025000 0.032864
7 0.245000 0.470266 0.030000 0.039124
7 0.221875 0.470266 0.018750 0.032864
7 0.198750 0.474178 0.020000 0.025039
7 0.378125 0.436620 0.008750 0.009390
7 0.509375 0.446792 0.033750 0.045383
7 0.608750 0.448357 0.020000 0.023474
7 0.595000 0.454617 0.015000 0.023474
7 0.800000 0.433490 0.012500 0.018779
7 0.746875 0.431925 0.016250 0.021909
7 0.769375 0.428795 0.016250 0.021909
7 0.788125 0.421753 0.011250 0.017214
7 0.030625 0.453834 0.016250 0.028169
7 0.042500 0.447574 0.012500 0.018779
7 0.052500 0.448357 0.012500 0.017214
7 0.666875 0.429577 0.016250 0.023474
