7 0.000000 0.537484 0.037143 0.099111
7 0.004643 0.350699 0.030714 0.116900
7 0.062857 0.315121 0.015714 0.027954
7 0.057857 0.399619 0.015714 0.026684
7 0.029286 0.482846 0.017143 0.038119
7 0.063571 0.608640 0.011429 0.025413
7 0.051786 0.645489 0.013571 0.033037
7 0.074643 0.687421 0.013571 0.027954
7 0.097500 0.416773 0.012143 0.027954
7 0.095000 0.532402 0.015714 0.033037
7 0.141786 0.594028 0.015000 0.036849
7 0.147143 0.247776 0.011429 0.017789
7 0.193571 0.378653 0.012857 0.020330
7 0.180357 0.472046 0.015000 0.029225
7 0.179286 0.606734 0.012857 0.036849
7 0.279643 0.296061 0.012143 0.025413
7 0.262857 0.505718 0.025714 0.066074
7 0.267143 0.426302 0.011429 0.026684
7 0.296429 0.406607 0.011429 0.022872
7 0.327143 0.411690 0.010000 0.022872
7 0.365000 0.409784 0.012857 0.031766
7 0.346786 0.518424 0.015000 0.030496
7 0.333571 0.646125 0.014286 0.034307
7 0.386786 0.680432 0.015000 0.029225
7 0.414286 0.680432 0.012857 0.034307
7 0.420000 0.599111 0.011429 0.024142
7 0.456071 0.604193 0.015000 0.034307
7 0.397857 0.399619 0.015714 0.031766
7 0.428929 0.452986 0.043571 0.143583
7 0.422143 0.236976 0.011429 0.019060
7 0.475000 0.423126 0.040000 0.091487
7 0.575714 0.330368 0.011429 0.025413
7 0.579643 0.350064 0.009286 0.021601
7 0.601786 0.324651 0.012143 0.026684
7 0.598214 0.374841 0.012143 0.027954
7 0.570357 0.433291 0.029286 0.096569
7 0.695714 0.331004 0.010000 0.016518
7 0.572500 0.486023 0.013571 0.026684
7 0.609643 0.505718 0.046429 0.144854
7 0.646429 0.454892 0.011429 0.022872
7 0.615000 0.493011 0.011429 0.027954
7 0.706429 0.461245 0.012857 0.027954
7 0.614643 0.558450 0.016429 0.036849
7 0.620714 0.595299 0.012857 0.026684
7 0.652500 0.548285 0.013571 0.029225
7 0.697857 0.602922 0.015714 0.031766
7 0.628571 0.668361 0.015714 0.040661
7 0.660000 0.677891 0.017143 0.034307
7 0.724286 0.590851 0.014286 0.030496
7 0.742143 0.625159 0.011429 0.027954
7 0.746786 0.660737 0.016429 0.033037
7 0.820357 0.506989 0.016429 0.033037
7 0.840714 0.515883 0.014286 0.030496
7 0.855357 0.346252 0.045000 0.102922
7 0.932500 0.344981 0.012143 0.024142
7 0.953929 0.415502 0.015000 0.040661
7 0.960000 0.459975 0.014286 0.030496
7 0.956786 0.693139 0.017857 0.036849
7 0.320000 0.843710 0.020000 0.045743
7 0.427500 0.855146 0.046429 0.083863
7 0.520714 0.369123 0.070000 0.095299
