7 0.844545 0.422631 0.038182 0.061350
7 0.805455 0.426040 0.035455 0.065440
7 0.740000 0.415815 0.040000 0.059986
7 0.657273 0.389230 0.039091 0.064076
7 0.618636 0.403885 0.038182 0.068848
7 0.595455 0.417519 0.029091 0.057941
7 0.507955 0.366735 0.045909 0.065440
7 0.546136 0.454669 0.013182 0.028630
7 0.436591 0.421950 0.045909 0.057260
7 0.320682 0.402522 0.042273 0.081118
7 0.265682 0.405930 0.043182 0.064758
7 0.212500 0.418200 0.038636 0.067485
7 0.168409 0.409339 0.040455 0.064758
7 0.059091 0.409339 0.039091 0.063395
7 0.985000 0.594410 0.017273 0.032720
7 0.949318 0.583845 0.018636 0.032038
7 0.911818 0.599864 0.017273 0.028630
7 0.915455 0.563736 0.020000 0.034083
7 0.938409 0.532379 0.017727 0.031357
7 0.978636 0.455010 0.014545 0.025222
7 0.940000 0.446830 0.015455 0.023858
7 0.913182 0.454669 0.013636 0.023177
7 0.883864 0.445808 0.015000 0.025903
7 0.890000 0.469325 0.014545 0.025222
7 0.924773 0.480573 0.014091 0.029993
7 0.938409 0.498296 0.016818 0.028630
7 0.895909 0.535106 0.017273 0.032720
7 0.790455 0.464554 0.013636 0.027948
7 0.775909 0.481936 0.015455 0.028630
7 0.796591 0.540559 0.013182 0.028630
7 0.796364 0.576005 0.018182 0.032720
7 0.725000 0.454669 0.013636 0.023177
7 0.690455 0.455351 0.014545 0.028630
7 0.707955 0.473756 0.016818 0.028630
7 0.698864 0.500341 0.014091 0.025903
7 0.692273 0.536810 0.013636 0.029312
7 0.734545 0.596115 0.018182 0.029312
7 0.581591 0.453306 0.014091 0.027267
7 0.545682 0.455351 0.013182 0.025903
7 0.460455 0.461486 0.013636 0.023177
7 0.469318 0.504772 0.015000 0.025222
7 0.465227 0.595092 0.019545 0.039536
7 0.410682 0.574642 0.015909 0.032720
7 0.411136 0.513633 0.014091 0.029312
7 0.382500 0.511929 0.013182 0.025903
7 0.372955 0.538514 0.016818 0.029993
7 0.401591 0.453988 0.015000 0.024540
7 0.393636 0.477505 0.017273 0.023858
7 0.375455 0.459782 0.011818 0.023858
7 0.308182 0.456714 0.013636 0.021813
7 0.250455 0.461486 0.014545 0.023177
7 0.124091 0.463190 0.013636 0.026585
7 0.095455 0.453306 0.015455 0.025903
7 0.035227 0.463190 0.015909 0.022495
7 0.010682 0.462849 0.013182 0.023177
7 0.007727 0.507498 0.020000 0.032038
7 0.130455 0.490116 0.013636 0.027267
7 0.077727 0.503408 0.013636 0.019768
7 0.890909 0.498978 0.016364 0.029993
7 0.775682 0.594751 0.010455 0.026585
7 0.296591 0.540900 0.014091 0.023858
7 0.103864 0.489434 0.015000 0.021813
7 0.040227 0.518405 0.014091 0.029312
