7 -0.000096 0.703414 0.018711 0.032986
7 0.044560 0.701389 0.018904 0.035301
7 0.075328 0.853877 0.030671 0.052083
7 0.133970 0.845197 0.030285 0.053241
7 0.190972 0.700087 0.082176 0.113137
7 0.228009 0.799479 0.021605 0.039352
7 0.319734 0.759983 0.013310 0.023438
7 0.327353 0.765046 0.017361 0.025463
7 0.371624 0.763889 0.015625 0.027778
7 0.426505 0.717593 0.014660 0.029514
7 0.411941 0.853443 0.034144 0.059896
7 0.485147 0.698061 0.018904 0.035012
7 0.515818 0.677662 0.019290 0.037616
7 0.538677 0.701678 0.019097 0.039931
7 0.606578 0.668258 0.018711 0.039062
7 0.658275 0.310764 0.047647 0.088542
7 0.740741 0.690394 0.031636 0.052083
7 0.804495 0.695023 0.024884 0.048611
7 0.815394 0.666667 0.032407 0.045139
7 0.895737 0.635561 0.042631 0.076678
7 0.943191 0.674190 0.025656 0.038773
7 1.000868 0.669416 0.016782 0.028646
7 0.957948 0.773148 0.014660 0.027199
7 0.026138 0.812211 0.024498 0.036458
