7 0.350000 0.610375 0.025000 0.041943
7 0.496094 0.611479 0.026562 0.039735
7 0.557031 0.629139 0.029687 0.048565
7 0.661719 0.674393 0.017188 0.028698
7 0.646094 0.596026 0.023438 0.035320
7 0.653906 0.581678 0.010937 0.019868
7 0.694531 0.589404 0.014063 0.022075
7 0.740625 0.586093 0.018750 0.024283
7 0.766406 0.578366 0.020313 0.026490
7 0.837500 0.578366 0.021875 0.035320
7 0.888281 0.581678 0.020313 0.033113
7 0.938281 0.570640 0.020313 0.028698
7 0.972656 0.580574 0.017188 0.052980
7 0.966406 0.560706 0.004687 0.008830
7 0.958594 0.581678 0.014063 0.055188
7 0.863281 0.571744 0.010937 0.017660
7 0.852344 0.564018 0.007812 0.011038
7 0.816406 0.573951 0.010937 0.017660
7 0.828906 0.588300 0.017188 0.059603
7 0.821875 0.584989 0.018750 0.026490
7 0.847656 0.604857 0.014063 0.026490
7 0.792969 0.568433 0.007812 0.011038
7 0.716406 0.586093 0.007812 0.011038
7 0.564063 0.577263 0.009375 0.011038
7 0.569531 0.582781 0.007812 0.013245
7 0.472656 0.587196 0.020313 0.035320
7 0.518750 0.583885 0.015625 0.019868
7 0.778906 0.586093 0.014063 0.024283
7 0.922656 0.589404 0.017188 0.030905
