7 0.061111 0.510897 0.132479 0.280769
7 0.100427 0.129487 0.077778 0.133333
7 0.186752 0.088462 0.029915 0.056410
7 0.265812 0.223077 0.078632 0.148718
7 0.411111 0.143590 0.095726 0.202564
7 0.501709 0.091667 0.032479 0.050000
7 0.559829 0.094872 0.025641 0.048718
7 0.654274 0.123718 0.033333 0.057692
7 0.681197 0.076923 0.032479 0.053846
7 0.738462 0.126923 0.025641 0.051282
7 0.532906 0.347436 0.091453 0.192308
7 0.679915 0.287179 0.091453 0.184615
7 0.730342 0.261538 0.069231 0.120513
7 0.775641 0.106410 0.050427 0.079487
7 0.845299 0.081410 0.066667 0.121795
7 0.882906 0.133974 0.087179 0.155128
7 0.934615 0.148718 0.023077 0.046154
7 0.773932 0.746795 0.187179 0.293590
