7 0.178309 0.465278 0.014706 0.022059
7 0.213848 0.469771 0.011029 0.017974
7 0.222426 0.475490 0.014706 0.021242
7 0.226716 0.476716 0.018382 0.030229
7 0.260110 0.469771 0.016544 0.026144
7 0.299326 0.445261 0.025123 0.042484
7 0.338235 0.459150 0.015931 0.029412
7 0.355699 0.463644 0.021446 0.033497
7 0.371936 0.466912 0.019608 0.035131
7 0.403186 0.451389 0.024510 0.031863
7 0.425551 0.436683 0.027574 0.038399
7 0.455270 0.447304 0.034314 0.054739
7 0.508578 0.399918 0.033088 0.058007
7 0.556679 0.403595 0.034926 0.065359
7 0.688419 0.386846 0.039828 0.056373
