7 0.923958 0.405977 0.045833 0.083090
7 0.753646 0.403061 0.061458 0.094752
7 0.663021 0.577259 0.038542 0.072886
7 0.541667 0.596210 0.035417 0.067055
7 0.514062 0.667638 0.023958 0.029155
7 0.581771 0.648688 0.021875 0.043732
7 0.457292 0.682945 0.022917 0.048105
7 0.343750 0.669096 0.025000 0.046647
7 0.283854 0.717201 0.021875 0.037901
7 0.210417 0.743440 0.027083 0.046647
7 0.126042 0.741983 0.027083 0.052478
7 0.096354 0.725948 0.028125 0.049563
7 0.040625 0.797376 0.020833 0.040816
7 0.369271 0.723761 0.017708 0.036443
7 0.158333 0.680758 0.016667 0.026239
7 0.096875 0.681487 0.020833 0.030612
7 0.134896 0.666910 0.019792 0.030612
7 0.165104 0.620991 0.011458 0.020408
7 0.240104 0.646501 0.013542 0.024781
7 0.267188 0.635569 0.013542 0.020408
7 0.276042 0.604956 0.012500 0.023324
7 0.305729 0.594752 0.013542 0.023324
7 0.234896 0.568513 0.013542 0.020408
7 0.400000 0.706268 0.018750 0.036443
7 0.403125 0.668367 0.016667 0.027697
7 0.455729 0.594752 0.011458 0.020408
7 0.406250 0.618076 0.014583 0.026239
7 0.379167 0.609329 0.012500 0.020408
7 0.354167 0.645773 0.016667 0.032070
7 0.299479 0.544461 0.009375 0.016035
7 0.367708 0.522595 0.010417 0.016035
7 0.396875 0.559767 0.010417 0.017493
7 0.432292 0.561953 0.010417 0.016035
7 0.445312 0.567055 0.011458 0.017493
7 0.602083 0.540087 0.012500 0.018950
7 0.623437 0.548834 0.011458 0.016035
7 0.465104 0.540816 0.011458 0.017493
7 0.440104 0.538630 0.009375 0.016035
7 0.428646 0.518222 0.009375 0.018950
7 0.405729 0.513848 0.011458 0.016035
7 0.477083 0.528426 0.010417 0.016035
7 0.485938 0.523324 0.009375 0.014577
7 0.461458 0.514577 0.008333 0.014577
7 0.310417 0.494898 0.008333 0.013120
7 0.329167 0.489796 0.010417 0.014577
7 0.514062 0.500729 0.011458 0.013120
7 0.528125 0.486880 0.008333 0.011662
7 0.575000 0.474490 0.008333 0.013120
7 0.794271 0.497085 0.009375 0.014577
7 0.608333 0.463557 0.008333 0.011662
7 0.626042 0.495627 0.006250 0.008746
7 0.064583 0.538630 0.010417 0.018950
7 0.096875 0.533528 0.010417 0.017493
7 0.136979 0.518222 0.011458 0.016035
7 0.167708 0.513120 0.010417 0.017493
7 0.216146 0.518950 0.005208 0.005831
7 0.254688 0.518222 0.009375 0.013120
