7 0.055729 0.248086 0.034375 0.061256
7 0.203646 0.239663 0.057292 0.111792
7 0.319271 0.246554 0.061458 0.104135
7 0.341146 0.179173 0.015625 0.030628
7 0.371354 0.228943 0.038542 0.059724
7 0.380208 0.281011 0.045833 0.090352
7 0.411979 0.347626 0.051042 0.113323
7 0.512500 0.228943 0.058333 0.127106
7 0.460417 0.245023 0.035417 0.070444
7 0.589583 0.301685 0.056250 0.113323
7 0.686458 0.308576 0.043750 0.068913
7 0.710417 0.273354 0.029167 0.053599
7 0.747917 0.264931 0.033333 0.058193
7 0.805729 0.243492 0.028125 0.052067
7 0.778646 0.300153 0.044792 0.082695
7 0.858854 0.313170 0.046875 0.081164
7 0.897396 0.277948 0.036458 0.071975
7 0.942187 0.294028 0.061458 0.110260
