7 0.991406 0.454139 0.010937 0.017897
7 0.891406 0.430649 0.010937 0.020134
7 0.927344 0.444072 0.039062 0.055928
7 0.828125 0.441834 0.009375 0.015660
7 0.828125 0.438479 0.009375 0.013423
7 0.807031 0.436242 0.010937 0.017897
7 0.806250 0.439597 0.009375 0.015660
7 0.784375 0.435123 0.012500 0.015660
7 0.741406 0.435123 0.007812 0.011186
7 0.732812 0.440716 0.006250 0.008949
7 0.753906 0.446309 0.026562 0.046980
7 0.712500 0.428412 0.012500 0.020134
7 0.674219 0.432886 0.014063 0.020134
7 0.694531 0.441834 0.023438 0.038031
7 0.649219 0.444072 0.007812 0.011186
7 0.635156 0.437360 0.007812 0.011186
7 0.621094 0.440716 0.020313 0.040268
7 0.571875 0.439597 0.018750 0.033557
7 0.592969 0.422819 0.029687 0.049217
7 0.531250 0.442953 0.021875 0.035794
7 0.512500 0.441834 0.028125 0.046980
7 0.203125 0.425056 0.006250 0.008949
7 0.146094 0.488814 0.026562 0.091723
7 0.155469 0.495526 0.045312 0.060403
7 0.028125 0.454139 0.009375 0.013423
7 0.021875 0.454139 0.006250 0.008949
7 0.012500 0.422819 0.006250 0.008949
7 0.467969 0.437360 0.020313 0.033557
7 0.447656 0.447427 0.020313 0.035794
7 0.406250 0.440716 0.021875 0.040268
7 0.377344 0.421700 0.014063 0.024609
7 0.354687 0.440716 0.025000 0.040268
7 0.287500 0.429530 0.012500 0.022371
7 0.252344 0.401566 0.029687 0.046980
7 0.318750 0.426174 0.031250 0.060403
7 0.247656 0.432886 0.029687 0.055928
7 0.101562 0.397092 0.037500 0.060403
