7 0.507653 0.745471 0.184694 0.393116
7 0.012755 0.211957 0.015306 0.028986
7 0.039796 0.190217 0.008163 0.014493
7 0.023980 0.230072 0.025510 0.047101
7 0.019898 0.247283 0.025510 0.045290
7 0.060204 0.231884 0.032653 0.061594
7 0.043878 0.262681 0.030612 0.065217
7 0.117347 0.265399 0.034694 0.067029
7 0.137245 0.251812 0.025510 0.054348
7 0.175510 0.248188 0.022449 0.043478
7 0.204592 0.240942 0.027551 0.054348
7 0.207143 0.209239 0.026531 0.052536
7 0.243878 0.211957 0.020408 0.043478
7 0.249490 0.298913 0.029592 0.065217
7 0.277041 0.252717 0.027551 0.041667
7 0.305612 0.234601 0.025510 0.052536
7 0.322449 0.228261 0.030612 0.065217
7 0.335714 0.223732 0.020408 0.056159
7 0.351531 0.253623 0.029592 0.061594
7 0.368878 0.238225 0.023469 0.056159
7 0.393367 0.252717 0.023469 0.056159
7 0.428571 0.249094 0.034694 0.074275
7 0.435714 0.255435 0.026531 0.057971
7 0.442857 0.207428 0.022449 0.056159
7 0.473469 0.289855 0.024490 0.061594
7 0.488265 0.290761 0.017347 0.045290
7 0.481633 0.236413 0.020408 0.048913
7 0.529082 0.266304 0.029592 0.047101
7 0.552041 0.278986 0.026531 0.061594
7 0.568878 0.255435 0.023469 0.050725
7 0.608163 0.286232 0.028571 0.061594
7 0.600510 0.220109 0.025510 0.052536
7 0.648469 0.251812 0.023469 0.054348
7 0.666837 0.247283 0.027551 0.056159
7 0.692857 0.240942 0.028571 0.065217
7 0.725510 0.269022 0.032653 0.063406
7 0.783163 0.266304 0.025510 0.057971
7 0.773980 0.203804 0.021429 0.045290
7 0.826020 0.226449 0.023469 0.043478
7 0.891327 0.238225 0.029592 0.059783
7 0.937245 0.243659 0.029592 0.048913
7 0.959694 0.224638 0.025510 0.047101
7 0.968367 0.200181 0.018367 0.041667
7 0.988265 0.188406 0.015306 0.032609
7 0.913776 0.202899 0.023469 0.043478
7 0.869388 0.219203 0.020408 0.032609
