7 0.081081 0.730077 0.015444 0.010283
7 0.129344 0.730077 0.019305 0.012853
7 0.163127 0.733290 0.017375 0.008997
7 0.203668 0.738432 0.017375 0.011568
7 0.281853 0.712725 0.023166 0.014139
7 0.334942 0.738432 0.013514 0.008997
7 0.369691 0.731362 0.017375 0.012853
7 0.402510 0.742931 0.009653 0.007712
7 0.417954 0.748715 0.009653 0.006427
7 0.470077 0.697943 0.025097 0.020566
7 0.519305 0.689589 0.030888 0.019280
7 0.564672 0.747429 0.009653 0.006427
7 0.603282 0.735219 0.013514 0.010283
7 0.667954 0.749357 0.007722 0.005141
7 0.732625 0.751285 0.009653 0.006427
7 0.767375 0.745501 0.009653 0.007712
7 0.807915 0.696658 0.025097 0.015424
7 0.853282 0.740360 0.011583 0.007712
7 0.869691 0.746144 0.013514 0.008997
7 0.889961 0.737789 0.011583 0.007712
7 0.904440 0.736504 0.013514 0.010283
7 0.921815 0.743573 0.009653 0.006427
7 0.990347 0.688946 0.027027 0.020566
7 0.972973 0.740360 0.054054 0.323907
7 0.706564 0.763496 0.015444 0.025707
7 0.350386 0.768638 0.021236 0.056555
