7 0.022072 0.339369 0.013549 0.021028
7 0.146853 0.335572 0.020979 0.039136
7 0.199301 0.334696 0.013986 0.022196
7 0.269886 0.339953 0.036276 0.049065
7 0.277098 0.327687 0.012238 0.019860
7 0.346154 0.346963 0.019231 0.028037
7 0.402098 0.337909 0.019231 0.030958
7 0.381337 0.324182 0.014423 0.024533
7 0.461976 0.318049 0.018357 0.028621
7 0.481862 0.370911 0.037150 0.066589
7 0.595280 0.293516 0.036713 0.048481
7 0.533217 0.376460 0.009615 0.015771
7 0.513330 0.370327 0.010052 0.017523
7 0.665210 0.338493 0.015734 0.023949
7 0.707386 0.377921 0.012675 0.021028
7 0.736670 0.381425 0.013549 0.024533
7 0.780813 0.299065 0.023164 0.033879
7 0.852710 0.376752 0.033217 0.036215
7 0.932692 0.334404 0.021853 0.033294
7 0.929633 0.385806 0.013112 0.015771
7 0.975306 0.363902 0.014423 0.021028
7 0.968750 0.334112 0.016171 0.023364
7 0.991696 0.344626 0.016608 0.023364
