7 0.019062 0.577500 0.016875 0.026667
7 0.048438 0.588750 0.008125 0.012500
7 0.060312 0.590833 0.009375 0.015000
7 0.085625 0.582083 0.015000 0.024167
7 0.098750 0.590833 0.010000 0.016667
7 0.118438 0.588750 0.014375 0.020833
7 0.143437 0.590833 0.041875 0.061667
7 0.179688 0.580833 0.029375 0.043333
7 0.201875 0.567083 0.013750 0.022500
7 0.242188 0.572500 0.043125 0.066667
7 0.250625 0.556667 0.032500 0.053333
7 0.295625 0.576250 0.021250 0.042500
7 0.339687 0.568750 0.018125 0.034167
7 0.364687 0.564583 0.020625 0.030833
7 0.375625 0.578750 0.038750 0.070833
7 0.432188 0.563333 0.039375 0.055000
7 0.553125 0.587083 0.018750 0.034167
7 0.499688 0.574583 0.009375 0.012500
7 0.577187 0.580417 0.016875 0.025833
7 0.604375 0.579583 0.010000 0.014167
7 0.627812 0.582917 0.008125 0.014167
7 0.649062 0.593750 0.015625 0.025833
7 0.667813 0.575000 0.010625 0.015000
7 0.656250 0.576667 0.008750 0.013333
7 0.718750 0.564583 0.023750 0.039167
7 0.742188 0.557083 0.030625 0.052500
7 0.786250 0.592500 0.021250 0.030000
7 0.838750 0.577917 0.022500 0.032500
7 0.890938 0.595833 0.008125 0.011667
7 0.899062 0.582917 0.010625 0.017500
7 0.931562 0.599167 0.010625 0.015000
7 0.946875 0.582083 0.011250 0.015833
7 0.943438 0.689167 0.015625 0.020000
7 0.957187 0.576667 0.010625 0.015000
7 0.981875 0.587083 0.012500 0.015833
