7 0.046627 0.568824 0.037698 0.032490
7 0.226190 0.578869 0.036376 0.035714
7 0.218419 0.559896 0.020172 0.018105
7 0.270503 0.553075 0.023810 0.022817
7 0.287864 0.549355 0.016204 0.013889
7 0.304729 0.538814 0.008267 0.006696
7 0.323743 0.546503 0.006614 0.006200
7 0.322917 0.541047 0.004960 0.004712
7 0.336310 0.538566 0.005291 0.004712
7 0.365079 0.539435 0.009259 0.008433
7 0.195602 0.542287 0.005622 0.005208
7 0.343089 0.558904 0.036706 0.031498
7 0.390377 0.556796 0.029431 0.029762
7 0.419147 0.550843 0.010251 0.006448
7 0.453042 0.557788 0.017857 0.011905
7 0.463128 0.546751 0.015542 0.010665
7 0.482804 0.564608 0.016534 0.013145
7 0.820106 0.549107 0.025132 0.025298
