7 0.065745 0.387201 0.042213 0.069813
7 0.141921 0.370718 0.039301 0.066580
7 0.179039 0.356496 0.006793 0.009696
7 0.204755 0.354557 0.007763 0.009696
7 0.240902 0.347447 0.061621 0.087266
7 0.280204 0.344215 0.064532 0.098901
7 0.321689 0.330963 0.044639 0.074984
7 0.398108 0.345831 0.049976 0.085326
7 0.488598 0.402715 0.064047 0.090498
7 0.484474 0.353911 0.048035 0.078216
7 0.525473 0.426632 0.052402 0.078862
7 0.549976 0.355527 0.043183 0.060763
7 0.578845 0.369425 0.045609 0.075630
7 0.675158 0.382353 0.025716 0.039431
7 0.691169 0.337750 0.064532 0.105365
