7 0.055469 0.568233 0.042188 0.067114
7 0.119531 0.678971 0.060937 0.087248
7 0.257031 0.602908 0.039062 0.069351
7 0.431250 0.554810 0.025000 0.040268
7 0.522656 0.585011 0.029687 0.046980
7 0.579688 0.578300 0.031250 0.055928
7 0.592187 0.611857 0.046875 0.069351
7 0.703906 0.571588 0.023438 0.042506
7 0.693750 0.552573 0.018750 0.031320
7 0.746875 0.542506 0.012500 0.020134
7 0.770312 0.521253 0.015625 0.026846
7 0.817969 0.535794 0.017188 0.029083
7 0.828125 0.527964 0.021875 0.035794
7 0.884375 0.557047 0.028125 0.044743
7 0.885938 0.506711 0.021875 0.038031
7 0.932031 0.535794 0.014063 0.024609
7 0.979688 0.529083 0.009375 0.015660
7 0.991406 0.545861 0.010937 0.017897
7 0.960938 0.531320 0.012500 0.020134
7 0.228125 0.570470 0.009375 0.013423
7 0.215625 0.570470 0.006250 0.008949
7 0.205469 0.572707 0.007812 0.013423
7 0.282813 0.600671 0.021875 0.064877
7 0.302344 0.591723 0.017188 0.073826
7 0.316406 0.591723 0.017188 0.069351
7 0.338281 0.561521 0.007812 0.013423
