7 0.045898 0.281845 0.029297 0.033675
7 0.114746 0.300878 0.047852 0.065886
7 0.147461 0.266471 0.039062 0.052709
7 0.240723 0.310395 0.030273 0.049780
7 0.312012 0.301611 0.040039 0.073206
7 0.406250 0.413616 0.050781 0.086384
7 0.395020 0.256955 0.053711 0.086384
7 0.411133 0.316252 0.048828 0.070278
7 0.513184 0.248902 0.036133 0.052709
7 0.543457 0.327233 0.034180 0.065886
7 0.645020 0.284041 0.040039 0.064422
7 0.632812 0.472914 0.050781 0.096633
7 0.767578 0.313324 0.033203 0.055637
7 0.745605 0.650805 0.059570 0.095168
7 0.803223 0.275256 0.075195 0.090776
7 0.976562 0.286969 0.042969 0.055637
7 0.976074 0.289898 0.040039 0.061493
7 0.185059 0.270132 0.026367 0.042460
7 0.583984 0.301611 0.023438 0.035139
7 0.286133 0.299414 0.023438 0.042460
7 0.430664 0.261347 0.033203 0.060029
7 0.454590 0.252562 0.028320 0.045388
7 0.081055 0.315520 0.033203 0.054173
7 0.217773 0.311859 0.021484 0.032211
7 0.299805 0.265739 0.025391 0.039531
