7 0.062500 0.178152 0.072266 0.136364
7 0.146484 0.146628 0.060547 0.129032
7 0.246094 0.217742 0.056641 0.118768
7 0.320801 0.188416 0.057617 0.115836
7 0.392090 0.175220 0.055664 0.104106
7 0.449707 0.535924 0.053711 0.112903
7 0.508301 0.221408 0.049805 0.102639
7 0.594727 0.472141 0.048828 0.090909
7 0.604004 0.214809 0.051758 0.107038
7 0.718750 0.177419 0.050781 0.108504
7 0.717285 0.445015 0.051758 0.104106
7 0.806641 0.467009 0.052734 0.098240
7 0.837402 0.197214 0.043945 0.092375
7 0.934082 0.226540 0.053711 0.098240
7 0.921387 0.466276 0.053711 0.102639
