7 0.823661 0.628803 0.051091 0.089616
7 0.935020 0.719577 0.028274 0.044974
7 0.992684 0.735615 0.023562 0.043320
7 0.917287 0.724041 0.024554 0.038690
7 0.733631 0.730820 0.027282 0.039683
7 0.688244 0.714286 0.018353 0.032407
7 0.650546 0.665675 0.049107 0.078042
7 0.620040 0.629464 0.034226 0.052579
7 0.584449 0.639220 0.031498 0.051587
7 0.475074 0.649471 0.026042 0.038360
7 0.495908 0.654101 0.020585 0.037037
7 0.560888 0.662202 0.021081 0.033399
7 0.509673 0.651124 0.012897 0.018519
7 0.337798 0.638724 0.027778 0.036706
7 0.282490 0.642030 0.024802 0.041336
7 0.233011 0.658069 0.029018 0.049603
7 0.323413 0.737103 0.031250 0.048942
7 0.262029 0.735119 0.024554 0.037037
7 0.159474 0.657738 0.021825 0.032407
7 0.169891 0.655258 0.017361 0.032738
7 0.062500 0.647817 0.039187 0.051587
7 0.395213 0.701554 0.036954 0.054563
7 0.812252 0.659061 0.049107 0.085317
