7 0.038086 0.597770 0.021484 0.042882
7 0.229004 0.156947 0.020508 0.046312
7 0.283691 0.180103 0.020508 0.037736
7 0.322266 0.188679 0.021484 0.037736
7 0.347656 0.254717 0.019531 0.032590
7 0.354492 0.279588 0.023438 0.044597
7 0.402832 0.308748 0.022461 0.041166
7 0.319336 0.258148 0.025391 0.049743
7 0.393555 0.433962 0.023438 0.041166
7 0.394043 0.566895 0.032227 0.053173
7 0.182129 0.585763 0.061523 0.114923
7 0.388672 0.624357 0.037109 0.072041
7 0.425781 0.544597 0.062500 0.108062
7 0.562988 0.580617 0.038086 0.077187
7 0.596191 0.602058 0.051758 0.102916
7 0.702637 0.596055 0.041992 0.094340
7 0.703125 0.596055 0.048828 0.097770
7 0.792480 0.680103 0.081055 0.152659
7 0.917969 0.578045 0.111328 0.240137
