7 0.142857 0.222500 0.034694 0.090000
7 0.243367 0.043750 0.023469 0.082500
7 0.224490 0.301250 0.034694 0.102500
7 0.314286 0.198750 0.034694 0.097500
7 0.230102 0.227500 0.025510 0.070000
7 0.180102 0.208750 0.021429 0.077500
7 0.161224 0.240000 0.026531 0.075000
7 0.362245 0.205000 0.028571 0.095000
7 0.428061 0.215000 0.025510 0.095000
7 0.399490 0.211250 0.023469 0.077500
7 0.476020 0.272500 0.027551 0.100000
7 0.526020 0.222500 0.019388 0.055000
7 0.597959 0.212500 0.020408 0.060000
7 0.641327 0.218750 0.021429 0.052500
7 0.931633 0.377500 0.018367 0.070000
7 0.961735 0.466250 0.019388 0.072500
7 0.963776 0.283750 0.019388 0.062500
7 0.220408 0.232500 0.024490 0.070000
7 0.492347 0.292500 0.017347 0.050000
