7 0.012500 0.627182 0.008333 0.017456
7 0.071667 0.612219 0.015000 0.024938
7 0.056250 0.619077 0.010833 0.016209
7 0.121250 0.632170 0.012500 0.019950
7 0.152917 0.639651 0.010833 0.019950
7 0.130833 0.625312 0.011667 0.018703
7 0.167500 0.625935 0.010000 0.017456
7 0.200833 0.627805 0.013333 0.018703
7 0.218333 0.627182 0.013333 0.022444
7 0.240000 0.634663 0.008333 0.014963
7 0.300417 0.628429 0.010833 0.014963
7 0.320000 0.640274 0.011667 0.016209
7 0.317500 0.627805 0.010000 0.016209
7 0.363333 0.636534 0.010000 0.013716
7 0.349167 0.642768 0.008333 0.013716
7 0.390417 0.620324 0.007500 0.013716
7 0.412917 0.629052 0.007500 0.013716
7 0.456250 0.640898 0.009167 0.012469
7 0.466250 0.634663 0.007500 0.014963
7 0.482917 0.637781 0.007500 0.013716
7 0.488333 0.642145 0.010000 0.017456
7 0.518750 0.639027 0.009167 0.013716
7 0.596250 0.644638 0.009167 0.014963
7 0.656667 0.635287 0.008333 0.013716
7 0.769167 0.643392 0.006667 0.009975
7 0.920000 0.635287 0.005000 0.008728
7 0.966667 0.636534 0.006667 0.008728
7 0.987083 0.640274 0.005833 0.008728
