7 0.301829 0.155500 0.006098 0.005000
7 0.303354 0.166500 0.009146 0.007000
7 0.383384 0.196500 0.010671 0.007000
7 0.436738 0.185500 0.010671 0.007000
7 0.335366 0.225500 0.009146 0.007000
7 0.514482 0.184500 0.007622 0.005000
7 0.566311 0.190500 0.010671 0.007000
7 0.576220 0.207000 0.009146 0.006000
7 0.650915 0.193000 0.009146 0.006000
7 0.668445 0.219000 0.013720 0.010000
7 0.688262 0.225500 0.010671 0.009000
7 0.709604 0.229000 0.010671 0.008000
7 0.709604 0.241500 0.010671 0.007000
7 0.745427 0.284000 0.015244 0.008000
7 0.701982 0.276500 0.010671 0.009000
7 0.695884 0.278000 0.010671 0.006000
7 0.579268 0.260000 0.012195 0.008000
7 0.575457 0.256500 0.010671 0.007000
7 0.549543 0.262000 0.010671 0.008000
7 0.557165 0.266500 0.010671 0.007000
7 0.563262 0.274000 0.010671 0.008000
7 0.520579 0.303000 0.010671 0.006000
7 0.449695 0.261500 0.009146 0.007000
7 0.450457 0.264500 0.010671 0.007000
7 0.426829 0.258000 0.009146 0.006000
7 0.407774 0.259500 0.007622 0.007000
7 0.431402 0.271500 0.009146 0.007000
7 0.410061 0.273000 0.009146 0.006000
7 0.389482 0.281500 0.022866 0.021000
7 0.366616 0.273500 0.007622 0.005000
7 0.378049 0.274500 0.009146 0.005000
7 0.182165 0.301000 0.013720 0.008000
7 0.194360 0.308000 0.010671 0.008000
7 0.166159 0.311500 0.015244 0.011000
7 0.163110 0.322000 0.012195 0.008000
7 0.208079 0.319000 0.013720 0.010000
7 0.112805 0.373000 0.018293 0.014000
7 0.052591 0.423000 0.016768 0.012000
7 0.091463 0.410000 0.015244 0.012000
7 0.115854 0.421500 0.015244 0.011000
7 0.174543 0.416500 0.016768 0.011000
7 0.173018 0.423500 0.013720 0.011000
7 0.092988 0.490500 0.015244 0.011000
7 0.267530 0.425000 0.013720 0.010000
7 0.283537 0.422000 0.012195 0.010000
7 0.301829 0.412500 0.018293 0.013000
7 0.320122 0.434000 0.030488 0.048000
7 0.352134 0.388500 0.012195 0.011000
7 0.448171 0.410500 0.015244 0.009000
7 0.522866 0.413500 0.012195 0.009000
7 0.538110 0.414500 0.027439 0.025000
7 0.537348 0.369000 0.013720 0.012000
7 0.560976 0.369500 0.012195 0.009000
7 0.627287 0.335000 0.016768 0.010000
7 0.643293 0.355000 0.015244 0.010000
7 0.718750 0.345000 0.010671 0.008000
7 0.769055 0.337000 0.013720 0.010000
7 0.758384 0.351500 0.013720 0.009000
7 0.724848 0.354000 0.013720 0.010000
7 0.676067 0.392500 0.010671 0.007000
7 0.836890 0.477000 0.015244 0.012000
7 0.832317 0.485500 0.012195 0.009000
7 0.834604 0.503000 0.016768 0.012000
7 0.848323 0.502000 0.016768 0.012000
7 0.834604 0.503500 0.016768 0.013000
7 0.792683 0.498500 0.018293 0.013000
7 0.745427 0.489500 0.015244 0.011000
7 0.691311 0.497500 0.013720 0.011000
7 0.689787 0.549500 0.016768 0.013000
7 0.662348 0.564000 0.019817 0.014000
7 0.636433 0.540500 0.016768 0.011000
7 0.624238 0.546500 0.016768 0.013000
7 0.626524 0.583000 0.018293 0.014000
7 0.570122 0.498000 0.015244 0.014000
7 0.560213 0.516500 0.013720 0.009000
7 0.586128 0.526000 0.016768 0.010000
7 0.509909 0.511000 0.013720 0.010000
7 0.524390 0.565000 0.012195 0.008000
7 0.537348 0.595500 0.019817 0.013000
7 0.530488 0.627500 0.024390 0.015000
7 0.489329 0.584500 0.018293 0.013000
7 0.482470 0.548000 0.016768 0.012000
7 0.473323 0.574500 0.016768 0.015000
7 0.412348 0.620000 0.025915 0.016000
7 0.385671 0.550500 0.018293 0.013000
7 0.347561 0.547500 0.015244 0.011000
7 0.354421 0.668000 0.022866 0.014000
7 0.331555 0.664500 0.013720 0.011000
7 0.286585 0.658000 0.021341 0.014000
7 0.217988 0.643000 0.021341 0.014000
7 0.189024 0.659000 0.021341 0.014000
7 0.118140 0.656500 0.016768 0.013000
7 0.025152 0.643500 0.016768 0.013000
7 0.010671 0.756000 0.024390 0.018000
7 0.231707 0.750000 0.021341 0.016000
7 0.288872 0.740000 0.019817 0.016000
7 0.297256 0.771000 0.021341 0.016000
7 0.458079 0.859500 0.028963 0.019000
7 0.546494 0.850500 0.019817 0.013000
7 0.544207 0.911500 0.021341 0.017000
7 0.937500 0.742500 0.021341 0.017000
7 0.955793 0.680000 0.021341 0.016000
7 0.887957 0.655500 0.016768 0.013000
7 0.881098 0.641500 0.018293 0.015000
7 0.996951 0.661000 0.018293 0.014000
7 0.883384 0.597500 0.019817 0.015000
7 0.985518 0.594500 0.019817 0.015000
7 0.968750 0.595000 0.019817 0.016000
7 0.967226 0.618000 0.016768 0.010000
7 0.435976 0.053000 0.009146 0.022000
7 0.401677 0.051500 0.010671 0.019000
