7 0.014687 0.264761 0.009375 0.017807
7 0.041563 0.277882 0.009375 0.019681
7 0.088750 0.291471 0.008750 0.014995
7 0.152188 0.289128 0.009375 0.014058
7 0.174687 0.298500 0.009375 0.017807
7 0.979688 0.441425 0.011875 0.018744
7 0.985000 0.380975 0.011250 0.017807
7 0.939063 0.368791 0.009375 0.017807
7 0.918438 0.375351 0.008125 0.019681
7 0.915000 0.418463 0.011250 0.021556
7 0.991563 0.337863 0.009375 0.017807
7 0.975000 0.333646 0.010000 0.018744
7 0.914687 0.334114 0.008125 0.017807
7 0.935937 0.319588 0.008125 0.013121
7 0.944688 0.335989 0.008125 0.015933
7 0.978437 0.309747 0.008125 0.014058
7 0.950937 0.283505 0.009375 0.015933
7 0.950000 0.546860 0.011250 0.019681
7 0.980938 0.577788 0.011875 0.025305
7 0.953125 0.517338 0.011250 0.018744
7 0.987187 0.468604 0.014375 0.024367
7 0.765312 0.340675 0.008125 0.014058
7 0.772188 0.371603 0.009375 0.015933
7 0.764062 0.388004 0.009375 0.016870
7 0.748750 0.351453 0.008750 0.014995
7 0.744062 0.366448 0.010625 0.018744
7 0.745625 0.408622 0.026250 0.065604
7 0.729375 0.391284 0.007500 0.014058
7 0.709688 0.400656 0.009375 0.019681
7 0.721250 0.353796 0.008750 0.015933
7 0.711875 0.372071 0.008750 0.016870
7 0.719688 0.335520 0.009375 0.014995
7 0.699688 0.354733 0.009375 0.015933
7 0.740000 0.420337 0.010000 0.014058
7 0.770000 0.438144 0.010000 0.019681
7 0.765000 0.463918 0.011250 0.020619
7 0.782188 0.483599 0.010625 0.020619
7 0.784062 0.465323 0.009375 0.019681
7 0.780937 0.535145 0.011875 0.024367
7 0.802188 0.559513 0.011875 0.022493
7 0.805000 0.611059 0.013750 0.022493
7 0.761875 0.509841 0.008750 0.014995
7 0.771875 0.506560 0.011250 0.021556
7 0.734062 0.509841 0.011875 0.020619
7 0.758125 0.529522 0.011250 0.020619
7 0.699688 0.497188 0.011875 0.021556
7 0.721250 0.499531 0.011250 0.022493
7 0.652813 0.496251 0.011875 0.019681
7 0.673750 0.500469 0.012500 0.020619
7 0.640000 0.483130 0.011250 0.017807
7 0.762500 0.607310 0.013750 0.024367
7 0.730938 0.613871 0.013125 0.024367
7 0.690000 0.608247 0.016250 0.028116
7 0.634687 0.549672 0.014375 0.025305
7 0.646563 0.368322 0.008125 0.014995
7 0.675937 0.385192 0.008125 0.014995
7 0.674375 0.433458 0.012500 0.019681
7 0.697500 0.441893 0.008750 0.014058
7 0.666562 0.351453 0.006875 0.014995
7 0.585313 0.560918 0.021875 0.032802
7 0.535000 0.502812 0.013750 0.021556
7 0.584375 0.326617 0.010000 0.015933
7 0.559375 0.335989 0.008750 0.017807
7 0.536563 0.339269 0.009375 0.014995
7 0.517813 0.338800 0.009375 0.014058
7 0.530312 0.425961 0.011875 0.015933
7 0.509687 0.425023 0.008125 0.012184
7 0.484063 0.430647 0.013125 0.019681
7 0.470313 0.425023 0.009375 0.015933
7 0.438437 0.383786 0.010625 0.017807
7 0.474687 0.417526 0.035625 0.094658
7 0.464062 0.291940 0.008125 0.015933
7 0.465625 0.330366 0.007500 0.015933
7 0.448750 0.355201 0.011250 0.022493
7 0.443437 0.305998 0.008125 0.012184
7 0.408750 0.334114 0.010000 0.015933
7 0.427187 0.381912 0.033125 0.085286
7 0.406250 0.381912 0.010000 0.017807
7 0.500000 0.388472 0.008750 0.014058
7 0.504375 0.479850 0.010000 0.016870
7 0.503437 0.461575 0.009375 0.017807
7 0.533750 0.621837 0.013750 0.029053
7 0.512188 0.590909 0.014375 0.023430
7 0.474062 0.574039 0.013125 0.025305
7 0.450000 0.576382 0.013750 0.026242
7 0.440625 0.627460 0.013750 0.027179
7 0.434375 0.604030 0.015000 0.025305
7 0.418438 0.589503 0.011875 0.020619
7 0.405938 0.627460 0.014375 0.027179
7 0.376250 0.649485 0.011250 0.022493
7 0.380937 0.587629 0.014375 0.020619
7 0.360625 0.569822 0.013750 0.024367
7 0.346562 0.344424 0.009375 0.017807
7 0.369063 0.339269 0.008125 0.014995
7 0.379688 0.360825 0.008125 0.016870
7 0.385625 0.386129 0.010000 0.014995
7 0.406875 0.380975 0.010000 0.015933
7 0.357500 0.387535 0.012500 0.019681
7 0.337813 0.425961 0.010625 0.021556
7 0.356875 0.444705 0.015000 0.023430
7 0.411875 0.532802 0.011250 0.021556
7 0.395625 0.503749 0.015000 0.025305
7 0.392500 0.492034 0.010000 0.016870
7 0.364375 0.505155 0.010000 0.018744
7 0.265625 0.367385 0.010000 0.020619
7 0.270625 0.334583 0.008750 0.014995
7 0.258437 0.349578 0.010625 0.018744
7 0.233437 0.334114 0.009375 0.015933
7 0.235313 0.369728 0.010625 0.017807
7 0.228125 0.402999 0.010000 0.020619
7 0.259375 0.428772 0.010000 0.019681
7 0.250625 0.614808 0.012500 0.026242
7 0.253125 0.657919 0.012500 0.022493
7 0.257812 0.592784 0.014375 0.025305
7 0.241563 0.559513 0.014375 0.024367
7 0.243750 0.525305 0.012500 0.029053
7 0.201250 0.332709 0.008750 0.016870
7 0.214375 0.354733 0.010000 0.021556
7 0.220938 0.364105 0.010625 0.019681
7 0.226250 0.443299 0.011250 0.020619
7 0.131250 0.703843 0.017500 0.029991
7 0.626250 0.287723 0.045000 0.058107
7 0.310312 0.285848 0.048125 0.063730
7 0.490938 0.588097 0.025625 0.045923
7 0.189062 0.397376 0.021875 0.041237
7 -0.003750 0.359419 0.008750 0.014058
7 0.010937 0.351921 0.009375 0.019681
7 0.023438 0.361762 0.009375 0.018744
7 0.056563 0.345829 0.010625 0.016870
7 0.084375 0.349110 0.011250 0.017807
7 0.128125 0.332240 0.010000 0.017807
7 0.154062 0.350047 0.008125 0.015933
7 0.181562 0.352390 0.009375 0.018744
7 0.169687 0.404873 0.010625 0.018744
7 0.173437 0.387067 0.010625 0.018744
7 0.182500 0.368791 0.011250 0.019681
7 0.154375 0.364105 0.010000 0.017807
7 0.151250 0.381912 0.011250 0.019681
7 0.124063 0.349578 0.010625 0.018744
7 0.125938 0.368322 0.009375 0.014995
7 0.115625 0.382381 0.011250 0.018744
7 0.135937 0.390815 0.011875 0.018744
7 0.101562 0.364105 0.009375 0.019681
7 0.076563 0.367385 0.009375 0.020619
7 0.086875 0.384724 0.012500 0.017807
7 0.063125 0.393158 0.012500 0.025305
7 0.042188 0.384724 0.010625 0.019681
7 0.030312 0.387067 0.010625 0.020619
7 0.015312 0.383786 0.013125 0.019681
7 0.029687 0.411903 0.010625 0.019681
7 0.014063 0.436739 0.014375 0.024367
7 -0.001250 0.466261 0.012500 0.025305
7 0.011875 0.456420 0.011250 0.020619
7 0.032813 0.463449 0.013125 0.023430
7 0.050313 0.431115 0.011875 0.022493
7 0.055938 0.448922 0.013125 0.022493
7 0.079062 0.473758 0.013125 0.025305
7 0.106250 0.406279 0.012500 0.019681
7 0.082187 0.417526 0.014375 0.025305
7 0.083750 0.402062 0.010000 0.016870
7 0.130000 0.429241 0.013750 0.024367
7 0.129375 0.462512 0.013750 0.023430
7 0.095937 0.454077 0.011875 0.021556
7 0.141875 0.482193 0.011250 0.025305
7 0.135937 0.500469 0.011875 0.022493
7 0.140625 0.515464 0.013750 0.022493
7 0.124688 0.413308 0.010625 0.018744
7 0.072813 0.493440 0.015625 0.025305
7 0.048438 0.503749 0.011875 0.025305
7 0.011250 0.494377 0.015000 0.025305
7 0.011875 0.519213 0.015000 0.028116
7 0.009375 0.556232 0.013750 0.027179
7 0.045312 0.526242 0.015625 0.029053
7 0.043750 0.556701 0.015000 0.024367
7 0.089063 0.509841 0.015625 0.024367
7 0.089375 0.508903 0.015000 0.024367
7 0.087500 0.556701 0.016250 0.029991
7 0.019062 0.636832 0.018125 0.030928
7 0.084687 0.661200 0.016875 0.027179
7 0.130000 0.597938 0.013750 0.026242
7 0.052500 0.368322 0.010000 0.018744
7 0.236250 0.351453 0.010000 0.016870
7 0.385000 0.620900 0.015000 0.027179
7 0.719688 0.526242 0.013125 0.023430
7 0.727812 0.471884 0.010625 0.019681
7 0.743750 0.474227 0.008750 0.014995
7 0.736875 0.488754 0.010000 0.019681
7 0.655937 0.472821 0.009375 0.017807
7 0.723437 0.444236 0.008125 0.013121
7 0.679688 0.381443 0.023125 0.078725
7 0.439063 0.529053 0.011875 0.019681
