7 0.205660 0.593125 0.052830 0.041250
7 0.250943 0.613750 0.056604 0.042500
7 0.288679 0.644375 0.060377 0.051250
7 0.366981 0.630625 0.107547 0.061250
7 0.480189 0.624375 0.069811 0.056250
7 0.651887 0.697500 0.066038 0.042500
7 0.785849 0.540625 0.062264 0.053750
7 0.016981 0.589375 0.018868 0.013750
7 0.033962 0.590000 0.018868 0.015000
7 0.057547 0.594375 0.016981 0.011250
7 0.077358 0.629375 0.022642 0.021250
7 0.258491 0.588125 0.022642 0.016250
7 0.367925 0.630000 0.101887 0.062500
7 0.431132 0.635000 0.050943 0.045000
7 0.501887 0.548750 0.018868 0.015000
7 0.537736 0.601250 0.049057 0.035000
7 0.575472 0.590000 0.049057 0.035000
7 0.655660 0.581250 0.050943 0.035000
7 0.704717 0.588750 0.035849 0.027500
7 0.918868 0.676875 0.049057 0.031250
7 0.904717 0.645625 0.032075 0.026250
7 0.974528 0.664375 0.050943 0.036250
