7 0.007031 0.548958 0.054688 0.081250
7 0.037500 0.460417 0.034375 0.050000
7 0.078125 0.526042 0.031250 0.043750
7 0.118750 0.495833 0.046875 0.062500
7 0.174219 0.534375 0.070312 0.068750
7 0.207031 0.488542 0.035937 0.060417
7 0.196875 0.454167 0.028125 0.045833
7 0.259375 0.436458 0.028125 0.043750
7 0.307031 0.442708 0.032813 0.039583
7 0.375781 0.419792 0.029687 0.043750
7 0.418750 0.416667 0.031250 0.054167
7 0.361719 0.465625 0.042188 0.068750
7 0.425781 0.471875 0.051562 0.077083
7 0.397656 0.653125 0.082812 0.152083
7 0.616406 0.703125 0.085938 0.131250
7 0.552344 0.461458 0.048438 0.056250
7 0.618750 0.472917 0.053125 0.079167
7 0.593750 0.380208 0.025000 0.039583
7 0.646875 0.380208 0.028125 0.039583
7 0.677344 0.409375 0.054688 0.072917
7 0.654687 0.530208 0.090625 0.118750
7 0.750781 0.402083 0.035937 0.054167
7 0.785156 0.420833 0.057813 0.095833
7 0.845313 0.521875 0.106250 0.139583
7 0.799219 0.359375 0.029687 0.047917
7 0.836719 0.362500 0.029687 0.045833
7 0.915625 0.326042 0.031250 0.052083
7 0.950781 0.350000 0.051562 0.079167
7 0.950000 0.390625 0.050000 0.077083
7 0.956250 0.439583 0.075000 0.112500
