7 0.121582 0.458333 0.034180 0.054688
7 0.203125 0.458333 0.031250 0.054688
7 0.274414 0.465495 0.031250 0.050781
7 0.344238 0.449219 0.032227 0.046875
7 0.403320 0.469401 0.031250 0.050781
7 0.460449 0.425130 0.032227 0.055990
7 0.537109 0.459635 0.029297 0.052083
7 0.601562 0.462891 0.031250 0.050781
7 0.660645 0.464193 0.030273 0.048177
7 0.716309 0.455078 0.032227 0.048177
7 0.783203 0.456380 0.033203 0.055990
7 0.945312 0.445964 0.011719 0.019531
7 0.924316 0.443359 0.010742 0.019531
7 0.898926 0.443359 0.012695 0.019531
7 0.878418 0.443359 0.012695 0.019531
7 0.862793 0.445964 0.012695 0.019531
7 0.848633 0.443359 0.011719 0.019531
7 0.643555 0.411458 0.013672 0.020833
7 0.503906 0.404297 0.011719 0.016927
7 0.479492 0.404297 0.013672 0.019531
7 0.485840 0.383464 0.010742 0.016927
7 0.470215 0.382161 0.010742 0.016927
7 0.456543 0.375651 0.012695 0.019531
7 0.434082 0.397135 0.010742 0.015625
7 0.397461 0.399740 0.013672 0.018229
7 0.373535 0.399740 0.008789 0.015625
7 0.381836 0.397786 0.005859 0.009115
7 0.354980 0.385417 0.012695 0.018229
7 0.338867 0.400391 0.011719 0.019531
7 0.358887 0.378255 0.010742 0.016927
7 0.328613 0.389974 0.010742 0.014323
7 0.329590 0.425781 0.026367 0.098958
7 0.304688 0.386068 0.013672 0.019531
7 0.315918 0.376953 0.012695 0.019531
7 0.397461 0.398438 0.011719 0.018229
