7 0.064375 0.485981 0.021250 0.037383
7 0.186250 0.495327 0.017500 0.026168
7 0.242500 0.494393 0.017500 0.028037
7 0.222500 0.526168 0.027500 0.042991
7 0.245625 0.518692 0.021250 0.039252
7 0.043125 0.513084 0.026250 0.039252
7 0.042500 0.511215 0.025000 0.039252
7 -0.007500 0.586916 0.052500 0.093458
7 0.290000 0.530841 0.032500 0.056075
7 0.381875 0.536449 0.021250 0.041121
7 0.410625 0.551402 0.026250 0.052336
7 0.480625 0.514019 0.021250 0.033645
7 0.463125 0.557009 0.031250 0.056075
7 0.491250 0.544860 0.030000 0.050467
7 0.555625 0.546729 0.026250 0.050467
7 0.614375 0.563551 0.031250 0.061682
7 0.716875 0.575701 0.033750 0.056075
7 0.814375 0.603738 0.036250 0.067290
7 0.886250 0.580374 0.037500 0.065421
7 0.992500 0.682243 0.067500 0.127103
7 0.176250 0.590654 0.047500 0.089720
7 0.278125 0.599065 0.056250 0.095327
7 0.355625 0.570093 0.031250 0.059813
7 0.461250 0.606542 0.050000 0.087850
7 0.790625 0.637383 0.056250 0.093458
7 0.260625 0.650467 0.076250 0.119626
7 0.412500 0.715888 0.095000 0.149533
7 0.432500 0.549533 0.037500 0.067290
7 0.110625 0.515888 0.018750 0.037383
7 0.142500 0.519626 0.022500 0.044860
