7 0.590000 0.627778 0.043529 0.062963
7 0.547059 0.645370 0.035294 0.057407
7 0.290000 0.659259 0.008235 0.014815
7 0.268824 0.668519 0.017647 0.022222
7 0.258824 0.654630 0.009412 0.016667
7 0.239412 0.665741 0.010588 0.016667
7 0.228824 0.675000 0.008235 0.012963
7 0.214118 0.691667 0.009412 0.012963
7 0.217059 0.675000 0.010588 0.016667
7 0.201176 0.721296 0.014118 0.072222
7 0.187647 0.741667 0.015294 0.072222
7 0.166471 0.713889 0.005882 0.009259
7 0.177059 0.721296 0.027059 0.120370
7 0.130000 0.700926 0.008235 0.012963
7 0.127647 0.660185 0.008235 0.016667
7 0.145294 0.665741 0.010588 0.012963
7 0.107647 0.674074 0.010588 0.018519
7 0.058824 0.681481 0.011765 0.014815
7 0.025294 0.658333 0.010588 0.016667
7 0.194118 0.659259 0.009412 0.014815
7 0.703529 0.587963 0.032941 0.061111
