7 0.029474 0.217181 0.071579 0.156371
7 0.161579 0.298263 0.064211 0.144788
7 0.401053 0.264479 0.052632 0.131274
7 0.443158 0.295367 0.048421 0.123552
7 0.577368 0.233591 0.055789 0.111969
7 0.637895 0.252896 0.048421 0.096525
7 0.703158 0.295367 0.044211 0.096525
7 0.736316 0.266409 0.041053 0.088803
7 0.784211 0.265444 0.042105 0.083012
7 0.862632 0.254826 0.036842 0.084942
7 0.902632 0.250000 0.032632 0.075290
7 1.001053 0.256757 0.029474 0.065637
7 0.204737 0.219112 0.057895 0.125483
7 0.757368 0.744208 0.053684 0.098456
7 0.992632 0.790541 0.071579 0.129344
