7 0.225586 0.322917 0.007812 0.010417
7 0.243652 0.322266 0.010742 0.016927
7 0.820312 0.417969 0.042969 0.065104
7 0.282227 0.521484 0.046875 0.079427
7 0.347168 0.423828 0.041992 0.066406
7 0.370117 0.540365 0.042969 0.078125
7 0.444336 0.578776 0.044922 0.079427
7 0.445312 0.408203 0.037109 0.061198
7 0.492676 0.520182 0.036133 0.066406
7 0.493164 0.397786 0.035156 0.061198
7 0.505859 0.470052 0.037109 0.059896
7 0.553223 0.442708 0.040039 0.065104
7 0.587891 0.426432 0.039062 0.066406
7 0.549316 0.379557 0.036133 0.055990
7 0.629395 0.412109 0.040039 0.069010
7 0.677734 0.401693 0.039062 0.061198
7 0.729492 0.415365 0.033203 0.057292
7 0.730469 0.413411 0.037109 0.058594
