7 0.155808 0.448174 0.040031 0.062426
7 0.114992 0.537102 0.021193 0.028269
7 0.434066 0.448174 0.032967 0.053004
7 0.302198 0.510601 0.018838 0.034158
7 0.262166 0.525324 0.015699 0.028269
7 0.232732 0.565371 0.013344 0.018846
7 0.220565 0.574794 0.009419 0.016490
7 0.330063 0.519435 0.014914 0.025913
7 0.385008 0.540047 0.014914 0.027091
7 0.634223 0.423439 0.029827 0.048292
7 0.518053 0.515312 0.014129 0.022379
7 0.465856 0.509423 0.021193 0.034158
7 0.578493 0.540047 0.012559 0.020024
7 0.863422 0.424028 0.031397 0.047114
7 0.743721 0.492933 0.021193 0.031802
7 0.695447 0.534158 0.014129 0.022379
7 0.922684 0.512367 0.021193 0.032980
7 0.837520 0.536514 0.017268 0.029446
7 0.774725 0.533569 0.014129 0.025913
7 0.968603 0.552415 0.012559 0.023557
7 0.980769 0.544759 0.010204 0.022379
7 0.813972 0.559482 0.010989 0.021201
7 0.726452 0.569494 0.010204 0.017668
7 0.678571 0.575972 0.008634 0.016490
7 0.558477 0.580094 0.008634 0.012956
7 0.541601 0.590106 0.006279 0.011779
7 0.511774 0.527091 0.010989 0.020024
7 0.493328 0.577150 0.010204 0.018846
