7 1.097222 0.439236 0.064236 0.042824
7 0.992188 0.506462 0.024306 0.024113
7 1.002170 0.462770 0.019965 0.019676
7 0.987558 0.442805 0.020833 0.014082
7 0.971933 0.420910 0.020833 0.020062
7 1.003328 0.411073 0.014757 0.012731
7 0.929977 0.429302 0.020833 0.016397
7 0.870804 0.389371 0.020544 0.014082
7 0.838397 0.392265 0.018229 0.014853
7 0.813947 0.417631 0.017940 0.015818
7 0.851562 0.439236 0.017940 0.015432
7 0.869358 0.441069 0.023438 0.021026
7 0.886863 0.428048 0.020833 0.016590
7 0.922020 0.493924 0.025174 0.021412
7 0.766348 0.417631 0.056424 0.046296
7 0.674190 0.471161 0.048611 0.037616
7 0.631510 0.496817 0.022859 0.018326
7 0.706887 0.472512 0.015625 0.013310
7 0.737703 0.411844 0.019387 0.019290
7 0.737992 0.385417 0.017650 0.016204
7 0.690538 0.386863 0.017072 0.013310
7 0.604456 0.430748 0.017940 0.013503
7 0.673177 0.432774 0.020544 0.017554
7 0.640480 0.435185 0.021701 0.016204
7 0.625868 0.421875 0.013889 0.013889
7 0.631800 0.496335 0.026331 0.019290
7 0.591291 0.481578 0.021701 0.017168
7 0.533565 0.456115 0.017361 0.014468
7 0.512153 0.403164 0.015625 0.012731
7 0.570457 0.413098 0.052951 0.059221
7 0.380208 0.340374 0.092593 0.060764
7 0.339554 0.449074 0.028646 0.024306
7 0.346499 0.417535 0.015914 0.013696
7 0.310619 0.470775 0.018229 0.015239
7 0.142072 0.475694 0.103588 0.062114
7 0.105469 0.437211 0.043113 0.030285
7 0.177083 0.434317 0.015046 0.010224
7 0.148582 0.427373 0.014178 0.010995
7 0.063223 0.450039 0.013600 0.011574
