7 0.972168 0.695964 0.024414 0.037760
7 0.979492 0.664062 0.013672 0.018229
7 0.945801 0.664062 0.010742 0.018229
7 0.926758 0.666667 0.013672 0.020833
7 0.904785 0.680990 0.024414 0.033854
7 0.856934 0.748047 0.041992 0.063802
7 0.850586 0.694661 0.027344 0.042969
7 0.773926 0.690755 0.028320 0.037760
7 0.742676 0.695964 0.024414 0.035156
7 0.713379 0.745443 0.018555 0.024740
7 0.713379 0.660807 0.012695 0.016927
7 0.841309 0.679036 0.024414 0.035156
7 0.694824 0.672526 0.012695 0.016927
7 0.670898 0.684896 0.035156 0.057292
7 0.632324 0.692708 0.020508 0.033854
7 0.602051 0.710286 0.026367 0.040365
7 0.568359 0.715495 0.023438 0.035156
7 0.596680 0.658203 0.009766 0.011719
7 0.578125 0.652995 0.009766 0.014323
7 0.557129 0.662109 0.006836 0.011719
7 0.549805 0.690755 0.021484 0.071615
7 0.534180 0.656250 0.005859 0.010417
7 0.518555 0.685547 0.023438 0.063802
7 0.525391 0.678385 0.019531 0.054688
7 0.416992 0.655599 0.007812 0.011719
7 0.435547 0.653646 0.007812 0.010417
7 0.467285 0.658203 0.004883 0.006510
7 0.498047 0.656250 0.005859 0.007812
7 0.481445 0.671875 0.013672 0.020833
7 0.448730 0.677734 0.010742 0.019531
7 0.515625 0.718750 0.019531 0.026042
7 0.500977 0.712240 0.021484 0.033854
7 0.486328 0.770833 0.066406 0.096354
7 0.383301 0.690755 0.057617 0.089844
7 0.313965 0.663411 0.022461 0.027344
7 0.296387 0.654297 0.006836 0.011719
7 0.281250 0.664714 0.011719 0.016927
7 0.250488 0.669922 0.018555 0.024740
7 0.204102 0.720052 0.060547 0.104167
7 0.166992 0.706380 0.050781 0.095052
7 0.080078 0.734375 0.052734 0.067708
7 0.002930 0.697266 0.033203 0.055990
7 0.090820 0.648438 0.025391 0.036458
