7 0.802604 0.640845 0.053125 0.095775
7 0.578125 0.634507 0.052083 0.094366
7 0.295312 0.659155 0.063542 0.109859
7 0.231771 0.447183 0.057292 0.091549
7 0.335417 0.438028 0.047917 0.095775
7 0.452604 0.438732 0.044792 0.085915
7 0.555208 0.426761 0.043750 0.084507
7 0.659375 0.426761 0.054167 0.095775
7 0.776563 0.432394 0.059375 0.095775
7 0.602083 0.195070 0.056250 0.097183
7 0.509375 0.206338 0.047917 0.085915
7 0.436458 0.207042 0.050000 0.084507
7 0.347396 0.192958 0.051042 0.095775
7 0.825000 0.282394 0.027083 0.038028
7 0.999479 0.153521 0.015625 0.028169
7 0.211458 0.194366 0.016667 0.025352
7 0.553646 0.209859 0.019792 0.022535
7 0.484896 0.180986 0.019792 0.035211
7 0.460938 0.187324 0.028125 0.047887
7 0.375000 0.172535 0.022917 0.043662
7 0.393750 0.188732 0.029167 0.042254
7 0.305208 0.191549 0.025000 0.036620
7 0.319271 0.200000 0.023958 0.042254
7 0.289062 0.161972 0.026042 0.045070
7 0.233333 0.196479 0.025000 0.043662
7 0.247396 0.235211 0.036458 0.050704
7 0.148438 0.208451 0.034375 0.045070
7 0.101562 0.197183 0.036458 0.053521
7 0.066667 0.200704 0.035417 0.054930
7 0.675000 0.168310 0.018750 0.032394
7 0.684375 0.240845 0.025000 0.033803
