7 0.644384 0.379263 0.064575 0.128240
7 0.504093 0.384379 0.068668 0.127558
7 0.399955 0.431787 0.065939 0.129604
7 0.299000 0.383015 0.072306 0.138472
7 0.335152 0.179400 0.054570 0.107776
7 0.436789 0.122783 0.056844 0.105048
7 0.534561 0.083902 0.055935 0.121419
7 0.625966 0.120737 0.057754 0.117326
7 0.731696 0.143588 0.061846 0.118008
7 0.835834 0.442701 0.009095 0.017735
7 0.800819 0.492156 0.007276 0.011596
7 0.816508 0.514666 0.020464 0.033424
7 0.882901 0.381310 0.023192 0.032742
7 0.914279 0.399727 0.015007 0.025921
7 0.982719 0.428377 0.017281 0.038199
7 0.968167 0.399727 0.015462 0.027285
7 0.018645 0.470668 0.010914 0.017735
7 0.114370 0.512960 0.012278 0.015007
7 0.090041 0.479536 0.010005 0.016371
