7 0.794141 0.808333 0.010156 0.016667
7 0.784375 0.797222 0.007812 0.016667
7 0.671875 0.696528 0.006250 0.012500
7 0.800781 0.659028 0.028125 0.034722
7 0.773828 0.777778 0.011719 0.052778
7 0.780859 0.771528 0.017969 0.062500
7 0.786328 0.771528 0.017969 0.062500
7 0.640625 0.659722 0.004687 0.008333
7 0.613672 0.626389 0.005469 0.011111
7 0.545312 0.732639 0.006250 0.012500
7 0.537500 0.734722 0.006250 0.013889
7 0.522656 0.733333 0.006250 0.011111
7 0.307812 0.815972 0.009375 0.015278
7 0.226562 0.765278 0.006250 0.013889
7 0.206250 0.776389 0.007812 0.016667
7 0.192188 0.834722 0.007812 0.013889
7 0.181250 0.820139 0.007812 0.015278
7 0.186719 0.793750 0.006250 0.012500
7 0.174219 0.769444 0.007812 0.016667
7 0.146094 0.804861 0.006250 0.015278
