7 0.063967 0.541667 0.022300 0.037500
7 0.043427 0.556250 0.016432 0.033333
7 0.107981 0.535417 0.011737 0.020833
7 0.197770 0.495833 0.034038 0.066667
7 0.166667 0.551042 0.011737 0.022917
7 0.253521 0.548958 0.009390 0.018750
7 0.280516 0.555208 0.016432 0.031250
7 0.301643 0.554167 0.018779 0.037500
7 0.319836 0.558333 0.008216 0.016667
7 0.340962 0.565625 0.005869 0.010417
7 0.350939 0.567708 0.007042 0.010417
7 0.369718 0.551042 0.009390 0.018750
7 0.396714 0.562500 0.011737 0.025000
7 0.413146 0.555208 0.011737 0.022917
7 0.437793 0.558333 0.007042 0.012500
7 0.464202 0.533333 0.019953 0.041667
7 0.491197 0.562500 0.008216 0.016667
7 0.497653 0.568750 0.007042 0.012500
7 0.511150 0.557292 0.008216 0.014583
7 0.521714 0.567708 0.010563 0.022917
7 0.536385 0.548958 0.011737 0.022917
7 0.555164 0.560417 0.009390 0.016667
7 0.614437 0.563542 0.008216 0.014583
7 0.632629 0.556250 0.016432 0.033333
7 0.660798 0.573958 0.011737 0.022917
7 0.707746 0.573958 0.009390 0.022917
7 0.761150 0.570833 0.022300 0.041667
7 0.825704 0.576042 0.008216 0.018750
7 0.798122 0.581250 0.004695 0.008333
7 0.955399 0.573958 0.016432 0.027083
