7 0.199219 0.528582 0.022396 0.040396
7 0.229167 0.508384 0.025000 0.041159
7 0.276823 0.544970 0.016146 0.028963
7 0.308333 0.520960 0.017708 0.031250
7 0.365104 0.574695 0.010417 0.021341
7 0.396875 0.569741 0.011458 0.017530
7 0.417708 0.548780 0.016667 0.025915
7 0.457813 0.520960 0.022917 0.043445
7 0.492188 0.533537 0.020833 0.036585
7 0.544010 0.538491 0.014063 0.023628
7 0.583594 0.389101 0.045312 0.083079
7 0.661198 0.393674 0.047396 0.078506
7 0.741927 0.582698 0.013021 0.023628
7 0.765885 0.587652 0.011979 0.016768
7 0.800000 0.560595 0.012500 0.020579
7 0.819010 0.599085 0.009896 0.015244
7 0.834375 0.588415 0.008333 0.012195
7 0.849219 0.589939 0.010937 0.016768
7 0.859375 0.596418 0.010417 0.014482
7 0.865625 0.613186 0.012500 0.012957
7 0.884115 0.600991 0.008854 0.014482
7 0.901563 0.570503 0.016667 0.025152
7 0.917708 0.550305 0.019792 0.027439
7 0.943490 0.600229 0.006771 0.011433
7 0.949740 0.623095 0.010937 0.014482
7 0.966146 0.619284 0.011458 0.019055
7 0.982031 0.576601 0.013021 0.022104
7 0.992708 0.572027 0.017708 0.023628
7 0.729948 0.568979 0.010937 0.022104
7 0.746875 0.583079 0.011458 0.022866
