7 0.936887 0.497549 0.055760 0.078431
7 0.812653 0.508170 0.046875 0.071895
7 0.692249 0.508170 0.048100 0.077614
7 0.576746 0.492443 0.045037 0.074755
7 0.460938 0.561887 0.042586 0.064951
7 0.358456 0.566585 0.045343 0.076797
7 0.263634 0.553309 0.049326 0.078023
7 0.077665 0.554534 0.047488 0.072304
7 0.058364 0.362949 0.043199 0.066585
7 0.164675 0.411152 0.040135 0.058415
7 0.242034 0.368260 0.038603 0.060866
7 0.320619 0.395833 0.035233 0.055556
7 0.403186 0.381740 0.036152 0.056781
7 0.498315 0.382353 0.037684 0.062908
7 0.595588 0.371732 0.037990 0.059641
7 0.679075 0.369690 0.037684 0.058824
7 0.763327 0.362337 0.038297 0.058824
7 0.845588 0.387459 0.040441 0.064134
