7 0.028500 0.623000 0.017000 0.038000
7 0.041000 0.632000 0.014000 0.032000
7 0.134500 0.619000 0.015000 0.034000
7 0.169000 0.635000 0.008000 0.018000
7 0.091000 0.622000 0.026000 0.048000
7 0.208500 0.709000 0.027000 0.066000
7 0.252500 0.620000 0.007000 0.016000
7 0.234000 0.638000 0.014000 0.032000
7 0.265000 0.647000 0.024000 0.050000
7 0.302500 0.647000 0.015000 0.030000
7 0.334500 0.649000 0.005000 0.010000
7 0.405000 0.646000 0.008000 0.016000
7 0.376500 0.610000 0.027000 0.064000
7 0.470000 0.637000 0.008000 0.018000
7 0.498500 0.639000 0.009000 0.018000
7 0.527000 0.639000 0.006000 0.014000
7 0.548500 0.647000 0.007000 0.014000
7 0.561000 0.649000 0.004000 0.006000
7 0.585000 0.635000 0.012000 0.026000
7 0.606500 0.636000 0.011000 0.028000
7 0.635000 0.645000 0.014000 0.034000
7 0.693500 0.635000 0.007000 0.014000
7 0.680000 0.635000 0.008000 0.014000
7 0.769500 0.642000 0.011000 0.024000
7 0.837000 0.624000 0.010000 0.020000
7 0.834500 0.652000 0.011000 0.020000
7 0.806000 0.644000 0.014000 0.032000
7 0.791500 0.649000 0.017000 0.042000
7 0.877000 0.634000 0.008000 0.016000
7 0.905000 0.638000 0.010000 0.020000
7 0.937500 0.632000 0.015000 0.028000
7 0.732000 0.644000 0.018000 0.044000
