7 0.139063 0.591004 0.037500 0.052301
7 0.208594 0.581590 0.023438 0.033473
7 0.250000 0.581590 0.028125 0.054393
7 0.284375 0.575314 0.031250 0.041841
7 0.328125 0.578452 0.031250 0.048117
7 0.351562 0.561715 0.021875 0.039749
7 0.377344 0.577406 0.017188 0.033473
7 0.479687 0.556485 0.040625 0.050209
7 0.542969 0.539749 0.029687 0.050209
7 0.612500 0.548117 0.031250 0.046025
7 0.637500 0.521967 0.028125 0.048117
7 0.678125 0.524059 0.031250 0.043933
7 0.677344 0.554393 0.035937 0.046025
7 0.712500 0.571130 0.037500 0.058577
7 0.806250 0.521967 0.034375 0.056485
7 0.830469 0.509414 0.039062 0.060669
7 0.917969 0.526151 0.026562 0.048117
7 0.989844 0.544979 0.014063 0.023013
7 0.953906 0.536611 0.014063 0.018828
7 0.432031 0.542887 0.026562 0.039749
