7 0.104615 0.480608 0.044615 0.082809
7 0.309615 0.484801 0.040769 0.072327
7 0.406538 0.471698 0.028462 0.044025
7 0.504231 0.506813 0.045385 0.072327
7 0.535000 0.466457 0.031538 0.054507
7 0.757308 0.491614 0.031538 0.050314
7 0.960385 0.481656 0.040769 0.053459
7 0.929231 0.347484 0.049231 0.078616
7 0.856923 0.446541 0.010769 0.012579
7 0.868462 0.446541 0.013846 0.018868
7 0.715769 0.414570 0.016154 0.019916
7 0.657692 0.432914 0.012308 0.016771
7 0.598846 0.425052 0.013077 0.017820
7 0.387308 0.360063 0.016154 0.028302
7 0.368462 0.370021 0.016923 0.025157
7 0.325385 0.374738 0.012308 0.019916
7 0.281154 0.356394 0.016154 0.029350
7 0.023077 0.350629 0.018462 0.028302
7 0.001923 0.223270 0.008462 0.012579
