7 0.017333 0.839333 0.005333 0.012000
7 0.031667 0.842667 0.006000 0.013333
7 0.040667 0.852000 0.005333 0.010667
7 0.076667 0.827333 0.010667 0.025333
7 0.089667 0.846667 0.007333 0.016000
7 0.111333 0.846667 0.006667 0.013333
7 0.120000 0.844667 0.008000 0.017333
7 0.139000 0.818000 0.016667 0.038667
7 0.200333 0.856000 0.008667 0.016000
7 0.224333 0.816000 0.016667 0.034667
7 0.250333 0.842000 0.012667 0.028000
7 0.301333 0.836667 0.010667 0.025333
7 0.365000 0.854667 0.010000 0.018667
7 0.422667 0.850667 0.006667 0.010667
7 0.466333 0.850667 0.010000 0.021333
7 0.468000 0.848667 0.008000 0.020000
7 0.493667 0.848667 0.008667 0.020000
7 0.508000 0.848000 0.006667 0.016000
7 0.518667 0.845333 0.008000 0.016000
7 0.528000 0.850000 0.006667 0.014667
7 0.546333 0.852000 0.007333 0.016000
7 0.575000 0.891333 0.008667 0.017333
7 0.577000 0.839333 0.008667 0.017333
7 0.604000 0.846667 0.006667 0.013333
7 0.673000 0.840667 0.007333 0.020000
7 0.928333 0.820000 0.006000 0.013333
