7 0.242958 0.970833 0.016432 0.037500
7 0.326291 1.040625 0.039906 0.210417
7 0.589202 0.929167 0.018779 0.033333
7 0.073944 0.931250 0.016432 0.041667
7 0.099765 0.828125 0.016432 0.035417
7 0.196009 0.850000 0.014085 0.029167
7 0.230047 0.906250 0.016432 0.033333
7 0.315728 0.877083 0.016432 0.025000
7 0.367958 0.877083 0.019953 0.037500
7 0.399648 0.912500 0.015258 0.033333
7 0.428404 0.846875 0.016432 0.031250
7 0.456573 0.865625 0.021127 0.039583
7 0.492958 0.841667 0.014085 0.029167
7 0.463615 0.828125 0.016432 0.031250
7 0.362676 0.843750 0.016432 0.025000
7 0.390258 0.821875 0.015258 0.031250
7 0.427230 0.776042 0.016432 0.031250
7 0.475352 0.765625 0.011737 0.027083
7 0.525235 0.750000 0.012911 0.025000
7 0.380869 0.743750 0.012911 0.025000
7 0.319836 0.803125 0.015258 0.031250
7 0.278169 0.791667 0.014085 0.025000
7 0.245892 0.787500 0.012911 0.025000
7 0.204812 0.783333 0.015258 0.029167
7 0.167254 0.800000 0.015258 0.029167
7 0.163146 0.747917 0.014085 0.029167
7 0.133803 0.708333 0.016432 0.037500
7 0.091549 0.675000 0.011737 0.025000
7 0.170188 0.646875 0.011737 0.022917
7 0.224765 0.640625 0.010563 0.027083
7 0.236502 0.636458 0.008216 0.022917
7 0.294014 0.727083 0.008216 0.020833
7 0.302817 0.685417 0.014085 0.033333
7 0.330986 0.687500 0.011737 0.020833
7 0.387911 0.701042 0.012911 0.022917
7 0.393192 0.681250 0.011737 0.025000
7 0.411972 0.658333 0.009390 0.020833
7 0.459507 0.660417 0.015258 0.025000
7 0.466549 0.629167 0.012911 0.029167
7 0.502347 0.611458 0.011737 0.027083
7 0.485329 0.596875 0.010563 0.022917
7 0.438967 0.614583 0.011737 0.020833
7 0.417840 0.622917 0.014085 0.025000
7 0.389085 0.626042 0.012911 0.022917
7 0.363263 0.644792 0.015258 0.027083
7 0.329225 0.639583 0.012911 0.025000
7 0.309272 0.577083 0.010563 0.020833
7 0.342136 0.597917 0.015258 0.029167
7 0.352113 0.570833 0.011737 0.025000
7 0.506455 0.529167 0.008216 0.016667
7 0.439554 0.496875 0.008216 0.014583
7 0.401408 0.528125 0.011737 0.022917
7 0.373239 0.532292 0.009390 0.018750
7 0.348005 0.512500 0.010563 0.020833
7 0.339202 0.515625 0.011737 0.022917
7 0.476526 0.459375 0.009390 0.018750
7 0.321009 0.454167 0.008216 0.016667
7 0.303404 0.453125 0.008216 0.018750
7 0.286972 0.553125 0.010563 0.022917
7 0.285211 0.533333 0.011737 0.020833
7 0.251174 0.516667 0.009390 0.016667
7 0.183685 0.601042 0.012911 0.022917
7 0.193662 0.593750 0.009390 0.020833
7 0.129108 0.613542 0.009390 0.022917
7 0.094484 0.632292 0.015258 0.027083
7 0.082746 0.593750 0.012911 0.025000
7 0.076291 0.550000 0.011737 0.025000
7 0.042840 0.573958 0.012911 0.027083
7 0.014085 0.580208 0.009390 0.018750
7 0.101526 0.512500 0.010563 0.020833
7 0.113850 0.511458 0.009390 0.018750
7 0.157277 0.520833 0.009390 0.016667
7 0.135563 0.560417 0.010563 0.020833
7 0.225939 0.529167 0.010563 0.020833
7 0.215376 0.485417 0.010563 0.020833
7 0.231221 0.470833 0.009390 0.020833
7 0.178404 0.415625 0.007042 0.014583
7 0.202465 0.411458 0.010563 0.014583
7 0.218310 0.428125 0.009390 0.014583
7 0.217136 0.384375 0.007042 0.014583
7 0.193075 0.367708 0.005869 0.014583
7 0.159038 0.368750 0.008216 0.012500
7 0.171362 0.339583 0.004695 0.012500
7 0.147300 0.343750 0.005869 0.012500
7 0.105047 0.337500 0.005869 0.012500
7 0.130869 0.323958 0.005869 0.010417
7 0.088028 0.306250 0.007042 0.012500
7 0.071596 0.320833 0.007042 0.012500
7 0.056338 0.319792 0.004695 0.010417
7 0.031690 0.323958 0.007042 0.014583
7 0.014671 0.345833 0.010563 0.025000
7 0.019366 0.381250 0.005869 0.012500
7 0.028756 0.282292 0.005869 0.010417
7 0.042840 0.292708 0.005869 0.010417
7 0.044014 0.291667 0.005869 0.012500
7 0.065141 0.266667 0.005869 0.012500
7 0.096244 0.313542 0.014085 0.060417
7 0.270540 0.355208 0.005869 0.010417
7 0.282864 0.355208 0.007042 0.014583
7 0.232394 0.322917 0.007042 0.012500
7 0.219484 0.316667 0.004695 0.008333
7 0.190728 0.302083 0.005869 0.008333
7 0.200704 0.325000 0.016432 0.062500
7 0.327465 0.379167 0.007042 0.012500
7 0.303404 0.338542 0.005869 0.010417
7 0.296948 0.389583 0.007042 0.012500
7 0.344484 0.379167 0.008216 0.016667
7 0.368545 0.417708 0.007042 0.014583
7 0.385563 0.396875 0.005869 0.010417
7 0.412559 0.391667 0.008216 0.012500
7 0.434859 0.398958 0.008216 0.018750
7 0.426056 0.365625 0.007042 0.014583
7 0.471831 0.390625 0.007042 0.014583
7 0.484155 0.387500 0.008216 0.012500
7 0.535798 0.425000 0.008216 0.016667
7 0.555751 0.380208 0.008216 0.018750
7 0.545188 0.373958 0.008216 0.014583
7 0.525822 0.376042 0.007042 0.014583
7 0.600939 0.398958 0.007042 0.010417
7 0.629695 0.396875 0.008216 0.014583
7 0.643192 0.425000 0.009390 0.016667
7 0.571009 0.344792 0.005869 0.010417
7 0.494131 0.329167 0.004695 0.008333
7 0.478873 0.343750 0.007042 0.012500
7 0.464202 0.327083 0.008216 0.012500
7 0.444836 0.329167 0.007042 0.012500
7 0.434859 0.298958 0.005869 0.010417
7 0.580986 0.559375 0.009390 0.022917
7 0.518192 0.365625 0.017606 0.064583
7 0.536972 0.340625 0.005869 0.010417
7 0.730634 0.514583 0.010563 0.020833
7 0.716549 0.470833 0.008216 0.016667
7 0.707160 0.472917 0.008216 0.016667
7 0.695423 0.445833 0.008216 0.016667
7 0.710681 0.444792 0.005869 0.010417
7 0.728286 0.441667 0.008216 0.016667
7 0.801056 0.475000 0.008216 0.016667
7 0.818662 0.473958 0.008216 0.014583
7 0.972418 0.470833 0.010563 0.016667
7 0.956573 0.506250 0.011737 0.020833
7 0.943075 0.512500 0.010563 0.016667
7 0.923709 0.533333 0.009390 0.016667
7 0.899061 0.538542 0.009390 0.018750
7 0.867958 0.496875 0.010563 0.018750
7 0.876174 0.490625 0.008216 0.014583
7 0.868545 0.433333 0.009390 0.016667
7 0.918427 0.441667 0.010563 0.016667
7 0.944836 0.381250 0.007042 0.012500
7 0.933099 0.380208 0.007042 0.014583
7 0.914906 0.346875 0.008216 0.014583
7 0.879108 0.384375 0.009390 0.014583
7 0.890258 0.383333 0.008216 0.016667
7 0.951878 0.321875 0.023474 0.064583
7 0.977700 0.284375 0.007042 0.010417
7 0.922535 0.270833 0.004695 0.008333
7 0.860329 0.308333 0.004695 0.008333
7 0.844484 0.398958 0.008216 0.014583
7 0.819249 0.411458 0.007042 0.014583
7 0.794014 0.407292 0.008216 0.014583
7 0.829225 0.319792 0.005869 0.010417
7 0.782277 0.408333 0.019953 0.083333
7 0.809859 0.341667 0.007042 0.012500
7 0.800469 0.339583 0.007042 0.012500
7 0.782864 0.305208 0.004695 0.010417
7 0.764671 0.381250 0.005869 0.012500
7 0.744718 0.385417 0.005869 0.012500
7 0.704812 0.408333 0.017606 0.083333
7 0.690728 0.378125 0.008216 0.014583
7 0.759977 0.342708 0.008216 0.014583
7 0.749413 0.330208 0.008216 0.014583
7 0.717136 0.327083 0.007042 0.012500
7 0.724765 0.386458 0.005869 0.010417
7 0.698944 0.321875 0.005869 0.010417
7 0.697770 0.348958 0.005869 0.010417
7 0.708920 0.316667 0.007042 0.012500
7 0.680751 0.327083 0.007042 0.012500
7 0.598005 0.297917 0.005869 0.012500
7 0.552230 0.298958 0.005869 0.010417
7 0.566901 0.297917 0.007042 0.012500
7 0.546362 0.288542 0.005869 0.010417
7 0.511150 0.288542 0.005869 0.010417
7 0.306338 0.701042 0.030516 0.118750
7 0.308685 0.406250 0.007042 0.016667
7 0.731808 0.393750 0.008216 0.016667
7 0.390845 0.486458 0.009390 0.018750
