7 0.861500 0.276455 0.015000 0.026455
7 0.799500 0.279101 0.021000 0.031746
7 0.752500 0.269841 0.021000 0.029101
7 0.915500 0.414683 0.047000 0.067460
7 0.949500 0.439815 0.057000 0.075397
7 0.959000 0.534392 0.068000 0.111111
7 0.792500 0.486772 0.061000 0.095238
7 0.746500 0.497354 0.055000 0.074074
7 0.944000 0.474206 0.030000 0.051587
7 0.425000 0.441799 0.058000 0.097884
7 0.369000 0.443122 0.062000 0.095238
7 0.216000 0.486772 0.070000 0.095238
7 0.019000 0.160714 0.122000 0.239418
7 0.231000 0.304894 0.046000 0.062169
7 0.330000 0.283730 0.048000 0.078042
7 0.455500 0.283730 0.019000 0.025132
7 0.479000 0.312831 0.038000 0.062169
7 0.618000 0.275132 0.020000 0.031746
7 0.594500 0.277116 0.017000 0.022487
7 0.561500 0.322751 0.017000 0.023810
7 0.516000 0.376323 0.028000 0.046296
7 0.532500 0.369048 0.033000 0.060847
7 0.862500 0.380291 0.031000 0.048942
