7 0.946354 0.714006 0.014583 0.027387
7 0.907031 0.659233 0.022396 0.033646
7 0.863802 0.671753 0.019271 0.033646
7 0.810417 0.649844 0.014583 0.025822
7 0.742708 0.643192 0.014583 0.023474
7 0.781771 0.652191 0.011458 0.016432
7 0.716406 0.644757 0.014063 0.023474
7 0.694531 0.669014 0.020313 0.035994
7 0.981771 0.646714 0.012500 0.019562
7 0.688542 0.652582 0.013542 0.021909
7 0.655729 0.643975 0.014583 0.029734
7 0.629948 0.649061 0.015104 0.024257
7 0.608854 0.644757 0.013542 0.021909
7 0.568490 0.646322 0.014063 0.018779
7 0.552344 0.638498 0.013021 0.018779
7 0.542448 0.640845 0.011979 0.020344
7 0.490365 0.638498 0.015104 0.021909
7 0.518229 0.730047 0.016667 0.031299
7 0.445573 0.657277 0.020313 0.031299
7 0.411458 0.642410 0.016667 0.029734
7 0.440625 0.730829 0.025000 0.050078
7 0.470052 0.699531 0.024479 0.046948
7 0.382031 0.663146 0.011979 0.021127
7 0.345573 0.636150 0.015104 0.028169
7 0.360938 0.640454 0.014583 0.025822
7 0.331510 0.667449 0.013021 0.021909
7 0.309115 0.662363 0.013021 0.021127
7 0.271875 0.671753 0.018750 0.038341
7 0.268229 0.648670 0.012500 0.021909
7 0.237500 0.651800 0.011458 0.021909
7 0.204167 0.695227 0.015625 0.028951
7 0.200260 0.662363 0.018229 0.033646
7 0.175781 0.654147 0.015104 0.026604
7 0.145573 0.656103 0.011979 0.022692
7 0.108333 0.668232 0.020833 0.035994
7 0.087500 0.653365 0.014583 0.023474
7 0.051302 0.632629 0.008854 0.014867
7 0.040104 0.628326 0.007292 0.012520
7 0.072917 0.631064 0.007292 0.013302
7 0.063802 0.631455 0.004687 0.007825
7 0.013542 0.652973 0.015625 0.030516
7 0.848958 0.640063 0.010417 0.017214
7 0.166667 0.650626 0.011458 0.021127
7 0.132812 0.633020 0.009375 0.014085
7 0.101042 0.652191 0.015625 0.028951
7 0.305469 0.642801 0.010937 0.019562
7 0.475000 0.644757 0.007292 0.017214
7 0.596094 0.653756 0.011979 0.019562
7 0.863281 0.647105 0.014063 0.021909
7 0.831771 0.649452 0.012500 0.021909
7 0.891146 0.661189 0.020833 0.034429
7 0.954427 0.656886 0.011979 0.022692
