7 0.265625 0.159259 0.008333 0.018519
7 0.291146 0.161111 0.011458 0.025926
7 0.192708 0.250926 0.050000 0.109259
7 0.264062 0.275000 0.044792 0.101852
7 0.340625 0.241667 0.043750 0.098148
7 0.401562 0.232407 0.040625 0.090741
7 0.461979 0.208333 0.042708 0.090741
7 0.514583 0.241667 0.043750 0.098148
7 0.599479 0.251852 0.042708 0.088889
7 0.643750 0.287963 0.056250 0.101852
7 0.686458 0.268519 0.056250 0.118519
7 0.813542 0.254630 0.062500 0.146296
7 0.554688 0.253704 0.042708 0.103704
7 0.475000 0.314815 0.043750 0.096296
7 0.391146 0.326852 0.044792 0.087037
