7 0.050000 0.730238 0.035000 0.042660
7 0.276250 0.760979 0.027500 0.043915
7 0.547083 0.763488 0.027500 0.041405
7 0.972917 0.745922 0.034167 0.058971
7 0.771250 0.680678 0.024167 0.041405
7 0.704583 0.708908 0.030833 0.045169
7 0.676250 0.681305 0.029167 0.047679
7 0.301250 0.685696 0.029167 0.038896
7 0.316250 0.678795 0.025833 0.047679
7 0.455417 0.683814 0.030833 0.045169
7 0.545000 0.689460 0.025000 0.041405
7 0.504583 0.619197 0.019167 0.033877
7 0.491250 0.665621 0.022500 0.036386
7 0.152083 0.481807 0.020833 0.035132
7 0.005000 0.487453 0.016667 0.028858
7 0.037917 0.503764 0.019167 0.036386
7 0.349167 0.486198 0.016667 0.031368
7 0.422083 0.452321 0.015833 0.033877
7 0.390000 0.452321 0.018333 0.031368
7 0.731667 0.465496 0.016667 0.032622
7 0.799583 0.465496 0.017500 0.035132
7 0.885000 0.464868 0.020000 0.033877
7 0.938333 0.472396 0.018333 0.033877
7 0.999167 0.491217 0.013333 0.031368
7 0.194583 0.308030 0.012500 0.023839
7 0.275000 0.303639 0.015000 0.025094
7 0.513333 0.278545 0.016667 0.025094
7 0.547917 0.250314 0.012500 0.026349
7 0.586250 0.259097 0.014167 0.026349
7 0.780417 0.329987 0.014167 0.025094
7 0.824167 0.329360 0.013333 0.026349
7 0.948750 0.337516 0.015833 0.030113
7 0.979167 0.335006 0.015000 0.030113
7 0.158333 0.220828 0.013333 0.025094
7 0.201250 0.221455 0.014167 0.018821
7 0.224167 0.220201 0.013333 0.023839
7 0.252083 0.218319 0.010833 0.022585
7 0.665000 0.220828 0.013333 0.027604
7 0.707500 0.213300 0.013333 0.025094
7 0.735833 0.211418 0.013333 0.028858
7 0.797917 0.227729 0.015833 0.031368
7 0.288750 0.211418 0.014167 0.026349
7 0.319583 0.214555 0.010833 0.020075
7 0.366250 0.196361 0.014167 0.026349
7 0.397083 0.191970 0.010833 0.020075
7 0.435417 0.191970 0.014167 0.027604
7 0.467083 0.189460 0.012500 0.022585
7 0.338750 0.195107 0.012500 0.021330
7 0.501667 0.213300 0.011667 0.020075
7 0.490000 0.193225 0.013333 0.025094
7 0.240833 0.178795 0.010000 0.016311
7 0.272917 0.185069 0.012500 0.023839
7 0.308750 0.183814 0.012500 0.026349
7 0.362083 0.166876 0.010833 0.020075
7 0.265000 0.186324 0.035000 0.096612
7 0.295000 0.159975 0.013333 0.023839
7 0.315833 0.143036 0.011667 0.025094
7 0.407500 0.144291 0.013333 0.025094
7 0.177083 0.044542 0.012500 0.023839
7 0.064167 0.170013 0.011667 0.018821
7 0.012917 0.179423 0.010833 0.020075
7 0.049167 0.113551 0.013333 0.023839
7 0.307917 0.121706 0.012500 0.022585
7 0.337917 0.121079 0.009167 0.021330
7 0.372500 0.115433 0.013333 0.020075
7 0.400417 0.112296 0.012500 0.023839
7 0.438333 0.141154 0.013333 0.023839
7 0.473750 0.141782 0.012500 0.022585
7 0.510417 0.173777 0.015833 0.026349
7 0.457917 0.122961 0.014167 0.022585
7 0.337083 0.055207 0.010833 0.020075
7 0.425833 0.116688 0.011667 0.022585
7 0.480417 0.091593 0.012500 0.025094
7 0.443333 0.108532 0.011667 0.021330
7 0.693333 0.188206 0.011667 0.020075
7 0.781667 0.184442 0.011667 0.017566
7 0.833750 0.230238 0.012500 0.021330
7 0.734167 0.168758 0.016667 0.026349
7 0.853333 0.197616 0.013333 0.026349
7 0.882917 0.202635 0.012500 0.023839
7 0.904167 0.218319 0.013333 0.025094
7 0.818333 0.198243 0.011667 0.020075
7 0.572917 0.116688 0.014167 0.027604
7 0.544167 0.107277 0.013333 0.023839
7 0.552083 0.065872 0.014167 0.026349
7 0.453333 0.053325 0.010000 0.018821
7 0.699167 0.065872 0.013333 0.026349
7 0.740417 0.064617 0.014167 0.026349
7 0.722500 0.139272 0.013333 0.022585
7 0.753750 0.142409 0.014167 0.026349
7 0.816250 0.140527 0.014167 0.022585
7 0.865417 0.166876 0.014167 0.025094
7 0.884167 0.139272 0.015000 0.025094
7 0.920000 0.191970 0.013333 0.027604
7 0.970833 0.171895 0.015000 0.022585
7 0.924583 0.116060 0.015833 0.028858
7 0.781250 0.089084 0.012500 0.025094
7 0.860000 0.120452 0.013333 0.027604
7 0.830000 0.119824 0.013333 0.021330
7 0.989167 0.067754 0.013333 0.025094
7 0.969167 0.094730 0.013333 0.031368
7 0.654167 0.042033 0.013333 0.026349
7 0.609167 0.026349 0.013333 0.022585
7 0.527500 0.032622 0.011667 0.017566
7 0.345833 0.038896 0.033333 0.087829
7 0.370833 0.003764 0.010000 0.017566
7 0.469583 0.025094 0.009167 0.017566
7 0.553333 0.030113 0.011667 0.022585
7 0.583750 0.042033 0.009167 0.016311
7 0.375833 0.080928 0.010000 0.018821
7 0.417500 0.053325 0.013333 0.023839
7 0.782500 0.046424 0.010000 0.020075
7 0.808333 0.045797 0.015000 0.026349
7 0.834583 0.048306 0.012500 0.023839
7 0.861250 0.068381 0.010833 0.021330
7 0.869583 0.081556 0.037500 0.122961
7 0.936667 0.166248 0.016667 0.028858
7 0.482500 0.164366 0.013333 0.025094
7 0.534583 0.207026 0.035833 0.090339
7 0.407083 0.143036 0.012500 0.022585
7 0.809167 0.095358 0.013333 0.020075
7 0.850417 0.092221 0.012500 0.026349
7 0.874583 0.094103 0.014167 0.027604
7 0.792083 0.157465 0.047500 0.109159
