7 1.002692 0.700100 0.076154 0.146707
7 0.940769 0.528443 0.047692 0.054890
7 0.875000 0.504990 0.033077 0.047904
7 0.916923 0.498503 0.044615 0.042914
7 0.770769 0.471058 0.047692 0.055888
7 0.673846 0.505988 0.032308 0.045908
7 0.708846 0.485529 0.025385 0.034930
7 0.597308 0.498503 0.031538 0.048902
7 0.592692 0.469062 0.030000 0.043912
7 0.533846 0.516966 0.027692 0.035928
7 0.475000 0.558383 0.051538 0.060878
7 0.515000 0.534431 0.036154 0.056886
7 0.430769 0.514970 0.033846 0.049900
7 0.494615 0.454591 0.020000 0.032934
7 0.418846 0.485529 0.028462 0.040918
7 0.426154 0.449601 0.015385 0.022954
7 0.373846 0.442615 0.015385 0.024950
7 0.338077 0.467565 0.023846 0.036926
7 0.313462 0.463573 0.020769 0.028942
7 0.268462 0.501996 0.036923 0.051896
7 0.235769 0.501996 0.039231 0.047904
7 0.239615 0.459082 0.019231 0.029940
7 0.221923 0.498004 0.019231 0.027944
7 0.120385 0.488024 0.019231 0.027944
7 0.096154 0.456088 0.018462 0.025948
7 0.060769 0.462575 0.016923 0.024950
7 0.100769 0.520958 0.032308 0.043912
7 0.018462 0.561377 0.052308 0.072854
7 0.466538 0.462076 0.014615 0.019960
