7 0.120500 0.353073 0.035000 0.070465
7 0.211500 0.352324 0.029000 0.056972
7 0.275000 0.375562 0.032000 0.052474
7 0.358000 0.365067 0.032000 0.058471
7 0.396000 0.342579 0.028000 0.058471
7 0.479000 0.343328 0.028000 0.062969
7 0.564500 0.374063 0.027000 0.055472
7 0.650500 0.359820 0.029000 0.056972
7 0.720000 0.355322 0.028000 0.062969
7 0.803000 0.371064 0.032000 0.061469
7 0.841000 0.384558 0.034000 0.070465
7 0.919000 0.397301 0.034000 0.062969
7 0.749500 0.400300 0.033000 0.062969
7 0.845500 0.563718 0.039000 0.071964
7 0.757500 0.541979 0.037000 0.070465
7 0.315500 0.529235 0.037000 0.068966
7 0.257000 0.484258 0.034000 0.062969
7 0.196500 0.553223 0.039000 0.071964
7 0.103000 0.511994 0.038000 0.079460
