7 -0.038000 0.459459 0.052000 0.075075
7 0.074000 0.400901 0.052000 0.090090
7 0.153500 0.455706 0.075000 0.136637
7 0.255500 0.406156 0.039000 0.064565
7 0.213500 0.352853 0.021000 0.036036
7 0.279500 0.374625 0.031000 0.061562
7 0.347500 0.418168 0.041000 0.070571
7 0.355500 0.389640 0.031000 0.040541
7 0.354000 0.349850 0.024000 0.042042
7 0.402500 0.334084 0.029000 0.052553
7 0.415500 0.401652 0.043000 0.067568
7 0.377500 0.598348 0.063000 0.082583
7 0.396000 0.487988 0.076000 0.129129
7 0.477500 0.381381 0.039000 0.051051
7 0.524500 0.392643 0.023000 0.037538
7 0.560500 0.367117 0.035000 0.055556
7 0.616000 0.376126 0.034000 0.064565
7 0.679500 0.358859 0.057000 0.108108
7 0.731000 0.349850 0.028000 0.042042
7 0.758000 0.332583 0.032000 0.052553
7 0.881000 0.329580 0.032000 0.052553
7 0.913000 0.326577 0.018000 0.031532
7 0.954000 0.343844 0.032000 0.063063
7 0.832000 0.355856 0.070000 0.117117
7 0.975500 0.374625 0.075000 0.133634
7 0.974500 0.372372 0.071000 0.138138
7 0.637500 0.373123 0.037000 0.064565
