7 0.012056 0.289497 0.027971 0.054688
7 0.061825 0.286314 0.023727 0.048900
7 0.040895 0.179543 0.027392 0.048900
7 0.129726 0.326244 0.025656 0.049479
7 0.148052 0.146846 0.021026 0.040799
7 0.181134 0.248119 0.024691 0.045428
7 0.228299 0.262731 0.022955 0.045139
7 0.271123 0.233796 0.029514 0.042245
7 0.322338 0.149595 0.021605 0.043403
7 0.380305 0.131944 0.023341 0.041088
7 0.322338 0.256655 0.027006 0.045139
7 0.407215 0.186632 0.024691 0.052662
7 0.471644 0.181713 0.023148 0.044560
7 0.421103 0.275029 0.026620 0.059317
7 0.548129 0.185185 0.026813 0.048611
7 0.615934 0.120949 0.019290 0.042245
7 0.659819 0.125289 0.024113 0.042824
7 0.784240 0.119792 0.023727 0.046875
7 0.846933 0.176505 0.027585 0.045718
7 0.866705 0.133536 0.027778 0.049479
7 0.913194 0.130787 0.024691 0.042824
7 0.960552 0.131800 0.023727 0.044271
7 0.821952 0.284433 0.026620 0.046875
7 0.872010 0.228443 0.032600 0.058738
7 0.958237 0.286603 0.032215 0.055845
7 1.001736 0.289207 0.018904 0.045428
7 0.650752 0.372396 0.062693 0.105903
7 0.409915 0.370081 0.041667 0.090856
7 0.438754 0.620226 0.071952 0.128183
7 0.261092 0.479167 0.063850 0.124421
7 0.071759 0.840133 0.107639 0.184317
