7 0.150000 0.059908 0.035000 0.082949
7 0.084375 0.218894 0.051250 0.110599
7 0.150625 0.197005 0.038750 0.080645
7 0.218750 0.241935 0.052500 0.101382
7 0.274375 0.168203 0.031250 0.082949
7 0.403125 0.194700 0.031250 0.076037
7 0.503750 0.169355 0.037500 0.085253
7 0.620625 0.197005 0.043750 0.085253
7 0.611875 0.263825 0.063750 0.145161
7 0.853750 0.254608 0.080000 0.154378
7 0.929375 0.390553 0.106250 0.232719
7 0.805625 0.472350 0.113750 0.225806
7 0.095000 0.351382 0.092500 0.209677
7 0.228125 0.355991 0.106250 0.251152
