7 0.813232 0.630769 0.042480 0.068864
7 0.689697 0.567766 0.033691 0.057143
7 0.619629 0.589011 0.011719 0.020513
7 0.450928 0.579853 0.030762 0.052015
7 0.209229 0.610256 0.008301 0.013187
7 0.193359 0.608425 0.006836 0.010989
7 0.154785 0.611722 0.006836 0.010256
7 0.174316 0.611722 0.006836 0.008791
7 0.132812 0.607326 0.007812 0.014652
7 0.137451 0.606593 0.006348 0.010256
7 0.161865 0.604029 0.005371 0.009524
7 0.174805 0.625275 0.013672 0.072527
7 0.234375 0.639927 0.017578 0.084249
7 0.230957 0.598535 0.004883 0.008791
