7 0.079346 0.729492 0.072754 0.111328
7 0.020508 0.687174 0.039062 0.068359
7 0.111572 0.645833 0.021973 0.029948
7 0.150635 0.694336 0.031738 0.063151
7 0.196289 0.663411 0.025391 0.044271
7 0.261475 0.706380 0.031738 0.058594
7 0.260986 0.625977 0.018066 0.024089
7 0.318115 0.623047 0.024902 0.040365
7 0.358398 0.645508 0.027344 0.035807
7 0.383545 0.639323 0.016113 0.022135
7 0.416504 0.648763 0.026367 0.038411
7 0.451904 0.648438 0.022949 0.037760
7 0.459229 0.661458 0.026855 0.037760
7 0.525635 0.666992 0.020020 0.035807
7 0.528809 0.633138 0.023438 0.031901
7 0.589355 0.648763 0.024414 0.039714
7 0.600830 0.670247 0.031738 0.052734
7 0.651367 0.654622 0.031250 0.055339
7 0.624756 0.613281 0.014160 0.024740
7 0.751709 0.655599 0.029785 0.052083
7 0.803467 0.679036 0.044434 0.062500
7 0.788330 0.653646 0.029785 0.045573
7 0.854248 0.630859 0.031738 0.042969
