7 0.079687 0.426174 0.018750 0.038031
7 0.116406 0.391499 0.032813 0.044743
7 0.165625 0.380313 0.046875 0.080537
7 0.205469 0.432886 0.029687 0.060403
7 0.246094 0.420582 0.045312 0.058166
7 0.292187 0.425056 0.028125 0.049217
7 0.355469 0.388143 0.032813 0.060403
7 0.378125 0.399329 0.043750 0.064877
7 0.401562 0.445190 0.053125 0.067114
7 0.458594 0.414989 0.039062 0.064877
7 0.522656 0.426174 0.042188 0.069351
7 0.601562 0.429530 0.031250 0.049217
7 0.650000 0.360179 0.043750 0.058166
7 0.721875 0.417226 0.043750 0.060403
7 0.772656 0.414989 0.039062 0.064877
7 0.803906 0.417226 0.057813 0.082774
7 0.846875 0.425056 0.031250 0.053691
7 0.962500 0.431767 0.015625 0.022371
