7 0.032227 0.282513 0.009766 0.017104
7 0.071289 0.296963 0.010156 0.019463
7 0.069727 0.310970 0.010937 0.017989
7 0.088379 0.286641 0.009180 0.015925
7 0.113379 0.282660 0.010352 0.022707
7 0.095020 0.368475 0.011523 0.017989
7 0.076855 0.400472 0.009961 0.019463
7 0.044238 0.356679 0.009961 0.016219
7 0.018945 0.360071 0.010937 0.020053
7 0.006348 0.510469 0.012305 0.022412
7 0.050098 0.508257 0.010742 0.020348
7 0.090332 0.511206 0.010352 0.021528
7 0.104102 0.507372 0.009766 0.019758
7 0.147559 0.489679 0.012305 0.022117
7 0.188184 0.509437 0.012305 0.023297
7 0.235156 0.495871 0.012500 0.021528
7 0.256934 0.515187 0.011523 0.023002
7 0.320117 0.528015 0.013672 0.022117
7 0.347852 0.484665 0.012500 0.021528
7 0.387305 0.476113 0.010937 0.020348
7 0.410938 0.512238 0.011719 0.021822
7 0.453125 0.429667 0.026562 0.041286
7 0.345996 0.600265 0.040430 0.052197
7 0.974121 0.635063 0.027148 0.051017
7 0.915039 0.612651 0.027344 0.040991
7 0.889746 0.650103 0.018945 0.030964
7 0.879395 0.640666 0.016211 0.029785
7 0.847754 0.646270 0.022852 0.036272
7 0.841309 0.670894 0.010742 0.020053
7 0.806641 0.607638 0.017188 0.027426
7 0.786816 0.655411 0.015820 0.032144
7 0.773535 0.649956 0.013086 0.026541
7 0.761719 0.633441 0.013672 0.024771
7 0.737305 0.636685 0.015234 0.026541
7 0.711230 0.663816 0.015430 0.030669
7 0.712305 0.655706 0.017578 0.030375
7 0.672949 0.740784 0.013086 0.025361
7 0.634277 0.652462 0.015039 0.029195
7 0.599414 0.657033 0.014844 0.026541
7 0.568359 0.651135 0.015234 0.028900
7 0.517480 0.652168 0.016211 0.027426
7 0.544336 0.640519 0.016016 0.025361
7 0.568066 0.616780 0.013086 0.023887
7 0.556152 0.589649 0.014258 0.022707
7 0.528320 0.552197 0.012109 0.023297
7 0.502441 0.586258 0.013086 0.023002
7 0.503223 0.552344 0.011914 0.023002
7 0.497363 0.654969 0.014648 0.027131
7 0.532129 0.634916 0.011523 0.020643
7 0.549414 0.387791 0.012891 0.024182
7 0.637109 0.337659 0.010937 0.020643
7 0.667285 0.341787 0.012305 0.022412
7 0.557813 0.341935 0.008984 0.012091
7 0.531445 0.336184 0.009375 0.018873
7 0.537793 0.241374 0.009180 0.015630
7 0.509082 0.267473 0.008789 0.015925
7 0.507227 0.251991 0.008594 0.015040
7 0.483203 0.254055 0.008984 0.016219
7 0.452051 0.296225 0.010742 0.017399
7 0.415625 0.298437 0.007812 0.011206
7 0.318945 0.309348 0.009766 0.018873
7 0.285156 0.320112 0.008984 0.017399
7 0.278613 0.303303 0.008789 0.015040
7 0.251465 0.333088 0.007617 0.015630
7 0.280469 0.369950 0.011328 0.017989
7 0.254102 0.377322 0.010547 0.021528
7 -0.007031 0.394279 0.008594 0.013565
7 0.003516 0.699646 0.015625 0.029785
7 0.029980 0.711884 0.016211 0.030080
7 0.074414 0.643468 0.016406 0.028310
7 0.112012 0.714686 0.016602 0.027426
7 0.140137 0.634474 0.015039 0.030964
7 0.191895 0.726777 0.017383 0.028015
7 0.198340 0.600118 0.020508 0.034208
7 0.220801 0.665585 0.013867 0.024771
7 0.250781 0.659835 0.016406 0.032144
7 0.312695 0.696550 0.015625 0.027720
7 0.389160 0.692863 0.017383 0.032144
7 0.412891 0.670451 0.014844 0.028605
7 0.381250 0.672515 0.013672 0.024477
7 0.414160 0.643910 0.015430 0.022117
7 0.444043 0.662047 0.014648 0.030080
7 0.439355 0.641699 0.011523 0.023592
7 0.407715 0.585373 0.012305 0.023002
7 0.312988 0.598054 0.015039 0.027131
7 0.322754 0.564435 0.015039 0.021233
7 0.371094 0.592598 0.014453 0.026246
7 0.359863 0.552492 0.013867 0.023297
7 0.359570 0.569449 0.011328 0.023002
7 0.293262 0.569006 0.015430 0.024477
7 0.306250 0.592598 0.013281 0.025066
7 0.279883 0.620466 0.014844 0.028310
7 0.270215 0.593778 0.015039 0.024477
7 0.228320 0.617370 0.013672 0.022707
7 0.227734 0.538189 0.012109 0.018873
7 0.234570 0.553524 0.011719 0.020053
7 0.227344 0.537305 0.011328 0.016514
7 0.202051 0.578885 0.015039 0.023592
7 0.184277 0.564288 0.013867 0.023297
7 0.198730 0.595400 0.033398 0.172810
7 0.195703 0.539811 0.012500 0.020348
7 0.151074 0.564878 0.011523 0.020348
7 0.149902 0.540254 0.013086 0.021822
7 0.102930 0.559569 0.012500 0.021528
7 0.065332 0.569891 0.011523 0.019168
7 0.067773 0.557063 0.012891 0.023002
7 0.029785 0.612799 0.012695 0.024182
7 -0.003906 0.618991 0.011328 0.018873
7 0.041797 0.657771 0.013672 0.025066
7 0.020801 0.667355 0.013867 0.023592
7 0.032129 0.570186 0.013867 0.020938
7 0.004199 0.569596 0.011133 0.019758
7 0.152832 0.641994 0.013477 0.023592
7 0.198145 0.556031 0.010742 0.018579
