7 0.032258 0.160746 0.022247 0.037300
7 0.090656 0.165187 0.027809 0.049734
7 0.153504 0.190053 0.022247 0.042629
7 0.046719 0.319716 0.042269 0.103020
7 0.078420 0.321492 0.061179 0.110124
7 0.150723 0.328597 0.047831 0.095915
7 0.198554 0.299290 0.054505 0.097691
7 0.272525 0.297513 0.048943 0.097691
7 0.325918 0.295737 0.055617 0.119005
7 0.384872 0.293073 0.048943 0.110124
7 0.448276 0.295737 0.053393 0.111901
7 0.504449 0.261989 0.052280 0.104796
7 0.556730 0.306394 0.054505 0.108348
7 0.621246 0.274423 0.050056 0.108348
7 0.678532 0.318828 0.051168 0.108348
7 0.733037 0.288632 0.046719 0.104796
7 0.790323 0.308171 0.054505 0.119005
7 0.854283 0.313499 0.051168 0.101243
7 0.916018 0.303730 0.054505 0.113677
