7 -0.003682 0.131062 0.031915 0.051963
7 0.100655 0.235566 0.034370 0.062356
7 0.217676 0.101039 0.049100 0.086605
7 0.160802 0.465935 0.053191 0.086605
7 0.258592 0.463048 0.054010 0.087760
7 0.320376 0.239607 0.064648 0.109700
7 0.393208 0.192263 0.048282 0.075058
7 0.459493 0.244226 0.049918 0.098152
7 0.449264 0.387991 0.055646 0.101617
7 0.477905 0.443995 0.055646 0.098152
7 0.673895 0.174942 0.066285 0.118938
7 0.504501 0.133372 0.033552 0.056582
7 0.395663 0.200924 0.048282 0.080831
7 0.548282 0.222286 0.039280 0.063510
7 0.621931 0.176097 0.047463 0.081986
7 0.694763 0.209584 0.049100 0.079677
7 0.894026 0.248845 0.049918 0.070439
7 0.774550 0.164550 0.049918 0.072748
