7 0.953333 0.491818 0.047619 0.147273
7 0.908571 0.424545 0.047619 0.118182
7 0.843333 0.417273 0.039048 0.100000
7 0.865714 0.257273 0.011429 0.027273
7 0.755238 0.270909 0.013333 0.025455
7 0.691905 0.272727 0.010476 0.025455
7 0.766667 0.433636 0.060952 0.165455
7 0.766190 0.412727 0.050476 0.109091
7 0.778095 0.371818 0.053333 0.125455
7 0.702381 0.406364 0.046667 0.118182
7 0.625238 0.466364 0.048571 0.132727
7 0.492381 0.442727 0.043810 0.107273
7 0.386667 0.446364 0.057143 0.132727
7 0.431905 0.406364 0.044762 0.103636
7 0.283810 0.431818 0.057143 0.136364
7 0.291429 0.373636 0.047619 0.125455
7 0.251905 0.412727 0.042857 0.112727
7 0.240476 0.351818 0.044762 0.100000
7 0.031905 0.434545 0.052381 0.112727
7 0.121429 0.475455 0.044762 0.100000
7 0.160952 0.393636 0.045714 0.103636
7 0.104286 0.325455 0.027619 0.061818
7 0.155714 0.301818 0.021905 0.065455
7 0.016667 0.254545 0.018095 0.050909
7 0.375238 0.296364 0.020952 0.047273
7 0.576190 0.510909 0.045714 0.098182
