7 -0.050000 0.616618 0.065333 0.084548
7 0.028667 0.267493 0.038667 0.051020
7 0.108000 0.420554 0.056000 0.059767
7 0.160667 0.177843 0.038667 0.052478
7 0.324000 0.163994 0.034667 0.051020
7 0.317333 0.083819 0.026667 0.045190
7 0.417333 0.088192 0.029333 0.039359
7 0.434667 0.118076 0.037333 0.052478
7 0.492000 0.169825 0.037333 0.051020
7 0.539333 0.126093 0.033333 0.042274
7 0.563333 0.108601 0.030667 0.045190
7 0.665333 0.188776 0.040000 0.053936
7 0.794000 0.100583 0.033333 0.049563
7 0.870667 0.091108 0.032000 0.042274
7 0.628000 0.502915 0.058667 0.090379
7 0.442000 0.779883 0.126667 0.163265
7 0.826667 0.546647 0.056000 0.061224
7 0.863333 0.356414 0.046667 0.062682
7 0.518000 0.363703 0.046667 0.059767
7 0.814667 0.233965 0.032000 0.048105
