7 0.005282 0.532130 0.010563 0.007923
7 0.064554 0.527509 0.009390 0.009243
7 0.109155 0.535871 0.009390 0.007482
7 0.127641 0.534991 0.015845 0.011004
7 0.159624 0.537632 0.014085 0.011004
7 0.147007 0.553697 0.008803 0.007923
7 0.144660 0.533231 0.004108 0.003081
7 0.190434 0.533891 0.006455 0.005282
7 0.213028 0.532350 0.005869 0.004842
7 0.199531 0.536092 0.012911 0.010563
7 0.228286 0.532570 0.012911 0.010563
7 0.222124 0.534331 0.006455 0.005282
7 0.247359 0.534111 0.006455 0.004842
7 0.241197 0.532570 0.004695 0.004401
7 0.327171 0.531250 0.006455 0.005282
7 0.369718 0.528389 0.005869 0.005722
7 0.378228 0.533671 0.006455 0.005722
7 0.328052 0.560079 0.021127 0.018046
7 0.317782 0.563820 0.019366 0.016725
7 0.513498 0.451364 0.144366 0.137764
7 0.749120 0.533891 0.007629 0.007042
7 0.937207 0.537852 0.012911 0.011444
7 0.950117 0.539613 0.010563 0.007923
7 0.982688 0.538732 0.011150 0.012324
7 1.000587 0.538952 0.009390 0.011004
7 0.976232 0.465229 0.008803 0.006162
7 0.940141 0.465889 0.005869 0.005722
7 0.948063 0.433979 0.004108 0.002641
7 0.903169 0.437940 0.005869 0.005282
7 0.855047 0.429357 0.005869 0.004842
7 0.845070 0.429577 0.004695 0.004401
7 0.818075 0.424956 0.005869 0.004842
7 0.796362 0.429577 0.004695 0.003521
7 0.727113 0.443222 0.005869 0.003521
7 0.660211 0.446303 0.005869 0.004401
