7 0.078318 0.306134 0.019290 0.035880
7 0.194830 0.315972 0.019290 0.032407
7 0.290895 0.312500 0.016975 0.027778
7 0.394676 0.401042 0.016204 0.026620
7 0.467978 0.298032 0.013117 0.026620
7 0.493827 0.286458 0.012346 0.021991
7 0.576003 0.307870 0.010031 0.016204
7 0.639275 0.303819 0.005401 0.010417
7 0.639275 0.303241 0.006944 0.009259
7 0.722994 0.306713 0.012346 0.023148
7 0.722994 0.308449 0.012346 0.024306
7 0.658565 0.333333 0.014660 0.027778
7 0.609568 0.326389 0.020062 0.041667
7 0.515046 0.357060 0.023920 0.047454
7 0.439429 0.374421 0.030093 0.049769
7 0.307099 0.370370 0.037037 0.069444
7 0.132330 0.452546 0.047068 0.094907
7 0.800540 0.347222 0.034722 0.053241
7 0.836420 0.317708 0.029321 0.054398
7 0.847994 0.270833 0.021605 0.037037
7 0.625772 0.331019 0.016975 0.030093
