7 0.194167 0.281250 0.068333 0.142500
7 0.255000 0.481250 0.083333 0.167500
7 0.413333 0.443750 0.076667 0.152500
7 0.584167 0.506250 0.081667 0.162500
7 0.727500 0.506250 0.078333 0.152500
7 0.865833 0.287500 0.075000 0.145000
7 0.706667 0.321250 0.060000 0.112500
7 0.102500 0.115000 0.085000 0.140000
7 0.237500 0.172500 0.048333 0.105000
7 0.343333 0.208750 0.053333 0.102500
7 0.437500 0.227500 0.051667 0.100000
7 0.521667 0.240000 0.053333 0.105000
7 0.609167 0.200000 0.055000 0.100000
7 0.692500 0.198750 0.058333 0.097500
7 0.788333 0.212500 0.060000 0.115000
