7 0.885000 0.332984 0.063846 0.104712
7 0.593846 0.285864 0.044615 0.058639
7 0.338846 0.165445 0.079231 0.142408
7 0.105385 0.218848 0.036923 0.064921
7 0.174615 0.273298 0.015385 0.023037
7 0.401538 0.258639 0.015385 0.023037
7 0.459615 0.297382 0.006923 0.014660
7 0.528462 0.269634 0.015385 0.026178
7 0.540769 0.257068 0.015385 0.024084
7 0.617692 0.283770 0.012308 0.023037
7 0.641923 0.260733 0.013077 0.025131
7 0.693462 0.286911 0.011538 0.020942
7 0.663077 0.286911 0.012308 0.018848
7 0.720385 0.279581 0.011538 0.016754
7 0.735385 0.275393 0.013846 0.023037
7 0.754231 0.317277 0.017692 0.025131
7 0.767692 0.341361 0.010769 0.020942
7 0.757692 0.289529 0.015385 0.021990
7 0.787308 0.302094 0.008462 0.013613
7 0.803462 0.294764 0.013077 0.024084
7 0.827308 0.329843 0.013077 0.025131
7 0.707308 0.321466 0.011538 0.020942
7 0.680000 0.254974 0.016923 0.024084
