7 0.011308 0.643172 0.016716 0.023495
7 0.040315 0.653451 0.013766 0.020558
7 0.068338 0.621880 0.014749 0.022026
7 0.086037 0.618209 0.020649 0.029369
7 0.106686 0.627753 0.012783 0.022026
7 0.124877 0.610132 0.015733 0.024963
7 0.150442 0.647577 0.011799 0.020558
7 0.181908 0.640969 0.009833 0.022026
7 0.200098 0.633627 0.010816 0.016153
7 0.202557 0.625551 0.009833 0.017621
7 0.227139 0.624082 0.009833 0.014684
7 0.253687 0.622614 0.009833 0.014684
7 0.280728 0.583700 0.018682 0.030837
7 0.298427 0.607195 0.012783 0.016153
7 0.322517 0.605727 0.011799 0.019090
7 0.351524 0.565345 0.024582 0.041116
7 0.399213 0.608664 0.007866 0.016153
7 0.443461 0.616740 0.007866 0.011747
7 0.501967 0.584435 0.010816 0.017621
7 0.534907 0.548458 0.023599 0.033774
7 0.583088 0.570485 0.011799 0.019090
7 0.596362 0.562408 0.016716 0.023495
7 0.616028 0.572687 0.012783 0.023495
7 0.632743 0.563877 0.012783 0.023495
7 0.652409 0.550661 0.012783 0.023495
7 0.689774 0.560940 0.012783 0.020558
7 0.699115 0.472100 0.031465 0.057269
7 0.784661 0.494860 0.021632 0.032305
7 0.761062 0.474302 0.033432 0.049927
7 0.779744 0.498532 0.019666 0.030837
7 0.781219 0.493392 0.020649 0.032305
7 0.824484 0.550661 0.014749 0.023495
7 0.822517 0.551395 0.014749 0.027900
7 0.834317 0.536711 0.014749 0.022026
7 0.865782 0.542584 0.014749 0.024963
7 0.883481 0.541850 0.012783 0.023495
7 0.893805 0.571953 0.031465 0.142438
7 0.903638 0.520558 0.011799 0.024963
7 0.927237 0.527900 0.019666 0.024963
7 0.950344 0.510279 0.016716 0.027900
7 0.974926 0.519824 0.016716 0.026432
7 0.989184 0.498532 0.015733 0.027900
