7 0.055625 0.303940 0.023750 0.037523
7 0.070625 0.301126 0.013750 0.028143
7 0.168125 0.308630 0.018750 0.028143
7 0.199375 0.307692 0.016250 0.026266
7 0.159375 0.257036 0.016250 0.022514
7 0.215000 0.228893 0.012500 0.018762
7 0.261250 0.232645 0.012500 0.018762
7 0.326250 0.227955 0.012500 0.020638
7 0.350625 0.237336 0.011250 0.016886
7 0.371875 0.233583 0.011250 0.020638
7 0.570000 0.276735 0.015000 0.024390
7 0.368750 0.357411 0.025000 0.046904
7 0.291875 0.400563 0.056250 0.099437
7 0.216875 0.453096 0.118750 0.200750
7 0.821250 0.473734 0.127500 0.185741
7 0.747500 0.458724 0.077500 0.129456
7 0.662500 0.423077 0.055000 0.103189
