7 1.004132 0.436724 0.009298 0.014752
7 0.994835 0.396739 0.012397 0.021739
7 0.971074 0.405668 0.012397 0.020963
7 0.891787 0.444488 0.011880 0.017857
7 0.866477 0.443711 0.009814 0.016304
7 0.866736 0.443323 0.009298 0.017081
7 0.836777 0.480202 0.011364 0.017857
7 0.917097 0.467003 0.021178 0.038043
7 0.890238 0.459627 0.022211 0.034161
7 0.815083 0.477484 0.022727 0.035714
7 0.767304 0.476320 0.019112 0.039596
7 0.761880 0.489130 0.018595 0.029503
7 0.730888 0.484084 0.018595 0.033385
7 0.696539 0.296196 0.094525 0.137422
7 0.495093 0.492236 0.011880 0.018634
7 0.427428 0.488354 0.011880 0.020186
7 0.397986 0.494177 0.011880 0.019410
7 0.396952 0.484860 0.014979 0.017857
7 0.344008 0.470109 0.014463 0.024068
7 0.328512 0.476320 0.016529 0.027174
7 0.328512 0.477096 0.015496 0.028727
7 0.307851 0.490295 0.010331 0.016304
7 0.291322 0.475155 0.013430 0.021739
7 0.268337 0.469332 0.022211 0.033385
7 0.243027 0.497671 0.023244 0.040373
7 0.176136 0.493012 0.013430 0.023292
7 0.139463 0.482919 0.025826 0.046584
7 0.098399 0.500388 0.017045 0.031832
7 0.061209 0.480202 0.024277 0.045807
7 0.027118 0.493012 0.023244 0.046584
7 0.021694 0.488354 0.027893 0.049689
