7 0.184167 0.635177 0.035000 0.044547
7 0.248333 0.647465 0.036667 0.035330
7 0.307500 0.639017 0.031667 0.036866
7 0.314167 0.599078 0.031667 0.036866
7 0.380833 0.620584 0.025000 0.030722
7 0.441667 0.630568 0.033333 0.041475
7 0.546667 0.634409 0.030000 0.033794
7 0.608333 0.619816 0.030000 0.035330
7 0.672500 0.624424 0.028333 0.032258
7 0.715000 0.627496 0.026667 0.035330
7 0.626667 0.599846 0.030000 0.032258
7 0.487500 0.600614 0.028333 0.036866
7 0.544167 0.604455 0.025000 0.029186
7 0.434167 0.598310 0.028333 0.032258
7 0.350000 0.599078 0.030000 0.033794
7 0.396667 0.519969 0.023333 0.023041
7 0.475833 0.525346 0.021667 0.027650
7 0.558333 0.526882 0.026667 0.027650
7 0.606667 0.530722 0.023333 0.026114
