7 0.154785 0.334802 0.086914 0.129222
7 0.292969 0.245962 0.066406 0.095448
7 0.422363 0.259912 0.038086 0.067548
7 0.971191 0.404552 0.131836 0.207048
7 0.071289 0.254038 0.017578 0.026432
7 0.153809 0.256241 0.016602 0.030837
7 0.335938 0.192364 0.013672 0.020558
7 0.426270 0.143172 0.028320 0.042584
7 0.396484 0.159325 0.019531 0.036711
7 0.514648 0.182085 0.005859 0.008811
7 0.541992 0.160059 0.005859 0.011747
7 0.654785 0.140235 0.018555 0.036711
7 0.690430 0.180617 0.007812 0.011747
7 0.739258 0.125551 0.021484 0.042584
7 0.764648 0.177680 0.011719 0.020558
7 0.813965 0.144640 0.022461 0.042584
7 0.860840 0.123348 0.020508 0.035242
7 0.945312 0.317915 0.103516 0.195301
7 0.894043 0.250367 0.040039 0.074890
7 0.896973 0.137298 0.022461 0.042584
7 0.960449 0.140969 0.022461 0.038179
7 0.921387 0.161527 0.018555 0.026432
7 0.976074 0.151248 0.018555 0.032305
