7 0.011111 0.635833 0.008889 0.015000
7 0.019444 0.675833 0.005556 0.008333
7 0.175000 0.670000 0.014444 0.026667
7 0.197222 0.669167 0.014444 0.025000
7 0.203333 0.650833 0.011111 0.015000
7 0.241111 0.655000 0.011111 0.020000
7 0.411667 0.665000 0.007778 0.013333
7 0.428333 0.658333 0.007778 0.013333
7 0.440556 0.659167 0.010000 0.015000
7 0.460000 0.673333 0.013333 0.020000
7 0.477222 0.668333 0.007778 0.013333
7 0.510556 0.673333 0.025556 0.040000
7 0.597222 0.704167 0.025556 0.041667
7 0.568889 0.672500 0.013333 0.021667
7 0.613889 0.665000 0.010000 0.016667
7 0.643333 0.678333 0.008889 0.016667
7 0.668889 0.665833 0.011111 0.018333
7 0.697222 0.675833 0.007778 0.011667
7 0.684444 0.665000 0.006667 0.010000
7 0.712222 0.712500 0.015556 0.055000
7 0.724444 0.674167 0.006667 0.011667
7 0.745556 0.685000 0.011111 0.023333
7 0.778889 0.672500 0.013333 0.021667
7 0.787222 0.685833 0.010000 0.018333
7 0.760000 0.673333 0.006667 0.010000
7 0.867222 0.704167 0.025556 0.048333
7 0.896111 0.685000 0.025556 0.053333
7 0.937222 0.675000 0.007778 0.013333
7 0.946111 0.663333 0.007778 0.013333
7 0.962778 0.680833 0.010000 0.018333
7 0.973889 0.669167 0.007778 0.015000
7 0.643889 0.662500 0.012222 0.018333
