7 0.096354 0.703704 0.030208 0.070370
7 0.192448 0.681944 0.035937 0.073148
7 0.284375 0.700926 0.038542 0.114815
7 0.577344 0.659259 0.044271 0.092593
7 0.928125 0.696296 0.037500 0.079630
7 0.780729 0.734259 0.027083 0.061111
7 0.749219 0.728241 0.023438 0.056481
7 0.678906 0.698611 0.029687 0.067593
7 0.721615 0.764352 0.019271 0.039815
7 0.711198 0.761111 0.020313 0.035185
7 0.468750 0.674074 0.040625 0.088889
7 0.366406 0.721759 0.021354 0.041667
7 0.494792 0.730556 0.038542 0.079630
7 0.899479 0.721759 0.028125 0.054630
7 0.041406 0.792130 0.010937 0.026852
