7 0.420898 0.550735 0.044922 0.063235
7 0.240723 0.492647 0.012695 0.020588
7 0.267578 0.516176 0.015625 0.023529
7 0.277832 0.506618 0.010742 0.016176
7 0.319336 0.508824 0.017578 0.032353
7 0.308594 0.500000 0.017578 0.023529
7 0.302246 0.493382 0.006836 0.010294
7 0.407715 0.492647 0.032227 0.052941
7 0.381836 0.481618 0.021484 0.039706
7 0.357422 0.487500 0.013672 0.025000
7 0.345703 0.493382 0.007812 0.013235
7 0.494141 0.519118 0.019531 0.035294
7 0.461914 0.511029 0.017578 0.027941
7 0.702148 0.561765 0.044922 0.079412
7 0.525879 0.478676 0.020508 0.033824
7 0.591797 0.502206 0.019531 0.033824
7 0.543457 0.483824 0.016602 0.035294
7 0.555176 0.512500 0.018555 0.027941
7 0.608887 0.508088 0.016602 0.036765
7 0.654785 0.519853 0.026367 0.042647
7 0.639648 0.480147 0.025391 0.042647
7 0.665527 0.494853 0.018555 0.030882
7 0.707520 0.506618 0.016602 0.027941
7 0.744629 0.490441 0.024414 0.042647
7 0.887207 0.558088 0.065430 0.101471
7 0.826660 0.552206 0.047852 0.083824
7 0.797363 0.468382 0.020508 0.039706
7 0.811035 0.485294 0.024414 0.041176
7 0.877441 0.472059 0.022461 0.047059
7 0.938965 0.505147 0.020508 0.039706
7 0.983398 0.503676 0.025391 0.042647
7 1.002441 0.530882 0.045898 0.102941
