7 0.047222 0.304861 0.016667 0.023611
7 0.081019 0.297917 0.010185 0.023611
7 0.111574 0.287500 0.010185 0.019444
7 0.186574 0.351389 0.012037 0.022222
7 0.207870 0.354167 0.012037 0.019444
7 0.225463 0.302083 0.013889 0.023611
7 0.277778 0.415972 0.016667 0.031944
7 0.303704 0.316667 0.009259 0.016667
7 0.320833 0.311111 0.010185 0.016667
7 0.320370 0.439583 0.014815 0.029167
7 0.329167 0.445139 0.023148 0.040278
7 0.441204 0.383333 0.010185 0.016667
7 0.444907 0.376389 0.012037 0.022222
7 0.573611 0.576389 0.034259 0.069444
7 0.614352 0.620139 0.034259 0.068056
7 0.731019 0.692361 0.015741 0.023611
7 0.830093 0.690972 0.015741 0.026389
