7 0.012500 0.679167 0.010000 0.015000
7 0.056875 0.717500 0.021250 0.028333
7 0.093125 0.690000 0.011250 0.013333
7 0.097500 0.682500 0.010000 0.015000
7 0.172500 0.696667 0.020000 0.030000
7 0.218125 0.703333 0.016250 0.023333
7 0.336875 0.686667 0.011250 0.020000
7 0.419375 0.687500 0.016250 0.025000
7 0.608125 0.691667 0.018750 0.026667
7 0.608750 0.720000 0.030000 0.040000
7 0.671875 0.693333 0.031250 0.040000
7 0.698750 0.666667 0.025000 0.033333
7 0.856250 0.674167 0.017500 0.031667
7 0.856875 0.657500 0.016250 0.025000
