7 0.197333 0.746472 0.080000 0.075605
7 -0.004667 0.724798 0.044000 0.042339
7 0.336667 0.718750 0.028000 0.018145
7 0.384000 0.746976 0.016000 0.014113
7 0.430000 0.742944 0.012000 0.010081
7 0.440000 0.744960 0.010667 0.008065
7 0.490000 0.750504 0.009333 0.009073
7 0.578667 0.742440 0.008000 0.007056
7 0.556000 0.740423 0.010667 0.007056
7 0.530667 0.741935 0.008000 0.006048
7 0.516667 0.739415 0.006667 0.005040
7 0.478000 0.740927 0.009333 0.006048
7 0.199333 0.691532 0.060000 0.048387
7 0.113333 0.739919 0.010667 0.008065
