7 0.070380 0.167183 0.054404 0.120743
7 0.186960 0.078947 0.047496 0.114551
7 0.288428 0.076625 0.051813 0.125387
7 0.407168 0.120743 0.049223 0.111455
7 0.506477 0.089783 0.052677 0.114551
7 0.597150 0.087461 0.050950 0.116099
7 0.639465 0.140867 0.054404 0.114551
7 0.730138 0.143963 0.052677 0.114551
7 0.782815 0.141641 0.054404 0.122291
7 0.891623 0.138545 0.057858 0.134675
7 0.237910 0.380805 0.061313 0.126935
7 0.389896 0.387771 0.057858 0.122291
7 0.511658 0.347523 0.057858 0.134675
7 0.636874 0.371517 0.056131 0.136223
7 0.731434 0.383127 0.056995 0.137771
