7 0.080469 0.189583 0.031250 0.065278
7 -0.029687 0.507639 0.032813 0.054167
7 0.104297 0.500000 0.036719 0.080556
7 0.050000 0.481944 0.032813 0.075000
7 0.069531 0.409722 0.031250 0.072222
7 0.141016 0.468750 0.028906 0.068056
7 0.208594 0.465972 0.035937 0.076389
7 0.348828 0.470139 0.035156 0.076389
7 0.256250 0.536806 0.026562 0.051389
7 0.037891 0.314583 0.033594 0.076389
7 0.107422 0.359722 0.028906 0.072222
7 0.190234 0.380556 0.027344 0.069444
7 0.282031 0.381250 0.031250 0.068056
7 0.264453 0.418056 0.038281 0.083333
7 0.360938 0.412500 0.029687 0.063889
7 0.326953 0.341667 0.035156 0.075000
7 0.369922 0.220833 0.032031 0.077778
7 0.333203 0.259028 0.027344 0.065278
7 0.090625 0.300694 0.031250 0.059722
7 0.167969 0.238194 0.025000 0.062500
7 0.168359 0.238889 0.027344 0.063889
7 0.238672 0.217361 0.032031 0.070833
7 0.481250 0.363889 0.032813 0.077778
7 0.833594 0.561111 0.031250 0.061111
7 0.674609 0.594444 0.032031 0.077778
7 0.924609 0.537500 0.038281 0.080556
7 0.967187 0.501389 0.032813 0.066667
7 0.713281 0.521528 0.032813 0.076389
7 0.621094 0.565972 0.023438 0.065278
7 0.589844 0.488194 0.031250 0.070833
7 0.680469 0.488194 0.031250 0.081944
7 0.750391 0.522917 0.028906 0.073611
7 0.823047 0.481944 0.032031 0.069444
7 0.911328 0.486806 0.030469 0.079167
7 0.968359 0.504861 0.028906 0.079167
7 0.602344 0.390972 0.032813 0.068056
7 0.643750 0.400000 0.032813 0.072222
7 0.713672 0.406250 0.035156 0.076389
7 0.842187 0.426389 0.037500 0.075000
7 0.969141 0.431944 0.035156 0.072222
7 0.943359 0.350694 0.032031 0.068056
7 0.853516 0.345139 0.030469 0.059722
7 0.743359 0.298611 0.028906 0.061111
7 0.667578 0.313889 0.032031 0.072222
7 0.601172 0.281944 0.030469 0.077778
7 0.829688 0.278472 0.031250 0.068056
7 0.773438 0.246528 0.032813 0.068056
7 0.742578 0.297917 0.030469 0.068056
7 0.632422 0.190972 0.028906 0.062500
7 0.720703 0.184028 0.032031 0.073611
7 0.840234 0.190972 0.028906 0.065278
7 0.917969 0.230556 0.028125 0.066667
7 1.021484 0.234028 0.030469 0.051389
7 0.993750 0.223611 0.025000 0.058333
7 0.900781 0.196528 0.031250 0.070833
