7 0.138333 0.381667 0.040000 0.070000
7 0.296667 0.533889 0.020000 0.030000
7 0.342500 0.397222 0.031667 0.054444
7 0.429583 0.390000 0.039167 0.068889
7 0.537500 0.436667 0.060000 0.073333
7 0.575833 0.398333 0.043333 0.072222
7 0.517083 0.405556 0.034167 0.044444
7 0.640000 0.435000 0.036667 0.067778
7 0.577083 0.372778 0.037500 0.052222
7 0.640833 0.294444 0.040000 0.060000
7 0.714583 0.423889 0.025833 0.038889
7 0.787917 0.416111 0.042500 0.072222
7 0.817083 0.411667 0.034167 0.043333
7 0.843750 0.436111 0.017500 0.032222
7 0.912500 0.465556 0.026667 0.040000
7 0.953750 0.461111 0.054167 0.071111
7 0.981667 0.477778 0.020000 0.033333
