7 0.028799 0.521293 0.014297 0.009498
7 0.015319 0.519914 0.014297 0.011029
7 0.011846 0.510110 0.008170 0.006740
7 0.020221 0.511489 0.007761 0.007047
7 0.068627 0.514246 0.010621 0.008272
7 0.056577 0.510110 0.008578 0.006127
7 0.035539 0.510723 0.008987 0.007966
7 0.089665 0.513634 0.011029 0.008272
7 0.101307 0.508885 0.007353 0.007353
7 0.131944 0.505974 0.008987 0.007659
7 0.128676 0.517923 0.016340 0.011949
7 0.212214 0.513021 0.010212 0.007047
7 0.188725 0.508425 0.010621 0.008272
7 0.199959 0.508578 0.010212 0.009191
7 0.248570 0.512561 0.011029 0.008578
7 0.250408 0.505668 0.008170 0.008272
7 0.243668 0.501838 0.007761 0.006127
7 0.257761 0.505515 0.008987 0.006740
7 0.302288 0.508425 0.006536 0.004596
7 0.307394 0.507047 0.006127 0.004902
7 0.318832 0.509651 0.005310 0.004596
7 0.394404 0.500613 0.006127 0.004902
7 0.420343 0.498621 0.022059 0.021752
7 0.475899 0.498775 0.008987 0.009191
7 0.467116 0.496783 0.009395 0.008272
7 0.534722 0.496324 0.053922 0.055760
7 0.578636 0.501379 0.034722 0.029718
7 0.653799 0.477941 0.031454 0.025735
7 0.719771 0.498468 0.023693 0.019608
7 0.795547 0.471048 0.053513 0.045650
7 0.868668 0.475031 0.029003 0.024816
7 0.898897 0.487286 0.051062 0.041973
7 0.968954 0.490962 0.028595 0.024203
7 0.995507 0.483609 0.013072 0.011336
7 0.506944 0.502604 0.017974 0.015625
7 0.485294 0.496477 0.006536 0.005208
