7 0.118000 0.248126 0.042000 0.079460
7 0.176000 0.354573 0.044000 0.058471
7 0.246500 0.357571 0.037000 0.058471
7 0.335500 0.340330 0.029000 0.053973
7 0.414500 0.329835 0.041000 0.065967
7 0.523500 0.334333 0.031000 0.056972
7 0.607000 0.338081 0.034000 0.064468
7 0.156000 0.584708 0.160000 0.254873
7 0.482500 0.514243 0.081000 0.149925
7 0.586500 0.511244 0.073000 0.137931
7 0.735500 0.406297 0.057000 0.113943
7 0.833000 0.413793 0.070000 0.110945
7 0.805500 0.526237 0.111000 0.197901
7 0.928000 0.389055 0.054000 0.085457
7 0.926500 0.380810 0.053000 0.095952
