7 0.049242 0.850340 0.071212 0.149660
7 0.033333 0.708617 0.045455 0.102041
7 0.083333 0.625850 0.030303 0.058957
7 0.064394 0.612245 0.028788 0.058957
7 0.021970 0.602041 0.022727 0.043084
7 0.006061 0.609977 0.018182 0.036281
7 0.043182 0.578231 0.013636 0.031746
7 0.083333 0.569161 0.015152 0.036281
7 0.121970 0.585034 0.019697 0.045351
7 0.125000 0.666667 0.053030 0.104308
7 0.203030 0.530612 0.024242 0.049887
7 0.238636 0.480726 0.019697 0.036281
7 0.242424 0.515873 0.027273 0.047619
7 0.310606 0.537415 0.033333 0.068027
7 0.350758 0.572562 0.040909 0.065760
7 0.337879 0.459184 0.024242 0.043084
7 0.362121 0.451247 0.024242 0.045351
7 0.325000 0.473923 0.019697 0.036281
7 0.307576 0.434240 0.012121 0.020408
7 0.381818 0.411565 0.012121 0.020408
7 0.420455 0.424036 0.016667 0.031746
7 0.454545 0.420635 0.015152 0.029478
7 0.376515 0.623583 0.062121 0.113379
7 0.496970 0.485261 0.033333 0.068027
7 0.550000 0.551020 0.060606 0.086168
7 0.603030 0.486395 0.027273 0.061224
7 0.491667 0.377551 0.010606 0.020408
7 0.521970 0.388889 0.013636 0.020408
7 0.533333 0.376417 0.015152 0.022676
7 0.565909 0.405896 0.022727 0.036281
7 0.593182 0.384354 0.022727 0.038549
7 0.593939 0.426304 0.021212 0.031746
7 0.602273 0.448980 0.028788 0.040816
7 0.648485 0.429705 0.024242 0.043084
7 0.674242 0.414966 0.030303 0.058957
7 0.615152 0.421769 0.024242 0.040816
7 0.632576 0.394558 0.019697 0.031746
7 0.707576 0.420635 0.039394 0.065760
7 0.756061 0.439909 0.024242 0.049887
7 0.790152 0.437642 0.031818 0.063492
7 0.785606 0.630385 0.059091 0.099773
7 0.875758 0.546485 0.060606 0.099773
7 0.978030 0.464853 0.037879 0.077098
7 0.930303 0.453515 0.024242 0.063492
7 0.862879 0.429705 0.031818 0.056689
7 0.859091 0.349206 0.015152 0.031746
7 0.916667 0.408163 0.027273 0.040816
7 0.754545 0.362812 0.015152 0.027211
