7 0.885333 0.346667 0.037333 0.075556
7 0.868667 0.297778 0.036000 0.075556
7 0.800000 0.257778 0.032000 0.057778
7 0.820667 0.306667 0.036000 0.075556
7 0.769333 0.291111 0.034667 0.066667
7 0.740667 0.334444 0.030667 0.064444
7 0.717333 0.275556 0.029333 0.057778
7 0.676000 0.314444 0.032000 0.060000
7 0.654000 0.264444 0.022667 0.057778
7 0.646667 0.298889 0.029333 0.055556
7 0.616000 0.293333 0.034667 0.066667
7 0.580667 0.297778 0.030667 0.066667
7 0.558667 0.261111 0.029333 0.055556
7 0.550000 0.307778 0.033333 0.068889
7 0.510000 0.302222 0.030667 0.062222
7 0.481333 0.264444 0.029333 0.057778
7 0.466667 0.320000 0.037333 0.075556
7 0.436667 0.287778 0.033333 0.068889
7 0.402667 0.274444 0.029333 0.068889
7 0.379333 0.311111 0.033333 0.066667
7 0.328000 0.283333 0.032000 0.068889
7 0.292667 0.276667 0.030667 0.064444
7 0.306000 0.340000 0.028000 0.062222
7 0.263333 0.277778 0.030667 0.071111
7 0.234667 0.306667 0.034667 0.071111
7 0.190667 0.290000 0.034667 0.064444
7 0.158667 0.287778 0.034667 0.073333
7 0.086000 0.285556 0.041333 0.077778
