7 0.889859 0.362132 0.065257 0.108252
7 0.629596 0.337010 0.053922 0.104575
7 0.731924 0.294935 0.052696 0.075163
7 0.773438 0.276144 0.043199 0.082516
7 0.981158 0.262255 0.042586 0.058824
7 0.989277 0.204861 0.039216 0.068219
7 0.925092 0.161560 0.041360 0.073121
7 0.780637 0.230801 0.039828 0.068627
7 0.792433 0.137868 0.033395 0.047794
7 0.695006 0.199959 0.051777 0.073121
7 0.547028 0.211193 0.048713 0.080065
7 0.751072 0.100286 0.032169 0.039624
7 0.702819 0.159926 0.039828 0.050245
7 0.711244 0.087214 0.023591 0.037990
7 0.672028 0.127451 0.026654 0.044935
7 0.628370 0.146446 0.039828 0.063317
7 0.584406 0.115400 0.035846 0.059232
7 0.707874 0.070261 0.024203 0.038399
7 0.674020 0.097426 0.031250 0.046977
7 0.649816 0.072712 0.018995 0.035131
7 0.631587 0.075980 0.029718 0.042484
7 0.603248 0.056577 0.025735 0.040441
7 0.672794 0.006127 0.014706 0.017974
7 0.616881 0.033497 0.019914 0.032680
7 0.598192 0.027165 0.014400 0.024918
7 0.564645 0.034109 0.017157 0.027369
7 0.539982 0.020629 0.015625 0.025735
7 0.515319 0.036152 0.022059 0.035539
7 0.512255 0.075980 0.029412 0.049020
7 0.496324 0.155433 0.036765 0.048611
7 0.463082 0.243668 0.041973 0.064134
7 0.420650 0.274918 0.063725 0.092320
7 0.384191 0.454044 0.088235 0.119690
7 0.174632 0.476103 0.082721 0.112337
7 0.044424 0.324959 0.061887 0.084559
7 0.177083 0.224060 0.058211 0.078840
7 0.273131 0.245711 0.040135 0.084559
7 0.348346 0.296569 0.055760 0.084150
7 0.339308 0.118056 0.042586 0.071078
7 0.307751 0.121119 0.040748 0.060049
7 0.246324 0.179126 0.041667 0.055964
7 0.265472 0.101716 0.032169 0.055556
7 0.164216 0.097631 0.035539 0.057190
7 0.073223 0.086193 0.031250 0.051471
7 0.095435 0.099060 0.040135 0.073938
7 0.028033 0.198938 0.046875 0.080065
7 0.050551 0.194649 0.049020 0.069036
7 0.226256 0.055760 0.022978 0.040441
7 0.267463 0.060458 0.023284 0.034314
7 0.344056 0.015931 0.019608 0.031863
7 0.374694 0.006740 0.014706 0.022467
7 0.380208 0.055964 0.025735 0.040850
7 0.445159 0.076797 0.025735 0.035948
