7 0.897487 0.659517 0.028141 0.045576
7 0.819095 0.647453 0.028141 0.042895
7 0.734673 0.645442 0.034171 0.052279
7 0.711558 0.670241 0.020101 0.029491
7 0.853266 0.652145 0.032161 0.041555
7 0.792965 0.667560 0.028141 0.037534
7 0.659799 0.676944 0.015075 0.021448
7 0.634673 0.674263 0.015075 0.021448
7 0.621106 0.675603 0.012060 0.018767
7 0.579397 0.680965 0.013065 0.021448
7 0.683417 0.674263 0.010050 0.016086
7 0.549246 0.678284 0.021106 0.029491
7 0.511055 0.668231 0.021106 0.033512
7 0.475377 0.691689 0.010050 0.016086
7 0.424623 0.662869 0.025126 0.036193
7 0.367337 0.692359 0.017085 0.022788
7 0.348241 0.686327 0.015075 0.021448
7 0.307538 0.690349 0.014070 0.024129
7 0.206533 0.651475 0.031156 0.042895
7 0.279397 0.708445 0.010050 0.014745
7 0.261809 0.713137 0.009045 0.013405
