7 0.982098 0.011250 0.020816 0.032500
7 0.934221 0.047500 0.028310 0.045000
7 0.887594 0.043750 0.021649 0.045000
7 0.821399 0.005000 0.020816 0.030000
7 0.773938 0.011875 0.022481 0.033750
7 0.723147 0.024375 0.022481 0.043750
7 0.665279 0.030000 0.019983 0.037500
7 0.640716 0.007500 0.022481 0.035000
7 0.569942 0.017500 0.025812 0.040000
7 0.510824 0.016875 0.022481 0.036250
7 0.526228 0.034375 0.019983 0.036250
7 0.512906 0.058125 0.021649 0.038750
7 0.562448 0.055000 0.022481 0.037500
7 0.578268 0.071875 0.022481 0.043750
7 0.437136 0.018125 0.028310 0.041250
7 0.446711 0.043750 0.025812 0.050000
7 0.448793 0.068750 0.021649 0.045000
7 0.978351 0.091250 0.023314 0.042500
7 0.985429 0.137500 0.024147 0.042500
7 0.980433 0.186250 0.024147 0.050000
7 0.952956 0.163125 0.024147 0.041250
7 0.870941 0.088125 0.024979 0.051250
7 0.906744 0.111250 0.023314 0.042500
7 0.919650 0.130000 0.024147 0.047500
7 0.903414 0.168125 0.028310 0.048750
7 0.926311 0.213750 0.022481 0.042500
7 0.928809 0.319375 0.025812 0.041250
7 0.976270 0.328750 0.022481 0.047500
7 0.873439 0.150000 0.021649 0.045000
7 0.868443 0.223125 0.028310 0.046250
7 0.880933 0.253125 0.029975 0.051250
7 0.858035 0.354375 0.027477 0.056250
7 0.882598 0.527500 0.029975 0.057500
7 0.837219 0.055000 0.020816 0.045000
7 0.817236 0.128125 0.020816 0.038750
7 0.838052 0.178125 0.022481 0.041250
7 0.812240 0.167500 0.022481 0.052500
7 0.806411 0.230000 0.024147 0.045000
7 0.814321 0.270000 0.024979 0.047500
7 0.824313 0.317500 0.026644 0.052500
7 0.800999 0.357500 0.028310 0.042500
7 0.789759 0.202500 0.025812 0.047500
7 0.798918 0.081250 0.024147 0.047500
7 0.769359 0.072500 0.021649 0.042500
7 0.713988 0.078750 0.019151 0.037500
7 0.741882 0.043125 0.023314 0.043750
7 0.746045 0.154375 0.024979 0.043750
7 0.746461 0.154375 0.024147 0.051250
7 0.746878 0.251250 0.024979 0.055000
7 0.760200 0.283750 0.026644 0.052500
7 0.753122 0.312500 0.029142 0.045000
7 0.683597 0.047500 0.024979 0.047500
7 0.631141 0.066875 0.021649 0.043750
7 0.659867 0.083125 0.020816 0.038750
7 0.690258 0.105000 0.024979 0.042500
7 0.695670 0.174375 0.024147 0.043750
7 0.712739 0.216875 0.024979 0.046250
7 0.677769 0.258125 0.024979 0.043750
7 0.695670 0.297500 0.025812 0.047500
7 0.679017 0.338125 0.027477 0.043750
7 0.723564 0.378750 0.029975 0.045000
7 0.888010 0.316875 0.024147 0.041250
7 0.929642 0.319375 0.025812 0.046250
7 0.627810 0.123750 0.024979 0.042500
7 0.634055 0.178750 0.022481 0.042500
7 0.663197 0.151875 0.020816 0.038750
7 0.624896 0.222500 0.025812 0.045000
7 0.607410 0.250000 0.030808 0.052500
7 0.634055 0.313125 0.027477 0.043750
7 0.654038 0.395625 0.030808 0.056250
7 0.584097 0.101250 0.022481 0.047500
7 0.566611 0.128750 0.020816 0.042500
7 0.583680 0.155000 0.023314 0.045000
7 0.573689 0.197500 0.024979 0.042500
7 0.554122 0.230625 0.027477 0.046250
7 0.576603 0.324375 0.024147 0.041250
7 0.522065 0.217500 0.019983 0.037500
7 0.521649 0.085625 0.022481 0.048750
7 0.540799 0.121875 0.025812 0.041250
7 0.512073 0.146875 0.018318 0.036250
7 0.461282 0.090000 0.023314 0.047500
7 0.483764 0.135000 0.023314 0.047500
7 0.461282 0.159375 0.023314 0.038750
7 0.474604 0.179375 0.026644 0.046250
7 0.468360 0.223750 0.025812 0.050000
7 0.388426 0.085000 0.019151 0.035000
7 0.353872 0.013750 0.023314 0.035000
7 0.405912 0.105625 0.030808 0.053750
7 0.417569 0.134375 0.024147 0.041250
7 0.410075 0.178750 0.020816 0.045000
7 0.441299 0.227500 0.023314 0.040000
7 0.418401 0.256875 0.024147 0.038750
7 0.409242 0.299375 0.025812 0.046250
7 0.451707 0.322500 0.035803 0.057500
7 0.454205 0.371250 0.030808 0.050000
7 0.446295 0.440625 0.026644 0.046250
7 0.388010 0.461250 0.024979 0.047500
7 0.390508 0.010000 0.018318 0.030000
7 0.388843 0.085000 0.018318 0.032500
7 0.361782 0.106250 0.024147 0.047500
7 0.339301 0.100000 0.024147 0.040000
7 0.324313 0.020625 0.025812 0.038750
7 0.358451 0.149375 0.024147 0.038750
7 0.349709 0.202500 0.026644 0.050000
7 0.336386 0.239375 0.021649 0.041250
7 0.358035 0.279375 0.026644 0.043750
7 0.332639 0.308750 0.029142 0.052500
7 0.359700 0.350625 0.029975 0.048750
7 0.349709 0.410000 0.028310 0.052500
7 0.309742 0.458125 0.031640 0.058750
7 0.396753 0.231875 0.025812 0.046250
7 0.275187 0.034375 0.019151 0.033750
7 0.294754 0.044375 0.021649 0.036250
7 0.305995 0.073125 0.024147 0.043750
7 0.292256 0.123750 0.019983 0.037500
7 0.312240 0.168750 0.018318 0.037500
7 0.289759 0.185000 0.023314 0.045000
7 0.281432 0.250625 0.029975 0.051250
7 0.292673 0.301250 0.025812 0.050000
7 0.297669 0.369375 0.029142 0.053750
7 0.284763 0.420625 0.026644 0.046250
7 0.274355 0.034375 0.019151 0.033750
7 0.238135 0.035625 0.024979 0.043750
7 0.236470 0.075000 0.024979 0.045000
7 0.244380 0.104375 0.025812 0.041250
7 0.246461 0.132500 0.019983 0.037500
7 0.264363 0.173750 0.022481 0.037500
7 0.231057 0.191250 0.029142 0.050000
7 0.243963 0.231875 0.026644 0.043750
7 0.265612 0.340000 0.028310 0.042500
7 0.226478 0.299375 0.023314 0.046250
7 0.242714 0.498125 0.030808 0.056250
7 0.339717 0.591875 0.029975 0.058750
7 0.204829 0.065000 0.024979 0.040000
7 0.182764 0.128125 0.022481 0.038750
7 0.172356 0.163750 0.023314 0.042500
7 0.196503 0.181250 0.024979 0.045000
7 0.171524 0.214375 0.019983 0.041250
7 0.157369 0.252500 0.024979 0.042500
7 0.151124 0.284375 0.027477 0.053750
7 0.150708 0.318750 0.026644 0.042500
7 0.186511 0.367500 0.028310 0.052500
7 0.175271 0.485625 0.027477 0.051250
7 0.134471 0.451250 0.032473 0.050000
7 0.168193 0.014375 0.019983 0.033750
7 0.151540 0.079375 0.026644 0.043750
7 0.156120 0.113125 0.022481 0.048750
7 0.106994 0.020000 0.020816 0.040000
7 0.094921 0.052500 0.019983 0.040000
7 0.095754 0.115000 0.024979 0.040000
7 0.084097 0.145000 0.024979 0.045000
7 0.120316 0.165625 0.020816 0.043750
7 0.139467 0.200000 0.024147 0.047500
7 0.100333 0.213750 0.017485 0.030000
7 0.101582 0.254375 0.024979 0.046250
7 0.089509 0.291875 0.025812 0.041250
7 0.116570 0.398125 0.026644 0.043750
7 0.217735 0.372500 0.029142 0.052500
7 0.069109 0.087500 0.019983 0.037500
7 0.076603 0.013125 0.019983 0.033750
7 0.041216 0.036250 0.017485 0.037500
7 0.014988 0.066250 0.053289 0.142500
7 0.022065 0.080000 0.024147 0.047500
7 0.032057 0.133750 0.020816 0.040000
7 0.011657 0.207500 0.021649 0.047500
7 0.028310 0.233750 0.038301 0.052500
7 0.022065 0.305000 0.027477 0.042500
7 0.048293 0.388125 0.023314 0.038750
7 0.123231 0.363125 0.023314 0.043750
7 0.073272 0.321250 0.031640 0.047500
7 0.075354 0.423750 0.030808 0.045000
7 0.057868 0.497500 0.024147 0.050000
7 0.098668 0.527500 0.030808 0.055000
7 0.494172 0.295625 0.057452 0.108750
7 0.608243 0.465000 0.092423 0.160000
7 0.883430 0.526875 0.029975 0.056250
