7 0.116250 0.503490 0.085000 0.144852
7 0.028125 0.611693 0.076250 0.116928
7 0.381875 0.589878 0.033750 0.052356
7 0.401250 0.615183 0.025000 0.036649
7 0.455625 0.675393 0.028750 0.041885
7 0.496875 0.650087 0.033750 0.054101
7 0.573125 0.669284 0.026250 0.040140
7 0.596250 0.642234 0.035000 0.062827
7 0.657500 0.645724 0.030000 0.045375
7 0.710000 0.685864 0.025000 0.041885
7 0.720625 0.666667 0.023750 0.038394
7 0.745625 0.623037 0.021250 0.034904
7 0.785000 0.639616 0.030000 0.047120
7 0.805000 0.693717 0.017500 0.029668
7 0.815625 0.677138 0.023750 0.045375
7 0.853125 0.679756 0.021250 0.036649
7 0.872500 0.685864 0.020000 0.038394
7 0.903125 0.667539 0.023750 0.040140
7 0.890000 0.677138 0.022500 0.038394
7 0.927500 0.658813 0.025000 0.029668
7 0.942500 0.660558 0.017500 0.029668
