7 0.898167 0.804500 0.029667 0.056000
7 0.821833 0.780500 0.021667 0.038000
7 0.762167 0.788250 0.019000 0.031500
7 0.647500 0.776500 0.018333 0.037000
7 0.681333 0.765000 0.018000 0.031000
7 0.658333 0.738750 0.020000 0.039500
7 0.641833 0.741750 0.019667 0.029500
7 0.628833 0.744500 0.013667 0.027000
7 0.601833 0.743750 0.015000 0.025500
7 0.560167 0.738000 0.017000 0.032000
7 0.532500 0.747000 0.015667 0.032000
7 0.516167 0.741750 0.014333 0.028500
7 0.510667 0.729500 0.018000 0.028000
7 0.489833 0.753500 0.013000 0.024000
7 0.448167 0.729500 0.015667 0.026000
7 0.468333 0.725000 0.016667 0.025000
7 0.480833 0.725750 0.014333 0.030500
7 0.408167 0.706750 0.016333 0.027500
7 0.425500 0.729500 0.013000 0.027000
7 0.340333 0.747500 0.014667 0.026000
7 0.346167 0.724000 0.011000 0.023000
7 0.368500 0.716750 0.013000 0.024500
7 0.165000 0.702500 0.011333 0.017000
7 0.176167 0.690750 0.009667 0.014500
7 0.202000 0.699000 0.010000 0.014000
7 0.217333 0.696750 0.009333 0.018500
7 0.231667 0.701250 0.011333 0.017500
7 0.112833 0.685250 0.007667 0.012500
7 0.131333 0.692250 0.008000 0.013500
7 0.125000 0.693000 0.006000 0.011000
7 0.064333 0.701500 0.006667 0.013000
7 0.288167 0.701000 0.013667 0.022000
7 0.160833 0.685750 0.009000 0.014500
7 0.198667 0.692750 0.009333 0.015500
7 0.492833 0.732250 0.013667 0.020500
7 0.032500 0.721000 0.005000 0.007000
