7 -0.006836 0.432953 0.009766 0.015692
7 0.033203 0.440799 0.011719 0.019971
7 0.084961 0.446505 0.013672 0.019971
7 0.047363 0.352354 0.018555 0.025678
7 0.151855 0.430100 0.045898 0.072753
7 0.238281 0.486448 0.031250 0.042796
7 0.298340 0.429387 0.038086 0.065621
7 0.412109 0.471469 0.041016 0.072753
7 0.479492 0.421541 0.035156 0.064194
7 0.530273 0.465763 0.052734 0.081312
7 0.577148 0.488588 0.048828 0.084165
7 0.637695 0.463623 0.025391 0.048502
7 0.702148 0.457204 0.041016 0.075606
7 0.725586 0.445792 0.023438 0.047076
7 0.813477 0.435806 0.048828 0.081312
7 0.930176 0.463623 0.034180 0.054208
