7 0.185755 0.372750 0.022108 0.040500
7 0.234541 0.369750 0.023271 0.042000
7 0.234707 0.369750 0.023936 0.042000
7 0.299285 0.482500 0.031749 0.056000
7 0.396526 0.329125 0.037068 0.060750
7 0.507064 0.360625 0.033743 0.072750
7 0.627327 0.365125 0.034242 0.057750
7 0.692320 0.345875 0.024601 0.043750
7 0.569814 0.358500 0.018949 0.037000
7 0.307015 0.385625 0.021941 0.034250
7 0.321975 0.362625 0.018617 0.033750
7 0.352809 0.379875 0.018451 0.035750
7 0.464262 0.341875 0.027593 0.053250
7 0.448221 0.355875 0.022108 0.039750
7 0.429521 0.354250 0.022274 0.035000
7 0.513215 0.340875 0.017786 0.029750
7 0.722656 0.331375 0.007148 0.011750
7 0.734707 0.332125 0.006649 0.012250
7 0.670961 0.355375 0.011802 0.019750
7 0.703125 0.348375 0.012633 0.022250
7 0.779338 0.355500 0.025765 0.044500
7 0.803856 0.365625 0.024601 0.042750
7 0.922207 0.382375 0.027593 0.046750
7 0.878906 0.334625 0.020445 0.038750
7 0.825798 0.335375 0.008644 0.014750
7 0.932513 0.322000 0.009973 0.015000
7 0.889794 0.305000 0.010638 0.016000
7 0.906084 0.331250 0.007646 0.014000
7 0.979638 0.372500 0.007148 0.012500
7 0.970662 0.369125 0.006483 0.010250
7 0.960522 0.373125 0.006815 0.009750
7 0.950050 0.363625 0.006150 0.010250
7 -0.002992 0.378625 0.004654 0.008250
7 0.075881 0.372375 0.007148 0.012250
7 0.011885 0.382250 0.007148 0.011000
