7 0.664828 0.395425 0.075980 0.130719
7 0.272672 0.310049 0.069853 0.129902
7 0.613971 0.123775 0.068627 0.108660
7 0.452819 0.152778 0.062500 0.106209
7 0.343750 0.147876 0.057598 0.106209
7 0.200368 0.134804 0.056373 0.088235
7 0.891544 0.213644 0.031863 0.053105
7 0.727635 0.176062 0.048407 0.082516
7 0.037377 0.351307 0.052696 0.099673
7 0.061275 0.218137 0.041667 0.073529
7 0.059436 0.219363 0.042892 0.074346
7 1.023897 0.256944 0.036765 0.049837
7 0.835478 0.212827 0.022672 0.043301
7 0.127757 0.187092 0.021446 0.024510
7 0.232230 0.184232 0.053922 0.084150
7 0.558211 0.165850 0.031863 0.049020
