7 0.019750 0.684667 0.030500 0.046667
7 0.068500 0.671333 0.026000 0.036000
7 0.109500 0.671000 0.021000 0.027333
7 0.157250 0.674000 0.019500 0.032000
7 0.176750 0.708333 0.042500 0.063333
7 0.212750 0.668333 0.029500 0.038000
7 0.266250 0.650667 0.019500 0.030667
7 0.294500 0.655333 0.018000 0.026667
7 0.319500 0.654667 0.014000 0.020000
7 0.345250 0.647000 0.015500 0.023333
7 0.372500 0.642667 0.012000 0.020000
7 0.387000 0.638333 0.014000 0.020667
7 0.404250 0.641667 0.014500 0.023333
7 0.166500 0.619333 0.010000 0.016000
7 0.198000 0.622667 0.014000 0.021333
7 0.232500 0.633000 0.012000 0.019333
7 0.416500 0.634000 0.012000 0.017333
7 0.416000 0.619667 0.012000 0.020667
7 0.429500 0.633333 0.011000 0.017333
7 0.457750 0.637333 0.012500 0.021333
7 0.472250 0.642667 0.014500 0.018667
7 0.479750 0.620667 0.009500 0.016000
7 0.492000 0.642667 0.017000 0.024000
7 0.509750 0.633667 0.015500 0.022000
7 0.526000 0.625667 0.011000 0.018000
7 0.534000 0.625000 0.009000 0.014000
7 0.539750 0.613333 0.010500 0.013333
7 0.549750 0.626333 0.008500 0.012667
7 0.572250 0.626000 0.009500 0.017333
7 0.573500 0.683000 0.027000 0.043333
7 0.599500 0.813333 0.061000 0.093333
7 0.614500 0.696333 0.023000 0.035333
7 0.696000 0.660333 0.021000 0.031333
7 0.625750 0.650333 0.016500 0.022000
7 0.600000 0.624333 0.010000 0.015333
7 0.617500 0.612667 0.006000 0.008000
7 0.591000 0.616667 0.008000 0.010667
7 0.629000 0.609333 0.008000 0.010667
7 0.601250 0.599667 0.006500 0.007333
7 0.643000 0.604333 0.006000 0.008667
7 0.656250 0.614333 0.008500 0.014000
7 0.668250 0.620000 0.010500 0.016000
7 0.688000 0.620000 0.010000 0.014667
7 0.724750 0.621333 0.014500 0.046667
7 0.740750 0.594667 0.004500 0.006667
7 0.750250 0.601333 0.004500 0.006667
7 0.775750 0.605333 0.006500 0.010667
7 0.797500 0.600667 0.006000 0.009333
7 0.816250 0.616333 0.011500 0.015333
7 0.835500 0.602333 0.010000 0.014000
7 0.857750 0.617333 0.012500 0.014667
7 0.820250 0.657667 0.023500 0.039333
7 0.873000 0.614000 0.020000 0.029333
7 0.894000 0.629000 0.013000 0.018000
7 0.908500 0.626333 0.013000 0.020667
7 0.919250 0.642000 0.013500 0.018667
7 0.933750 0.640000 0.019500 0.028000
7 0.945250 0.651667 0.020500 0.031333
7 0.950750 0.661333 0.015500 0.028000
7 0.962500 0.657000 0.020000 0.026000
