7 0.580442 0.631961 0.031546 0.048426
7 0.494479 0.593220 0.017350 0.033898
7 0.602524 0.585956 0.015773 0.024213
7 0.697950 0.600484 0.011041 0.019370
7 0.808360 0.606538 0.017350 0.026634
7 0.872240 0.616223 0.015773 0.026634
7 0.896688 0.635593 0.014196 0.021792
7 0.932177 0.611380 0.015773 0.031477
7 0.958991 0.617433 0.018927 0.033898
7 0.785489 0.598063 0.009464 0.014528
7 0.719243 0.600484 0.006309 0.009685
7 0.445584 0.581114 0.017350 0.029056
7 0.320189 0.596852 0.015773 0.026634
7 0.298107 0.579903 0.015773 0.026634
7 0.347792 0.599274 0.007886 0.012107
7 0.408517 0.602906 0.006309 0.009685
7 0.416404 0.598063 0.006309 0.009685
