7 0.800000 0.618267 0.037500 0.056206
7 0.565625 0.584309 0.043750 0.072600
7 0.444531 0.653396 0.045312 0.060890
7 0.267188 0.638173 0.037500 0.072600
7 0.315625 0.614754 0.028125 0.053864
7 0.070312 0.613583 0.043750 0.070258
7 0.089063 0.624122 0.025000 0.053864
7 0.051562 0.631148 0.034375 0.063232
7 0.121094 0.628806 0.017188 0.030445
7 0.385937 0.640515 0.021875 0.039813
7 0.511719 0.605386 0.026562 0.044496
7 0.457813 0.588993 0.037500 0.058548
7 0.647656 0.653396 0.029687 0.051522
7 0.604688 0.631148 0.018750 0.039813
7 0.670312 0.626464 0.025000 0.039813
7 0.868750 0.640515 0.015625 0.025761
7 0.981250 0.633489 0.018750 0.030445
7 0.966406 0.638173 0.023438 0.035129
7 0.939844 0.626464 0.017188 0.025761
7 0.959375 0.621780 0.015625 0.025761
7 0.349219 0.641686 0.010937 0.018735
7 0.365625 0.640515 0.012500 0.021077
7 0.412500 0.641686 0.012500 0.018735
7 0.225000 0.615925 0.012500 0.018735
7 0.703906 0.638173 0.014063 0.021077
7 0.725000 0.633489 0.009375 0.016393
7 0.746094 0.639344 0.010937 0.018735
7 0.772656 0.634660 0.010937 0.018735
7 0.788281 0.635831 0.010937 0.016393
7 0.535156 0.625293 0.029687 0.046838
