7 0.538845 0.146667 0.013944 0.013333
7 0.492032 0.151333 0.011952 0.009333
7 0.477092 0.171333 0.013944 0.012000
7 0.439243 0.143333 0.013944 0.009333
7 0.446215 0.168667 0.015936 0.009333
7 0.424303 0.164000 0.011952 0.010667
7 0.403386 0.177333 0.009960 0.008000
7 0.387450 0.167333 0.013944 0.012000
7 0.362550 0.175333 0.011952 0.009333
7 0.363546 0.140000 0.013944 0.010667
7 0.311753 0.139333 0.013944 0.012000
7 0.292829 0.138667 0.015936 0.010667
7 0.345618 0.230667 0.013944 0.010667
7 0.419323 0.258667 0.013944 0.010667
7 0.423307 0.310667 0.013944 0.008000
7 0.433267 0.301333 0.013944 0.010667
7 0.555777 0.292667 0.043825 0.060000
7 0.430279 0.466000 0.015936 0.012000
