7 0.266643 0.509754 0.021955 0.036961
7 0.257790 0.517197 0.019830 0.032341
7 0.340829 0.493840 0.025142 0.043121
7 0.367918 0.480236 0.028329 0.051848
7 0.413598 0.591889 0.009915 0.015400
7 0.442458 0.593686 0.010269 0.013860
7 0.516820 0.540554 0.025142 0.040041
7 0.505135 0.530287 0.021601 0.039014
7 0.624292 0.484600 0.036119 0.050308
7 0.669972 0.566992 0.021246 0.034394
7 0.741856 0.539271 0.019830 0.031314
7 0.813208 0.663244 0.047805 0.208419
7 0.841714 0.652721 0.026204 0.139117
7 0.776381 0.658881 0.022309 0.118583
