7 0.940610 0.390698 0.048154 0.074419
7 0.872392 0.424419 0.040128 0.081395
7 0.797753 0.394186 0.044944 0.076744
7 0.801766 0.305814 0.040128 0.067442
7 0.712681 0.431395 0.041734 0.081395
7 0.709470 0.333721 0.032103 0.062791
7 0.656501 0.360465 0.041734 0.074419
7 0.620385 0.415116 0.043339 0.072093
7 0.555377 0.434884 0.041734 0.074419
7 0.574639 0.343023 0.035313 0.058140
7 0.508828 0.352326 0.035313 0.058140
7 0.473515 0.434884 0.038523 0.074419
7 0.394864 0.419767 0.041734 0.076744
7 0.414928 0.352326 0.033708 0.062791
7 0.312199 0.417442 0.043339 0.081395
7 0.353130 0.390698 0.035313 0.079070
7 0.283307 0.337209 0.036918 0.074419
7 0.198234 0.443023 0.040128 0.067442
7 0.231942 0.369767 0.033708 0.069767
7 0.153291 0.434884 0.040128 0.079070
7 0.161316 0.352326 0.040128 0.058140
7 0.079454 0.386047 0.043339 0.074419
