7 0.068015 0.296773 0.046569 0.069853
7 0.127757 0.440155 0.056985 0.080474
7 0.185049 0.325572 0.044730 0.059641
7 0.252298 0.479167 0.049939 0.075163
7 0.300551 0.325980 0.041667 0.058007
7 0.389553 0.458129 0.050551 0.076389
7 0.429228 0.333742 0.039828 0.064542
7 0.505974 0.493260 0.049326 0.084559
7 0.554534 0.364583 0.040441 0.059232
7 0.655178 0.350286 0.041360 0.066585
7 0.655790 0.492443 0.051164 0.078023
7 0.776042 0.498570 0.053309 0.087827
7 0.764859 0.356413 0.041360 0.060049
7 0.889093 0.331699 0.049632 0.075163
7 0.888327 0.552492 0.056066 0.086193
