7 0.035937 0.575445 0.023125 0.037488
7 0.013125 0.499063 0.018750 0.034677
7 0.064375 0.515933 0.023750 0.040300
7 0.087188 0.446579 0.035625 0.062793
7 0.065000 0.516401 0.022500 0.041237
7 0.130312 0.507966 0.014375 0.022493
7 0.140000 0.459231 0.021250 0.031865
7 0.180625 0.477976 0.020000 0.031865
7 0.190938 0.455951 0.019375 0.034677
7 0.230937 0.484067 0.020625 0.030928
7 0.267500 0.491565 0.017500 0.036551
7 0.303750 0.482193 0.021250 0.034677
7 0.333437 0.490159 0.020625 0.031865
7 0.363125 0.498126 0.033750 0.070291
7 0.425000 0.408154 0.048750 0.092784
7 0.596250 0.490159 0.048750 0.086223
7 0.601875 0.440019 0.043750 0.070291
7 0.704063 0.510778 0.055625 0.084349
7 0.945625 0.432990 0.040000 0.078725
7 0.529062 0.429241 0.019375 0.041237
7 0.529687 0.435333 0.016875 0.029053
7 0.539687 0.411434 0.015625 0.033739
7 0.565625 0.424086 0.018750 0.036551
7 0.564375 0.425023 0.015000 0.030928
7 0.649062 0.417994 0.024375 0.037488
7 0.640312 0.404873 0.021875 0.037488
7 0.665625 0.403468 0.021250 0.030928
7 0.013437 0.245080 0.018125 0.029053
7 0.019062 0.226804 0.016875 0.028116
7 0.031250 0.247423 0.016250 0.024367
7 0.050313 0.223524 0.016875 0.030928
7 0.089063 0.227273 0.015625 0.027179
7 0.113750 0.245080 0.012500 0.023430
7 0.133437 0.237113 0.014375 0.024367
7 0.186250 0.233365 0.013750 0.024367
7 0.214688 0.238051 0.014375 0.028116
7 0.245000 0.243205 0.013750 0.027179
7 0.277187 0.239456 0.013125 0.029053
7 0.294063 0.237113 0.011875 0.020619
