7 0.395221 0.736520 0.020833 0.036765
7 0.441330 0.794730 0.015625 0.025735
7 0.475643 0.745302 0.021752 0.026552
7 0.476103 0.754085 0.016544 0.022876
7 0.558977 0.745098 0.008885 0.014706
7 0.588848 0.738971 0.008578 0.014706
7 0.604167 0.738971 0.004289 0.005719
7 0.623009 0.744281 0.005208 0.008987
7 0.636183 0.742239 0.005208 0.007353
7 0.640625 0.743873 0.004902 0.007353
7 0.662377 0.749183 0.005515 0.008170
7 0.678156 0.751021 0.004596 0.006127
7 0.687806 0.745915 0.006127 0.009804
7 0.701746 0.744894 0.006434 0.010212
7 0.697917 0.744281 0.004289 0.007353
7 0.723192 0.744690 0.003983 0.005719
7 0.738051 0.741830 0.003676 0.004902
7 0.726869 0.744281 0.003370 0.004902
7 0.751532 0.741217 0.003676 0.005310
7 0.769148 0.742647 0.004596 0.007353
7 0.779412 0.744281 0.007353 0.009804
7 0.799479 0.741830 0.004596 0.008170
7 0.810509 0.751225 0.007047 0.010621
7 0.811581 0.743056 0.004902 0.007353
7 0.828125 0.744485 0.003676 0.005310
7 0.838848 0.746324 0.004289 0.006536
7 0.840839 0.742034 0.004596 0.006127
7 0.845588 0.739583 0.004289 0.005310
7 0.854167 0.746528 0.006127 0.008578
7 0.867953 0.747549 0.005515 0.008987
7 0.883578 0.742239 0.005515 0.007353
7 0.887714 0.752859 0.008272 0.009804
7 0.901654 0.744894 0.004289 0.006944
7 0.911765 0.744485 0.004289 0.006944
7 0.918199 0.746119 0.004902 0.006944
7 0.943934 0.734886 0.009191 0.013072
7 0.963848 0.752451 0.007353 0.011438
7 0.997549 0.739992 0.014093 0.019199
7 0.967831 0.750204 0.002451 0.003676
7 0.514093 0.737745 0.003676 0.005719
7 0.509651 0.748366 0.005208 0.009804
7 0.500460 0.747549 0.005208 0.008170
7 0.488664 0.744281 0.006127 0.008987
7 0.466299 0.741830 0.003676 0.005719
7 0.456955 0.752655 0.003983 0.006127
7 0.447610 0.752655 0.004289 0.006127
7 0.448836 0.756944 0.004289 0.007353
7 0.434589 0.742443 0.005208 0.007761
7 0.426930 0.753472 0.003983 0.006127
7 0.418045 0.754085 0.003983 0.007353
7 0.413756 0.753472 0.004596 0.006944
7 0.409620 0.751430 0.005515 0.007761
7 0.348346 0.756332 0.005515 0.007761
7 0.334099 0.758783 0.005208 0.007761
7 0.331955 0.761846 0.005821 0.008170
7 0.319700 0.757353 0.005208 0.008170
7 0.304994 0.750817 0.005821 0.009804
7 0.267004 0.768587 0.004596 0.006944
7 0.271906 0.758170 0.006434 0.010621
7 0.295803 0.754289 0.008272 0.013480
7 0.240043 0.758170 0.007047 0.009804
7 0.172794 0.746528 0.010417 0.015931
7 0.191636 0.741830 0.010110 0.013889
7 0.215380 0.759804 0.006127 0.009804
7 0.207261 0.765727 0.007047 0.011846
7 0.217831 0.746324 0.004289 0.006536
7 0.203431 0.744077 0.004289 0.006127
7 0.130974 0.764706 0.007659 0.012255
7 0.113051 0.763480 0.007966 0.013072
7 0.093597 0.764297 0.008272 0.011438
7 0.073223 0.769199 0.007966 0.012255
7 0.038909 0.766544 0.008578 0.013480
7 0.019455 0.765931 0.009498 0.013072
7 0.026348 0.760825 0.007353 0.011846
7 0.011795 0.765523 0.007659 0.011438
7 0.145374 0.748162 0.003370 0.005310
7 0.131281 0.743668 0.004596 0.006127
7 0.120251 0.747549 0.003370 0.004902
7 0.110754 0.743873 0.003983 0.005719
7 0.095129 0.748366 0.003983 0.006536
7 0.008119 0.747141 0.006434 0.009804
7 0.035233 0.746324 0.004902 0.007353
7 0.049326 0.743668 0.003676 0.005310
7 0.063572 0.756332 0.004596 0.007761
7 0.258272 0.751430 0.004289 0.006127
7 0.160386 0.745711 0.002145 0.002859
7 0.266544 0.752247 0.003676 0.005310
