7 0.012917 0.740000 0.015833 0.035000
7 0.013750 0.738750 0.014167 0.032500
7 0.053750 0.728125 0.025833 0.041250
7 0.079583 0.725000 0.022500 0.035000
7 0.137917 0.735000 0.017500 0.025000
7 0.190000 0.723125 0.011667 0.018750
7 0.207500 0.711875 0.030000 0.051250
7 0.244583 0.671250 0.069167 0.127500
7 0.297500 0.715625 0.021667 0.036250
7 0.333750 0.721875 0.019167 0.028750
7 0.378750 0.738750 0.017500 0.027500
7 0.395833 0.723750 0.013333 0.022500
7 0.433750 0.735000 0.019167 0.035000
7 0.465417 0.713750 0.034167 0.067500
7 0.523333 0.693750 0.043333 0.087500
7 0.544167 0.726250 0.048333 0.097500
7 0.645000 0.725000 0.048333 0.090000
7 0.687917 0.686875 0.045833 0.078750
7 0.718333 0.701875 0.023333 0.038750
7 0.777917 0.721875 0.017500 0.031250
7 0.805000 0.691250 0.021667 0.040000
7 0.841250 0.712500 0.017500 0.030000
7 0.865833 0.685000 0.011667 0.017500
7 0.876250 0.748750 0.020833 0.035000
7 0.834167 0.765625 0.025000 0.048750
7 0.906250 0.681875 0.025833 0.046250
7 0.930000 0.717500 0.040000 0.065000
7 0.959583 0.722500 0.027500 0.045000
