7 0.284021 0.426958 0.009278 0.013554
7 0.302577 0.431476 0.007216 0.013554
7 0.313402 0.460090 0.026804 0.094880
7 0.332474 0.426205 0.009278 0.018072
7 0.341753 0.435994 0.011340 0.013554
7 0.400515 0.404367 0.009278 0.019578
7 0.422165 0.404367 0.011340 0.019578
7 0.530928 0.502259 0.014433 0.019578
7 0.545876 0.509036 0.013402 0.024096
7 0.571649 0.514307 0.013402 0.022590
7 0.606186 0.491717 0.014433 0.022590
7 0.657216 0.486446 0.013402 0.021084
7 0.689691 0.511295 0.014433 0.022590
7 0.727320 0.537651 0.013402 0.024096
7 0.763918 0.579066 0.012371 0.019578
7 0.786598 0.570783 0.016495 0.024096
7 0.850000 0.547440 0.017526 0.028614
7 0.896907 0.567018 0.014433 0.028614
7 0.927835 0.591867 0.016495 0.024096
7 0.391237 0.431476 0.007216 0.013554
