7 0.873437 0.644619 0.009375 0.011211
7 0.944531 0.765695 0.014063 0.020179
7 0.449219 0.770179 0.032813 0.069507
7 0.300781 0.718610 0.017188 0.024664
7 0.324219 0.720852 0.014063 0.020179
7 0.259375 0.686099 0.012500 0.017937
7 0.157031 0.695067 0.010937 0.013453
7 0.029687 0.700673 0.009375 0.015695
7 0.350781 0.664798 0.007812 0.011211
7 0.381250 0.670404 0.006250 0.008969
7 0.366406 0.696188 0.020313 0.096413
7 0.383594 0.662556 0.007812 0.011211
7 0.410156 0.672646 0.010937 0.017937
7 0.448437 0.702915 0.009375 0.015695
7 0.461719 0.676009 0.010937 0.015695
7 0.478906 0.678251 0.007812 0.011211
7 0.496094 0.674888 0.010937 0.013453
7 0.517969 0.676009 0.010937 0.015695
7 0.542969 0.676009 0.010937 0.015695
7 0.570312 0.656951 0.009375 0.013453
7 0.578906 0.652466 0.007812 0.013453
7 0.697656 0.625561 0.004687 0.008969
7 0.675781 0.643498 0.017188 0.058296
7 0.645312 0.634529 0.012500 0.058296
7 0.634375 0.634529 0.012500 0.058296
7 0.613281 0.633408 0.004687 0.006726
7 0.622656 0.617713 0.004687 0.006726
7 0.605469 0.597534 0.004687 0.006726
7 0.585938 0.605381 0.012500 0.040359
7 0.492969 0.644619 0.007812 0.011211
7 0.487500 0.630045 0.009375 0.013453
7 0.529687 0.651345 0.015625 0.060538
7 0.539844 0.646861 0.017188 0.060538
7 0.447656 0.637892 0.007812 0.011211
7 0.472656 0.647982 0.007812 0.013453
7 0.463281 0.635650 0.007812 0.011211
7 0.435156 0.659193 0.007812 0.008969
7 0.417969 0.663677 0.014063 0.058296
7 0.428125 0.652466 0.015625 0.053812
7 0.409375 0.664798 0.015625 0.060538
7 0.391406 0.658072 0.014063 0.051570
7 0.349219 0.660314 0.017188 0.060538
7 0.262500 0.650224 0.015625 0.049327
7 0.698438 0.609865 0.006250 0.008969
7 0.685937 0.636771 0.018750 0.062780
7 0.401562 0.650224 0.006250 0.008969
