7 -0.000769 0.447231 0.006154 0.008359
7 0.026538 0.445664 0.020769 0.026123
7 0.050000 0.444619 0.012308 0.015674
7 0.081538 0.428945 0.015385 0.017764
7 0.126154 0.436259 0.015385 0.017764
7 0.209231 0.449321 0.030769 0.056426
7 0.274231 0.389760 0.019231 0.027168
7 0.286923 0.475967 0.026154 0.051202
7 0.328846 0.485893 0.030000 0.052247
7 0.378077 0.466040 0.028462 0.054336
7 0.433077 0.455590 0.029231 0.050157
7 0.480769 0.456113 0.030769 0.051202
7 0.513462 0.439394 0.031538 0.057471
7 0.556154 0.443574 0.032308 0.053292
7 0.621923 0.461860 0.031538 0.056426
7 0.676154 0.466040 0.032308 0.056426
7 0.327308 0.401776 0.028462 0.049112
7 0.370385 0.399687 0.028462 0.047022
7 0.406538 0.363114 0.026923 0.047022
7 0.456923 0.368339 0.027692 0.044932
7 0.508462 0.377743 0.029231 0.053292
7 0.573846 0.376176 0.032308 0.056426
7 0.640000 0.385580 0.030769 0.048067
7 0.696154 0.372518 0.030769 0.055381
7 0.739231 0.417450 0.004615 0.007315
7 0.752308 0.439394 0.006154 0.009404
7 0.814615 0.406479 0.006154 0.008359
7 0.879231 0.415883 0.007692 0.010449
