7 0.016667 0.900374 0.020000 0.024907
7 0.055417 0.907846 0.020833 0.022416
7 0.099167 0.881694 0.020000 0.037360
7 0.462083 0.882939 0.017500 0.034869
7 0.443333 0.861146 0.016667 0.026152
7 0.418333 0.870486 0.018333 0.034869
7 0.762083 0.883562 0.022500 0.036115
7 0.685000 0.892902 0.018333 0.027397
7 0.737917 0.898506 0.017500 0.021171
7 0.910833 0.950809 0.021667 0.038605
7 0.937500 0.715442 0.018333 0.033624
7 0.877083 0.780822 0.012500 0.019925
7 0.996667 0.663761 0.006667 0.012453
7 0.974167 0.648817 0.006667 0.012453
7 0.961250 0.636986 0.005833 0.008717
7 0.947917 0.660648 0.009167 0.016189
7 0.944583 0.630137 0.005833 0.009963
7 0.892083 0.721669 0.010833 0.016189
7 0.903750 0.717310 0.012500 0.017435
7 0.906667 0.667497 0.008333 0.014944
7 0.926667 0.663761 0.006667 0.009963
7 0.892917 0.646326 0.005833 0.009963
7 0.880000 0.650062 0.006667 0.009963
7 0.867500 0.650062 0.006667 0.009963
7 0.872083 0.712951 0.007500 0.011208
7 0.851667 0.666874 0.016667 0.031133
7 0.850000 0.655044 0.006667 0.009963
7 0.836667 0.646326 0.008333 0.012453
7 0.827917 0.648194 0.009167 0.016189
7 0.807083 0.731009 0.010833 0.017435
7 0.794583 0.679328 0.015833 0.028643
7 0.787083 0.655666 0.010833 0.021171
7 0.776250 0.654421 0.010833 0.018680
7 0.743750 0.646326 0.010833 0.022416
7 0.758333 0.766501 0.011667 0.018680
7 0.749583 0.762142 0.012500 0.024907
7 0.735000 0.742839 0.011667 0.021171
7 0.692917 0.783313 0.015833 0.014944
7 0.707500 0.716065 0.010000 0.017435
7 0.709583 0.623910 0.005833 0.009963
7 0.730417 0.620174 0.005833 0.009963
7 0.745417 0.624533 0.005833 0.008717
7 0.656250 0.736613 0.007500 0.011208
7 0.660833 0.676837 0.003333 0.003736
7 0.573750 0.756538 0.009167 0.018680
7 0.601250 0.647572 0.014167 0.024907
7 0.639583 0.661270 0.012500 0.024907
7 0.617500 0.643213 0.006667 0.011208
7 0.650417 0.621420 0.004167 0.007472
7 0.630000 0.615816 0.005000 0.008717
7 0.644167 0.607721 0.005000 0.007472
7 0.653750 0.608966 0.004167 0.007472
7 0.589167 0.624533 0.006667 0.008717
7 0.616250 0.673724 0.007500 0.012453
7 0.567500 0.618306 0.006667 0.011208
7 0.551250 0.625156 0.005833 0.009963
7 0.526250 0.671233 0.009167 0.014944
7 0.579167 0.716687 0.011667 0.021171
7 0.510417 0.620174 0.010833 0.017435
7 0.494583 0.706725 0.010833 0.018680
7 0.521250 0.622042 0.005833 0.011208
7 0.530833 0.621420 0.003333 0.007472
7 0.411250 0.712951 0.012500 0.021171
7 0.437083 0.683686 0.012500 0.024907
7 0.452500 0.695517 0.010000 0.018680
7 0.412083 0.681196 0.009167 0.014944
7 0.352917 0.785803 0.014167 0.017435
7 0.375417 0.794521 0.014167 0.014944
7 0.421667 0.607098 0.005000 0.006227
7 0.410000 0.626401 0.006667 0.009963
7 0.352500 0.650062 0.008333 0.017435
7 0.333750 0.603362 0.005833 0.011208
7 0.309167 0.594645 0.003333 0.006227
7 0.311667 0.613948 0.008333 0.014944
7 0.302917 0.669365 0.012500 0.016189
7 0.299167 0.601494 0.006667 0.012453
7 0.283333 0.605853 0.010000 0.016189
7 0.276250 0.608966 0.004167 0.007472
7 0.295833 0.725405 0.010000 0.013699
7 0.256250 0.602740 0.007500 0.012453
7 0.263750 0.607098 0.005833 0.008717
7 0.250833 0.655044 0.008333 0.012453
7 0.238750 0.646326 0.007500 0.012453
7 0.230417 0.603362 0.005833 0.008717
7 0.220000 0.605853 0.005000 0.008717
7 0.211667 0.594645 0.005000 0.006227
7 0.191250 0.590286 0.005833 0.009963
7 0.177917 0.592777 0.004167 0.007472
7 0.158750 0.597136 0.004167 0.006227
7 0.153750 0.596513 0.005833 0.009963
7 0.142500 0.594645 0.005000 0.008717
7 0.132917 0.597136 0.004167 0.006227
7 0.119583 0.589664 0.004167 0.006227
7 0.395417 0.732254 0.009167 0.017435
7 0.207083 0.858655 0.015833 0.023661
7 0.257500 0.808219 0.015000 0.027397
7 0.253333 0.683686 0.016667 0.027397
7 0.195000 0.772105 0.013333 0.022416
7 0.219583 0.734122 0.012500 0.018680
7 0.140417 0.725405 0.009167 0.016189
7 -0.024167 0.831258 0.013333 0.016189
7 0.084167 0.792653 0.015000 0.023661
7 0.200000 0.702989 0.011667 0.021171
7 0.207917 0.623288 0.010833 0.018680
7 0.181250 0.635118 0.009167 0.014944
7 0.160417 0.638854 0.010833 0.017435
7 0.103333 0.665006 0.011667 0.017435
7 0.075833 0.689913 0.010000 0.017435
7 0.084167 0.609589 0.008333 0.013699
7 0.057917 0.636364 0.005833 0.009963
7 0.100417 0.579078 0.005833 0.009963
7 0.119583 0.570361 0.002500 0.004981
7 0.087083 0.582814 0.004167 0.004981
7 0.071250 0.580946 0.004167 0.006227
7 0.069167 0.570361 0.006667 0.024907
7 0.464167 0.569738 0.003333 0.006227
7 0.470000 0.574720 0.006667 0.023661
