7 0.032504 0.869647 0.009838 0.018229
7 0.120756 0.883102 0.010031 0.017361
7 0.133488 0.805411 0.009645 0.014757
7 0.093461 0.648438 0.022569 0.061343
7 0.044078 0.775897 0.009452 0.014757
7 0.077353 0.770399 0.009259 0.015914
7 0.049383 0.773582 0.008873 0.017072
7 0.044174 0.691840 0.006173 0.007523
7 0.088156 0.710359 0.006944 0.012731
7 0.012731 0.723669 0.025463 0.074653
7 0.097704 0.706453 0.006752 0.010127
7 0.207176 0.369792 0.050926 0.107639
7 0.304398 0.374421 0.053241 0.105903
7 0.405768 0.389468 0.054591 0.097222
7 0.514757 0.430411 0.049576 0.098090
7 0.602141 0.397569 0.054977 0.102431
7 0.722897 0.363426 0.053819 0.105324
7 0.811632 0.386285 0.058449 0.101273
7 0.867091 0.299190 0.061343 0.119792
7 0.075907 0.697483 0.006366 0.010127
7 0.032407 0.869213 0.010031 0.019676
