7 0.903922 0.733088 0.033333 0.063235
7 0.945098 0.669853 0.039216 0.072059
7 0.561275 0.421324 0.079412 0.160294
7 0.320588 0.522059 0.072549 0.144118
7 0.242647 0.614706 0.032353 0.050000
7 0.442157 0.600735 0.035294 0.060294
7 0.538725 0.608088 0.030392 0.060294
7 0.934804 0.285294 0.026471 0.055882
7 0.888235 0.303676 0.027451 0.048529
7 0.776961 0.288235 0.026471 0.047059
7 0.708824 0.278676 0.025490 0.045588
7 0.624020 0.313235 0.024510 0.050000
7 0.559314 0.312500 0.026471 0.051471
7 0.366667 0.198529 0.021569 0.026471
7 0.315686 0.241912 0.031373 0.057353
7 0.201471 0.213971 0.024510 0.048529
7 0.118137 0.186029 0.028431 0.039706
