7 0.048846 0.595188 0.011538 0.018828
7 0.126154 0.442992 0.046154 0.053347
7 0.147308 0.495816 0.025385 0.041841
7 0.205769 0.445084 0.030000 0.051255
7 0.266923 0.405858 0.046154 0.073222
7 0.361923 0.410042 0.036154 0.056485
7 0.410385 0.441946 0.030000 0.047071
7 0.448846 0.423117 0.039231 0.059623
7 0.541154 0.422594 0.033077 0.052301
7 0.582308 0.430962 0.047692 0.071130
7 0.635000 0.429916 0.042308 0.069038
7 0.615000 0.457636 0.033077 0.049163
7 0.707692 0.389121 0.038462 0.043933
7 0.760000 0.427301 0.036923 0.051255
7 0.784615 0.422071 0.029231 0.047071
7 0.829615 0.524582 0.011538 0.015690
7 0.882692 0.503661 0.013077 0.019874
7 0.917692 0.495816 0.015385 0.020921
7 0.940769 0.530335 0.009231 0.014644
7 0.966923 0.525628 0.010769 0.015690
7 0.866538 0.525105 0.010000 0.012552
