7 0.107422 0.915328 0.005859 0.008759
7 0.137695 0.915328 0.005859 0.008759
7 0.154297 0.915328 0.005859 0.008759
7 0.174316 0.911679 0.004883 0.007299
7 0.199219 0.908759 0.003906 0.007299
7 0.210938 0.910219 0.005859 0.007299
7 0.236328 0.916788 0.005859 0.008759
7 0.248047 0.912409 0.005859 0.008759
7 0.268555 0.919708 0.005859 0.008759
7 0.273926 0.919708 0.004883 0.008759
7 0.288574 0.918248 0.004883 0.008759
7 0.288574 0.916788 0.004883 0.008759
7 0.299805 0.916058 0.005859 0.010219
7 0.313965 0.921168 0.004883 0.008759
7 0.327637 0.923358 0.004883 0.007299
7 0.342285 0.921898 0.004883 0.010219
7 0.368164 0.924088 0.005859 0.008759
7 0.372559 0.918978 0.004883 0.007299
7 0.409668 0.922628 0.004883 0.008759
7 0.416992 0.920438 0.003906 0.007299
7 0.417480 0.920438 0.004883 0.007299
7 0.493164 0.934307 0.003906 0.005839
7 0.527832 0.920438 0.002930 0.004380
7 0.608398 0.934307 0.011719 0.037956
7 0.776367 0.917518 0.007812 0.010219
7 0.856934 0.919708 0.004883 0.008759
7 0.826172 0.920438 0.003906 0.007299
7 0.994141 0.927007 0.005859 0.008759
7 0.983887 0.918248 0.004883 0.008759
7 0.885254 0.913139 0.004883 0.007299
7 0.839355 0.935036 0.014648 0.051095
7 0.870605 0.921898 0.004883 0.007299
7 0.795410 0.939416 0.014648 0.048175
7 0.590820 0.924818 0.003906 0.007299
