7 0.792007 0.632812 0.059946 0.041875
7 0.896458 0.614375 0.029064 0.023750
7 0.622162 0.649062 0.025431 0.020625
7 0.577657 0.721875 0.021798 0.015000
7 0.395095 0.649375 0.027248 0.021250
7 0.292916 0.646875 0.033606 0.030000
7 0.273388 0.662500 0.030881 0.025000
7 0.147139 0.657813 0.039964 0.029375
7 0.001362 0.655312 0.046322 0.043125
7 0.666667 0.625625 0.014532 0.012500
7 0.655313 0.624375 0.013624 0.011250
7 0.717530 0.624687 0.010899 0.008125
7 0.732970 0.628125 0.009083 0.007500
7 0.917348 0.614062 0.016349 0.011875
7 0.866485 0.629062 0.012716 0.009375
7 0.846049 0.625000 0.013624 0.010000
7 0.872843 0.624687 0.012716 0.011875
7 0.757947 0.621563 0.009991 0.008125
7 0.435513 0.632188 0.004541 0.003125
7 0.625795 0.633437 0.010899 0.008125
