7 0.075000 0.340752 0.033077 0.050445
7 0.151923 0.391691 0.036154 0.057369
7 0.271538 0.364491 0.040000 0.060336
7 0.403077 0.407517 0.030769 0.045500
7 0.603846 0.405539 0.043077 0.079130
7 0.575769 0.392186 0.036154 0.058358
7 0.703077 0.372898 0.035385 0.057369
7 0.945000 0.434224 0.045385 0.067260
7 0.883462 0.368942 0.026923 0.039565
7 0.814615 0.398615 0.024615 0.041543
7 0.724615 0.358061 0.024615 0.037587
7 0.703077 0.372898 0.030769 0.061325
7 0.654615 0.318002 0.013846 0.016815
7 0.579231 0.360040 0.032308 0.051434
7 0.551923 0.354599 0.028462 0.040554
7 0.477692 0.359545 0.020000 0.030663
7 0.403846 0.367458 0.015385 0.022750
7 0.313846 0.370920 0.020000 0.029674
7 0.359615 0.331355 0.013077 0.019782
7 0.351923 0.317507 0.013077 0.017804
7 0.180385 0.371909 0.030000 0.037587
7 0.216923 0.339268 0.020000 0.025717
7 0.120385 0.301682 0.014615 0.019782
7 0.041154 0.322948 0.013077 0.016815
7 0.082308 0.309594 0.010769 0.013848
7 0.091923 0.314540 0.013077 0.019782
7 0.251154 0.250247 0.013077 0.019782
7 0.266154 0.308111 0.015385 0.022750
7 0.397692 0.328882 0.015385 0.018793
7 0.391154 0.317507 0.013077 0.019782
7 0.420385 0.316518 0.013077 0.015826
7 0.431154 0.386746 0.033077 0.049456
7 0.458077 0.310089 0.011538 0.016815
7 0.479615 0.329871 0.013077 0.020772
7 0.498462 0.336795 0.013846 0.020772
7 0.480385 0.328882 0.014615 0.022750
7 0.508462 0.302671 0.010769 0.015826
7 0.546923 0.316518 0.012308 0.017804
7 0.611538 0.321958 0.015385 0.020772
7 0.620769 0.314540 0.015385 0.017804
7 0.797692 0.337290 0.010769 0.013848
7 0.818846 0.347181 0.014615 0.021761
7 0.785385 0.340257 0.010769 0.015826
7 0.790000 0.313551 0.010769 0.015826
7 0.791923 0.288823 0.006923 0.007913
7 0.849615 0.298714 0.006923 0.009891
7 0.895000 0.331355 0.013077 0.017804
7 0.905385 0.328388 0.010769 0.013848
7 0.923846 0.317507 0.012308 0.017804
7 0.876154 0.325915 0.010769 0.018793
7 0.979231 0.275964 0.004615 0.007913
7 0.895385 0.283877 0.004615 0.005935
7 0.900769 0.275964 0.004615 0.005935
7 0.768462 0.275470 0.004615 0.006924
7 0.781538 0.286845 0.010769 0.043521
7 0.793077 0.267557 0.004615 0.004946
7 0.572692 0.281405 0.008462 0.012859
7 0.536923 0.285361 0.007692 0.012859
7 0.971154 0.272008 0.003846 0.005935
