7 0.115250 0.145778 0.049500 0.122667
7 0.205750 0.389333 0.053500 0.126222
7 0.186250 0.224000 0.043500 0.104889
7 0.254750 0.209778 0.041500 0.099556
7 0.326750 0.179111 0.038500 0.086222
7 0.404250 0.194222 0.033500 0.088000
7 0.472250 0.173778 0.038500 0.082667
7 0.528750 0.216889 0.036500 0.080000
7 0.602000 0.205778 0.035000 0.080889
7 0.661250 0.163111 0.036500 0.098667
7 0.738500 0.156444 0.042000 0.090667
7 0.827500 0.144444 0.050000 0.111111
7 0.301750 0.425333 0.047500 0.098667
7 0.377000 0.400000 0.041000 0.106667
7 0.465750 0.381333 0.045500 0.103111
7 0.551500 0.398667 0.038000 0.096889
7 0.655500 0.406667 0.043000 0.100444
7 0.734250 0.426222 0.044500 0.114667
7 0.858000 0.408889 0.051000 0.108444
