7 0.136740 0.544521 0.010129 0.017808
7 0.194751 0.550000 0.008287 0.009589
7 0.207643 0.555479 0.008287 0.012329
7 0.256446 0.531507 0.010129 0.013699
7 0.345764 0.539726 0.008287 0.013699
7 0.412523 0.540411 0.005525 0.006849
7 0.418048 0.525342 0.005525 0.006849
7 0.289595 0.672603 0.081952 0.142466
7 0.493554 0.655479 0.088398 0.127397
7 0.443370 0.667123 0.063536 0.126027
7 0.560773 0.484932 0.046041 0.068493
7 0.601750 0.592466 0.039595 0.064384
7 0.663444 0.680822 0.070902 0.123288
7 0.713168 0.584247 0.026703 0.036986
7 0.713628 0.549315 0.029466 0.049315
7 0.771179 0.568493 0.026703 0.049315
7 0.787293 0.532192 0.022099 0.031507
7 0.740792 0.537671 0.019337 0.034247
7 0.883978 0.724658 0.090239 0.164384
7 0.775322 0.736986 0.051565 0.068493
7 0.961786 0.674658 0.045120 0.075342
7 0.880295 0.554110 0.020258 0.036986
7 0.941529 0.556164 0.024862 0.046575
7 0.895948 0.537671 0.018416 0.034247
