7 0.574194 0.290237 0.103226 0.079156
7 0.261290 0.362137 0.135484 0.088391
7 0.024194 0.552770 0.012903 0.013193
7 0.134677 0.541557 0.011290 0.011873
7 0.158065 0.543536 0.009677 0.010554
7 0.701613 0.470976 0.022581 0.021108
7 0.958065 0.480211 0.019355 0.018470
7 0.886290 0.515831 0.020968 0.018470
7 0.867742 0.521108 0.019355 0.018470
7 0.793548 0.498681 0.012903 0.010554
7 0.803226 0.528364 0.012903 0.014512
7 0.851613 0.517810 0.016129 0.017150
7 0.804839 0.527045 0.012903 0.014512
7 0.824194 0.524406 0.016129 0.017150
7 0.835484 0.521108 0.016129 0.018470
