7 0.963750 0.529081 0.050000 0.078799
7 0.935000 0.713884 0.015000 0.028143
7 0.894375 0.715760 0.013750 0.024390
7 0.816250 0.718574 0.015000 0.026266
7 0.723125 0.592871 0.036250 0.056285
7 0.645625 0.646341 0.033750 0.046904
7 0.495625 0.606942 0.026250 0.043152
7 0.448125 0.555347 0.026250 0.048780
7 0.184375 0.462477 0.048750 0.084428
7 -0.001250 0.612570 0.027500 0.058161
7 0.205000 0.536585 0.035000 0.048780
7 0.235625 0.581614 0.026250 0.048780
7 0.407500 0.624765 0.015000 0.030019
7 0.082500 0.673546 0.022500 0.045028
7 0.917500 0.679174 0.012500 0.018762
7 0.888125 0.674484 0.013750 0.020638
7 0.839375 0.683865 0.016250 0.028143
7 0.788125 0.724203 0.013750 0.022514
7 0.801250 0.685741 0.012500 0.020638
7 0.798750 0.669794 0.012500 0.018762
7 0.934375 0.696060 0.023750 0.078799
7 0.829375 0.672608 0.013750 0.020638
7 0.863125 0.651032 0.011250 0.022514
7 0.838125 0.648218 0.013750 0.024390
7 0.803125 0.654784 0.013750 0.026266
7 0.808125 0.632270 0.013750 0.022514
7 0.837500 0.629456 0.012500 0.020638
7 0.891875 0.618199 0.011250 0.020638
7 0.916875 0.631332 0.011250 0.020638
7 0.934375 0.588180 0.013750 0.020638
7 0.903750 0.597561 0.010000 0.020638
7 0.876875 0.595685 0.011250 0.016886
7 0.838750 0.609756 0.012500 0.022514
7 0.801250 0.611632 0.012500 0.022514
7 0.794375 0.595685 0.011250 0.024390
7 0.822500 0.573171 0.012500 0.020638
7 0.848125 0.578799 0.011250 0.020638
7 0.872500 0.574109 0.010000 0.018762
7 0.900625 0.580675 0.011250 0.020638
7 0.923125 0.556285 0.008750 0.016886
7 0.955625 0.568480 0.013750 0.022514
7 0.923750 0.505629 0.012500 0.024390
7 0.867500 0.560976 0.010000 0.018762
7 0.859375 0.549719 0.011250 0.018762
7 0.837500 0.571295 0.012500 0.016886
7 0.805625 0.575985 0.011250 0.022514
7 0.815625 0.545966 0.011250 0.018762
7 0.776875 0.546904 0.011250 0.020638
7 0.733125 0.769231 0.038750 0.127580
7 0.711875 0.720450 0.011250 0.018762
7 0.705000 0.666979 0.012500 0.024390
7 0.698125 0.650094 0.011250 0.020638
7 0.678750 0.650094 0.010000 0.016886
7 0.691250 0.611632 0.012500 0.022514
7 0.657500 0.616323 0.012500 0.020638
7 0.743750 0.585366 0.012500 0.018762
7 0.750625 0.553471 0.008750 0.015009
7 0.718750 0.546904 0.010000 0.016886
7 0.696875 0.573171 0.011250 0.016886
7 0.700000 0.551595 0.010000 0.018762
7 0.671875 0.550657 0.011250 0.016886
7 0.675625 0.581614 0.011250 0.018762
7 0.668125 0.572233 0.008750 0.018762
7 0.629375 0.717636 0.013750 0.028143
7 0.606875 0.712946 0.013750 0.022514
7 0.630625 0.694184 0.011250 0.022514
7 0.605000 0.664165 0.012500 0.022514
7 0.565625 0.701689 0.013750 0.026266
7 0.540625 0.701689 0.011250 0.018762
7 0.575625 0.655722 0.011250 0.020638
7 0.626875 0.627580 0.011250 0.016886
7 0.601875 0.627580 0.011250 0.020638
7 0.580000 0.644465 0.012500 0.020638
7 0.570625 0.622889 0.011250 0.018762
7 0.541875 0.649156 0.011250 0.018762
7 0.355000 0.714822 0.015000 0.022514
7 0.303125 0.694184 0.011250 0.018762
7 0.260000 0.700750 0.007500 0.016886
7 0.333125 0.656660 0.011250 0.022514
7 0.360625 0.659475 0.011250 0.020638
7 0.303750 0.658537 0.012500 0.022514
7 0.283125 0.653846 0.011250 0.016886
7 0.423125 0.692308 0.013750 0.026266
7 0.420000 0.646341 0.010000 0.020638
7 0.380000 0.644465 0.010000 0.016886
7 0.361875 0.621951 0.011250 0.020638
7 0.345625 0.629456 0.011250 0.020638
7 0.320000 0.622889 0.010000 0.018762
7 0.294375 0.626642 0.011250 0.018762
7 0.633125 0.609756 0.011250 0.022514
7 0.658750 0.598499 0.012500 0.018762
7 0.638125 0.596623 0.008750 0.015009
7 0.611875 0.596623 0.011250 0.018762
7 0.585625 0.611632 0.011250 0.018762
7 0.593750 0.600375 0.010000 0.018762
7 0.613125 0.610694 0.023750 0.076923
7 0.633750 0.581614 0.010000 0.018762
7 0.651875 0.575985 0.008750 0.015009
7 0.646250 0.549719 0.010000 0.015009
7 0.620000 0.551595 0.010000 0.018762
7 0.535625 0.636961 0.011250 0.020638
7 0.556250 0.611632 0.010000 0.018762
7 0.543125 0.606004 0.008750 0.018762
7 0.568750 0.578799 0.010000 0.020638
7 0.587500 0.579737 0.010000 0.018762
7 0.597500 0.572233 0.010000 0.018762
7 0.582500 0.573171 0.010000 0.016886
7 0.548750 0.581614 0.010000 0.018762
7 0.526250 0.601313 0.010000 0.016886
7 0.532500 0.581614 0.010000 0.018762
7 0.600625 0.556285 0.011250 0.016886
7 0.572500 0.558161 0.010000 0.016886
7 0.556250 0.572233 0.010000 0.018762
7 0.552500 0.556285 0.010000 0.020638
7 0.535625 0.555347 0.008750 0.018762
7 0.463125 0.520638 0.008750 0.016886
7 0.491875 0.575047 0.011250 0.020638
7 0.473125 0.567542 0.008750 0.016886
7 0.473125 0.625704 0.011250 0.016886
7 0.396875 0.620075 0.013750 0.020638
7 0.405625 0.606004 0.011250 0.018762
7 0.385625 0.606942 0.013750 0.020638
7 0.387500 0.543152 0.010000 0.016886
7 0.356250 0.544090 0.010000 0.018762
7 0.418750 0.525328 0.010000 0.018762
7 0.415625 0.510319 0.008750 0.015009
7 0.428750 0.510319 0.007500 0.015009
7 0.391250 0.520638 0.010000 0.016886
7 0.398750 0.500938 0.010000 0.018762
7 0.391875 0.507505 0.008750 0.013133
7 0.370000 0.528143 0.010000 0.016886
7 0.371250 0.515947 0.010000 0.015009
7 0.266250 0.629456 0.010000 0.016886
7 0.258750 0.586304 0.012500 0.016886
7 0.275000 0.582552 0.010000 0.020638
7 0.290625 0.577861 0.011250 0.018762
7 0.306875 0.552533 0.013750 0.020638
7 0.323125 0.597561 0.026250 0.110694
7 0.338125 0.551595 0.011250 0.015009
7 0.347500 0.524390 0.010000 0.020638
7 0.353750 0.514071 0.010000 0.022514
7 0.133750 0.686679 0.010000 0.018762
7 0.123125 0.639775 0.011250 0.015009
7 0.100000 0.638837 0.012500 0.020638
7 0.030000 0.652908 0.012500 0.022514
7 0.111875 0.587242 0.008750 0.018762
7 0.093750 0.612570 0.010000 0.016886
7 0.317500 0.530019 0.010000 0.016886
7 0.684375 0.590994 0.008750 0.018762
