7 0.769167 0.600000 0.025000 0.040000
7 0.814167 0.621250 0.013333 0.030000
7 0.710417 0.635625 0.014167 0.023750
7 0.640000 0.645000 0.013333 0.025000
7 0.564167 0.585625 0.028333 0.041250
7 0.573750 0.600000 0.024167 0.032500
7 0.513333 0.598750 0.018333 0.032500
7 0.462500 0.476250 0.028333 0.045000
7 0.423750 0.562500 0.035833 0.052500
7 0.327500 0.584375 0.028333 0.036250
7 0.371250 0.580000 0.027500 0.042500
7 0.982917 0.689375 0.015833 0.026250
7 0.938750 0.663750 0.015833 0.025000
7 0.905417 0.636875 0.012500 0.021250
7 0.927083 0.641250 0.015833 0.025000
7 0.969583 0.651875 0.015833 0.028750
7 0.923750 0.618125 0.010833 0.021250
7 0.941667 0.620625 0.013333 0.021250
7 0.972500 0.613125 0.013333 0.023750
7 0.996667 0.608125 0.011667 0.023750
7 0.937917 0.591875 0.010833 0.018750
7 0.953750 0.584375 0.014167 0.026250
7 0.982917 0.586250 0.014167 0.022500
7 0.969167 0.563125 0.011667 0.021250
7 0.990000 0.556250 0.013333 0.022500
