7 0.833496 0.512463 0.131836 0.186217
7 0.864258 0.542522 0.076172 0.117302
7 0.770020 0.572581 0.047852 0.095308
7 0.631836 0.598974 0.046875 0.086510
7 0.637207 0.546921 0.040039 0.076246
7 0.587891 0.548387 0.029297 0.055718
7 0.492676 0.511730 0.030273 0.061584
7 0.436035 0.485337 0.026367 0.052786
7 0.337402 0.480205 0.096680 0.168622
7 0.197266 0.470674 0.060547 0.102639
7 0.155762 0.503666 0.028320 0.039589
7 0.411621 0.506598 0.008789 0.016129
7 0.375977 0.510264 0.007812 0.011730
7 0.386230 0.519795 0.006836 0.010264
