7 0.008500 0.537333 0.005000 0.008000
7 0.007000 0.520667 0.006000 0.009333
7 0.169000 0.516667 0.006000 0.006667
7 0.188500 0.532000 0.005000 0.008000
7 0.200000 0.518000 0.006000 0.009333
7 0.227500 0.532667 0.005000 0.006667
7 0.238000 0.522667 0.004000 0.005333
7 0.273500 0.524000 0.005000 0.005333
7 0.280000 0.521333 0.006000 0.008000
7 0.293000 0.530667 0.004000 0.005333
7 0.307500 0.533333 0.005000 0.008000
7 0.362000 0.518667 0.004000 0.005333
7 0.378000 0.521333 0.004000 0.005333
7 0.385000 0.524000 0.004000 0.005333
7 0.394500 0.521333 0.005000 0.005333
7 0.423500 0.532000 0.005000 0.005333
7 0.456000 0.532000 0.010000 0.032000
7 0.463000 0.522000 0.004000 0.006667
7 0.546000 0.527333 0.004000 0.004000
7 0.560500 0.523333 0.003000 0.004000
7 0.554500 0.520000 0.005000 0.005333
7 0.596000 0.536667 0.012000 0.038667
7 0.603000 0.522667 0.004000 0.005333
7 0.692000 0.520667 0.006000 0.006667
7 0.703500 0.520667 0.005000 0.006667
7 0.724500 0.537333 0.009000 0.034667
7 0.730000 0.538667 0.008000 0.034667
7 0.745500 0.534667 0.005000 0.008000
7 0.737500 0.542000 0.015000 0.030667
7 0.772000 0.544667 0.016000 0.038667
7 0.787000 0.521333 0.006000 0.008000
7 0.827500 0.533333 0.005000 0.008000
7 0.857500 0.535333 0.007000 0.009333
7 0.884500 0.547333 0.017000 0.038667
7 0.899000 0.550000 0.020000 0.033333
7 0.907500 0.522667 0.005000 0.008000
7 0.936000 0.541333 0.006000 0.008000
7 0.951000 0.544000 0.014000 0.050667
7 0.968500 0.549333 0.017000 0.037333
7 0.959000 0.542667 0.006000 0.008000
7 0.985500 0.518667 0.007000 0.010667
7 0.065500 0.585333 0.023000 0.034667
7 0.064500 0.587333 0.023000 0.033333
7 0.195000 0.580667 0.022000 0.030667
7 0.349500 0.524667 0.019000 0.033333
7 0.438000 0.610667 0.020000 0.026667
7 0.579000 0.630000 0.020000 0.025333
7 0.643000 0.514667 0.038000 0.058667
7 0.708000 0.610667 0.020000 0.029333
7 0.814000 0.584667 0.016000 0.028000
7 0.839000 0.590000 0.014000 0.020000
7 0.875000 0.580000 0.014000 0.021333
7 0.888500 0.582000 0.019000 0.028000
7 0.944000 0.582667 0.020000 0.026667
7 0.989500 0.593333 0.019000 0.024000
7 0.995000 0.610000 0.016000 0.022667
