7 0.087891 -0.078993 0.019531 0.036458
7 0.039551 0.037326 0.016602 0.039931
7 0.091309 0.087674 0.020508 0.043403
7 0.132324 0.098090 0.020508 0.039931
7 0.136719 0.013021 0.017578 0.036458
7 0.180664 -0.013021 0.017578 0.029514
7 0.237305 -0.074653 0.019531 0.031250
7 0.199707 0.238715 0.020508 0.039931
7 0.272949 0.222222 0.024414 0.045139
7 0.302734 0.308160 0.017578 0.039931
7 0.385254 0.243924 0.020508 0.039931
7 0.399902 0.242188 0.016602 0.039931
7 0.473145 0.256944 0.020508 0.045139
7 0.537109 0.264757 0.019531 0.050347
7 0.482910 0.080729 0.022461 0.057292
7 0.539062 0.044271 0.015625 0.036458
7 0.543945 0.077257 0.021484 0.050347
7 0.615234 0.081597 0.023438 0.048611
7 0.693359 0.019965 0.019531 0.036458
7 0.707031 0.099826 0.023438 0.039931
7 0.748535 0.032118 0.022461 0.043403
7 0.784668 0.078125 0.020508 0.041667
7 0.832520 0.026910 0.020508 0.036458
7 0.841797 0.094618 0.021484 0.046875
7 0.898926 0.041667 0.022461 0.052083
7 0.953613 0.060764 0.016602 0.034722
7 0.930176 0.015625 0.018555 0.041667
7 0.230957 0.457465 0.036133 0.078125
7 0.261719 0.431424 0.031250 0.067708
7 0.277344 0.584201 0.031250 0.071181
7 0.402832 0.438368 0.034180 0.074653
7 0.335449 0.584201 0.032227 0.064236
7 0.402832 0.438368 0.030273 0.071181
7 0.406250 0.563368 0.033203 0.078125
7 0.458008 0.606771 0.027344 0.074653
7 0.448730 0.467882 0.032227 0.064236
7 0.508789 0.439236 0.033203 0.065972
7 0.514160 0.581597 0.028320 0.072917
7 0.524902 0.501736 0.030273 0.069444
7 0.562500 0.455729 0.037109 0.074653
7 0.608398 0.490451 0.029297 0.064236
7 0.597656 0.582465 0.027344 0.067708
7 0.652832 0.578993 0.028320 0.067708
7 0.643066 0.457465 0.026367 0.067708
7 0.669434 0.473090 0.032227 0.074653
7 0.735352 0.440104 0.023438 0.053819
7 0.332031 0.470486 0.031250 0.065972
