7 0.020000 0.150262 0.021538 0.030366
7 0.051923 0.183770 0.014615 0.021990
7 0.081923 0.187958 0.017692 0.028272
7 0.204615 0.230890 0.015385 0.021990
7 0.158462 0.226178 0.013846 0.020942
7 0.244615 0.181152 0.016923 0.027225
7 0.284615 0.167016 0.015385 0.028272
7 0.370385 0.232461 0.019231 0.033508
7 0.421923 0.190052 0.019231 0.028272
7 0.535385 0.200524 0.013846 0.024084
7 0.540385 0.202618 0.014615 0.024084
7 0.947308 0.200000 0.014615 0.018848
7 0.907692 0.489529 0.070769 0.130890
7 0.251923 0.389529 0.054615 0.083770
7 0.345385 0.259162 0.049231 0.095288
7 0.478462 0.389005 0.066154 0.103665
7 0.566538 0.304712 0.043846 0.071204
7 0.919615 0.211518 0.016154 0.023037
7 0.006154 0.006806 0.013846 0.019895
