7 0.964000 0.416667 0.012000 0.019520
7 0.904500 0.489489 0.031000 0.054054
7 0.996500 0.512763 0.035000 0.067568
7 0.884000 0.518769 0.040000 0.064565
7 0.814000 0.551802 0.066000 0.109610
7 0.758000 0.596096 0.066000 0.108108
7 0.714000 0.619369 0.090000 0.172673
7 0.460500 0.725976 0.107000 0.172673
7 0.214000 0.638138 0.090000 0.156156
7 0.260000 0.615616 0.054000 0.120120
7 0.303500 0.577327 0.051000 0.091592
7 0.459000 0.568318 0.044000 0.082583
7 0.587000 0.577327 0.042000 0.082583
7 0.662500 0.561562 0.049000 0.090090
7 0.976500 0.478228 0.019000 0.031532
7 0.680500 0.472973 0.017000 0.027027
7 0.660500 0.475976 0.015000 0.024024
7 0.618500 0.477477 0.017000 0.027027
7 0.560500 0.490991 0.013000 0.027027
7 0.548000 0.482733 0.014000 0.022523
7 0.533500 0.481982 0.013000 0.021021
7 0.403000 0.483483 0.016000 0.027027
7 0.353500 0.496246 0.017000 0.025526
7 0.306500 0.497748 0.017000 0.031532
7 0.231500 0.515015 0.035000 0.054054
7 0.189000 0.510511 0.034000 0.048048
7 0.121500 0.515015 0.027000 0.042042
7 0.058000 0.510511 0.026000 0.051051
7 0.525500 0.479730 0.013000 0.022523
7 0.977000 0.476727 0.020000 0.028529
