7 0.856250 0.710000 0.025000 0.064444
7 0.987500 0.673333 0.025000 0.044444
7 0.945000 0.646667 0.017500 0.031111
7 0.893750 0.653333 0.017500 0.031111
7 0.781875 0.657778 0.016250 0.035556
7 0.825625 0.662222 0.013750 0.026667
7 0.882500 0.660000 0.012500 0.026667
7 0.864375 0.652222 0.016250 0.037778
7 0.745000 0.677778 0.010000 0.017778
7 0.735000 0.664444 0.010000 0.017778
7 0.681250 0.692222 0.010000 0.015556
7 0.670625 0.655556 0.008750 0.017778
7 0.671250 0.652222 0.007500 0.015556
7 0.634375 0.662222 0.011250 0.022222
7 0.651875 0.664444 0.008750 0.017778
7 0.613125 0.683333 0.006250 0.011111
7 0.572500 0.660000 0.010000 0.022222
7 0.562500 0.652222 0.007500 0.015556
7 0.538125 0.664444 0.011250 0.022222
7 0.510625 0.662222 0.006250 0.013333
7 0.486250 0.674444 0.007500 0.015556
7 0.467500 0.686667 0.015000 0.031111
7 0.414375 0.680000 0.016250 0.040000
7 0.433125 0.720000 0.016250 0.084444
7 0.440625 0.694444 0.006250 0.011111
7 0.393750 0.663333 0.007500 0.015556
7 0.372500 0.664444 0.007500 0.017778
7 0.201875 0.684444 0.021250 0.040000
7 0.143125 0.718889 0.023750 0.046667
7 0.066250 0.734444 0.010000 0.015556
7 0.045625 0.837778 0.016250 0.031111
7 0.083750 0.845556 0.015000 0.028889
7 0.099375 0.850000 0.013750 0.028889
7 0.021875 0.713333 0.008750 0.017778
7 0.001250 0.715556 0.007500 0.013333
7 0.616875 0.683333 0.006250 0.011111
7 0.871250 0.691111 0.015000 0.031111
