7 0.416440 0.629076 0.091033 0.091486
7 0.631114 0.579257 0.093750 0.078804
7 0.855978 0.500453 0.086957 0.075181
7 0.665761 0.405344 0.081522 0.069746
7 0.731658 0.326087 0.074728 0.077899
7 0.808424 0.281250 0.076087 0.062500
7 0.271739 0.519475 0.086957 0.071558
7 0.173234 0.427083 0.080163 0.084239
7 0.306386 0.408514 0.091033 0.070652
7 0.456522 0.398098 0.097826 0.053442
7 0.523098 0.387681 0.097826 0.077899
7 0.124321 0.317482 0.074728 0.060688
7 0.258832 0.310688 0.072011 0.070652
7 0.365489 0.287591 0.073370 0.064312
7 0.280571 0.274909 0.066576 0.053442
7 0.363451 0.285779 0.074728 0.066123
7 0.578125 0.305254 0.074728 0.074275
7 0.641984 0.267210 0.072011 0.061594
