7 0.992857 0.954737 0.100000 0.347368
7 0.824603 0.965263 0.055556 0.271579
7 0.945238 0.940000 0.033333 0.048421
7 0.747619 0.908421 0.069841 0.216842
7 0.661905 0.844211 0.025397 0.033684
7 0.558730 0.778947 0.015873 0.025263
7 0.493651 0.758947 0.012698 0.023158
7 0.448413 0.810526 0.020635 0.029474
7 0.393651 0.816842 0.022222 0.029474
7 0.373016 0.745263 0.012698 0.021053
7 0.323016 0.766316 0.017460 0.025263
7 0.205556 0.781053 0.061905 0.101053
7 0.085714 0.678947 0.044444 0.073684
7 0.300794 0.778947 0.017460 0.025263
7 0.281746 0.760000 0.017460 0.021053
7 0.232540 0.742105 0.017460 0.027368
7 0.165873 0.750526 0.026984 0.044211
7 0.136508 0.736842 0.028571 0.046316
7 0.012698 0.678947 0.028571 0.044211
7 0.263492 0.795789 0.031746 0.046316
