7 0.729688 0.265695 0.050000 0.078475
7 0.674219 0.293722 0.045312 0.071749
7 0.578125 0.291480 0.046875 0.067265
7 0.607812 0.299327 0.040625 0.073991
7 0.521094 0.366592 0.023438 0.042601
7 0.464844 0.313901 0.045312 0.080717
7 0.397656 0.312780 0.045312 0.087444
7 0.340625 0.522422 0.062500 0.103139
7 0.345313 0.280269 0.046875 0.080717
7 0.210938 0.494395 0.043750 0.078475
7 0.321875 0.291480 0.031250 0.058296
7 0.218750 0.353139 0.037500 0.060538
7 0.199219 0.326233 0.032813 0.047085
7 0.249219 0.341928 0.020313 0.024664
7 0.091406 0.400224 0.039062 0.056054
7 0.018750 0.406951 0.031250 0.051570
