7 0.033375 0.437294 0.017305 0.023102
7 0.193449 0.400990 0.025958 0.046205
7 0.176761 0.425743 0.032138 0.056106
7 0.239802 0.436469 0.034611 0.057756
7 0.273795 0.397690 0.028430 0.056106
7 0.317058 0.398515 0.028430 0.051155
7 0.368974 0.374587 0.035847 0.056106
7 0.536465 0.353960 0.032138 0.057756
7 0.647095 0.367987 0.033375 0.056106
7 0.809642 0.396040 0.042027 0.069307
7 0.702719 0.380363 0.038319 0.057756
7 0.605068 0.396865 0.040791 0.064356
7 0.511125 0.394389 0.035847 0.062706
7 0.446848 0.480198 0.035847 0.056106
7 0.365884 0.473597 0.039555 0.062706
7 0.284302 0.468647 0.037083 0.066007
