7 0.184000 0.415292 0.032000 0.056972
7 0.236500 0.410045 0.037000 0.070465
7 0.308500 0.420540 0.013000 0.022489
7 0.501000 0.429535 0.028000 0.049475
7 0.580500 0.405547 0.013000 0.019490
7 0.602500 0.436282 0.009000 0.014993
7 0.658500 0.437781 0.007000 0.011994
7 0.669000 0.435532 0.008000 0.013493
7 0.692500 0.437781 0.011000 0.017991
7 0.705000 0.434033 0.010000 0.019490
7 0.727000 0.443028 0.012000 0.022489
7 0.754000 0.434033 0.014000 0.025487
7 0.795500 0.442279 0.015000 0.023988
7 0.837000 0.413043 0.020000 0.034483
7 0.844000 0.449025 0.016000 0.034483
