7 0.008368 0.235156 0.013947 0.007812
7 0.227336 0.237109 0.016736 0.008594
7 0.260112 0.241406 0.015342 0.007812
7 0.270572 0.227734 0.011158 0.007031
7 0.327755 0.257031 0.044630 0.031250
7 0.734310 0.234375 0.032078 0.020313
7 0.708508 0.286719 0.033473 0.015625
7 0.821478 0.225781 0.030683 0.021875
7 0.844491 0.225000 0.037657 0.026562
7 0.171548 0.266406 0.103208 0.079687
7 0.355649 0.283594 0.100418 0.076563
7 0.578801 0.286719 0.086471 0.071875
7 0.760112 0.270313 0.089261 0.065625
7 0.937238 0.234766 0.094840 0.078906
7 0.165969 0.419922 0.117155 0.077344
7 0.429568 0.413672 0.103208 0.071094
7 0.612971 0.460938 0.104603 0.076563
7 0.801953 0.457813 0.111576 0.078125
7 0.456067 0.535547 0.103208 0.072656
