7 0.299615 0.550840 0.090000 0.140858
7 0.455385 0.479478 0.038462 0.052239
7 0.501538 0.497201 0.043077 0.069030
7 0.769231 0.448228 0.046154 0.071828
7 0.758846 0.469216 0.023846 0.033582
7 0.890769 0.443563 0.024615 0.040112
7 0.865385 0.441231 0.023077 0.029851
7 0.846538 0.434235 0.013077 0.019590
7 0.910769 0.437500 0.007692 0.009328
7 0.945769 0.432836 0.006923 0.009328
7 0.933846 0.432836 0.003077 0.003731
7 0.957308 0.435168 0.003846 0.004664
7 0.075769 0.458022 0.010000 0.013060
7 0.083846 0.452892 0.009231 0.012127
7 0.093077 0.457090 0.009231 0.011194
7 0.336154 0.447295 0.006154 0.008396
7 0.343462 0.450560 0.006923 0.009328
7 0.485000 0.444963 0.003846 0.005597
7 0.520769 0.444963 0.004615 0.005597
7 0.527692 0.447761 0.004615 0.005597
7 0.531923 0.460821 0.006923 0.026119
7 0.551923 0.440299 0.005385 0.007463
