7 0.021277 0.126966 0.050736 0.080899
7 0.121931 0.075843 0.045827 0.066292
7 0.143617 0.175843 0.030278 0.059551
7 0.180851 0.167978 0.034370 0.059551
7 0.249591 0.109551 0.044190 0.073034
7 0.297054 0.111798 0.032733 0.055056
7 0.297054 0.110674 0.031097 0.057303
7 0.304010 0.437079 0.063011 0.103371
7 0.520458 0.161236 0.062193 0.124719
7 0.659574 0.373596 0.067103 0.122472
7 0.428805 0.173034 0.065466 0.119101
7 0.385025 0.197191 0.058101 0.100000
7 0.634206 0.202809 0.054010 0.095506
7 0.743863 0.224719 0.047463 0.087640
7 0.795827 0.184270 0.056465 0.080899
7 0.817103 0.205618 0.051555 0.089888
7 1.044599 -0.099438 0.100655 0.131461
