7 0.016406 0.561806 0.015625 0.034722
7 0.135937 0.400000 0.012500 0.022222
7 0.206250 0.313889 0.010937 0.022222
7 0.243359 0.467361 0.013281 0.026389
7 0.302344 0.469444 0.010937 0.022222
7 0.318359 0.335417 0.008594 0.015278
7 0.432422 0.377778 0.008594 0.022222
7 0.471875 0.372222 0.010937 0.025000
7 0.526563 0.380556 0.010937 0.022222
7 0.374609 0.579861 0.013281 0.026389
7 0.511328 0.556944 0.014844 0.030556
7 0.636328 0.534722 0.011719 0.025000
7 0.604688 0.386111 0.012500 0.025000
7 0.594141 0.339583 0.010156 0.023611
7 0.666016 0.265278 0.007031 0.016667
7 0.787500 0.269444 0.014063 0.025000
7 0.020313 0.406250 0.054688 0.109722
7 0.023047 0.356944 0.008594 0.016667
7 0.053125 0.381250 0.020313 0.065278
7 0.050000 0.336806 0.020313 0.051389
7 0.060156 0.327778 0.015625 0.047222
7 0.069922 0.365972 0.030469 0.090278
7 0.084375 0.323611 0.023438 0.047222
7 0.077344 0.279167 0.018750 0.086111
7 0.087891 0.256250 0.007031 0.012500
7 0.093359 0.235417 0.007031 0.012500
7 0.116797 0.236806 0.007031 0.012500
7 0.136719 0.227083 0.007812 0.015278
7 0.151562 0.208333 0.017188 0.044444
7 0.178516 0.206250 0.017969 0.043056
7 0.194531 0.204167 0.017188 0.044444
7 0.387891 0.160417 0.005469 0.009722
7 0.387500 0.215278 0.006250 0.013889
7 0.434766 0.237500 0.007031 0.013889
7 0.476562 0.226389 0.007812 0.016667
7 0.547266 0.145833 0.005469 0.013889
7 0.565625 0.141667 0.006250 0.013889
7 0.630078 0.186806 0.005469 0.012500
7 0.645703 0.136806 0.005469 0.012500
7 0.666406 0.138889 0.006250 0.013889
7 0.645703 0.186111 0.005469 0.011111
7 0.659375 0.186806 0.006250 0.012500
7 0.704297 0.140278 0.005469 0.011111
7 0.717187 0.148611 0.006250 0.011111
7 0.732031 0.142361 0.006250 0.015278
7 0.732422 0.163194 0.007031 0.012500
7 0.721484 0.192361 0.005469 0.009722
7 0.728906 0.195139 0.006250 0.012500
7 0.737500 0.223611 0.006250 0.011111
7 0.741016 0.190972 0.005469 0.009722
7 0.746094 0.146528 0.006250 0.012500
7 0.754687 0.193750 0.004687 0.009722
7 0.758594 0.150000 0.004687 0.011111
7 0.770703 0.144444 0.005469 0.011111
7 0.787891 0.145833 0.005469 0.013889
7 0.805469 0.146528 0.004687 0.012500
7 0.925000 0.295833 0.009375 0.016667
7 0.937109 0.295833 0.010156 0.016667
7 0.971875 0.295139 0.009375 0.020833
7 0.977734 0.304167 0.010156 0.019444
7 0.997266 0.334722 0.008594 0.016667
