7 0.185000 0.559312 0.040667 0.093713
7 0.206667 0.503559 0.040000 0.077106
7 0.273000 0.475089 0.043333 0.081851
7 0.323667 0.592527 0.031333 0.067616
7 0.339000 0.520166 0.031333 0.069988
7 0.409000 0.460261 0.030000 0.068802
7 0.533000 0.463227 0.035333 0.084223
7 0.581667 0.475089 0.043333 0.081851
7 0.629000 0.536773 0.040667 0.096085
7 0.665333 0.578292 0.046667 0.086595
7 0.748667 0.733689 0.056000 0.107948
7 0.614667 0.454923 0.037333 0.086595
7 0.883000 0.416963 0.032667 0.072361
7 0.747333 0.417556 0.032000 0.064057
7 0.786000 0.413405 0.025333 0.065243
7 0.969667 0.462040 0.030000 0.055753
7 0.953667 0.405694 0.028667 0.047450
7 0.852667 0.295374 0.018667 0.040332
7 0.647667 0.242586 0.015333 0.024911
7 0.375000 0.326809 0.020667 0.046263
7 0.328000 0.285291 0.020000 0.034401
7 0.315667 0.389087 0.026000 0.054567
7 0.300000 0.402135 0.029333 0.054567
7 0.240667 0.240214 0.016000 0.032028
7 0.210000 0.231910 0.014667 0.024911
7 0.174667 0.224792 0.017333 0.032028
7 0.257000 0.409846 0.032667 0.055753
7 0.220000 0.372479 0.033333 0.059312
7 0.193667 0.441874 0.034000 0.077106
7 0.164667 0.376631 0.028000 0.055753
7 0.104333 0.435943 0.034000 0.074733
7 0.131000 0.392052 0.032667 0.053381
7 0.064667 0.325030 0.020000 0.037960
7 0.359000 0.734282 0.067333 0.139976
7 0.639333 0.336892 0.022667 0.040332
7 0.586333 0.328588 0.016667 0.033215
7 0.555333 0.325030 0.020000 0.042705
7 0.415667 0.270463 0.015333 0.026097
7 0.452667 0.383749 0.040000 0.212337
7 0.489333 0.310795 0.016000 0.028470
7 0.078000 0.297746 0.018667 0.042705
7 0.086000 0.248517 0.012000 0.024911
7 0.207000 0.211744 0.014000 0.029656
7 0.361000 0.281732 0.018000 0.034401
7 0.371333 0.269870 0.014667 0.032028
7 0.617000 0.279953 0.014000 0.026097
7 0.580000 0.268090 0.013333 0.023725
7 0.617333 0.251483 0.009333 0.014235
7 0.705333 0.337485 0.029333 0.053381
7 0.727000 0.282918 0.015333 0.029656
7 0.710000 0.286477 0.016000 0.032028
7 0.778000 0.286477 0.020000 0.039146
7 0.797667 0.367734 0.019333 0.045077
7 0.825667 0.301898 0.022000 0.046263
7 0.848667 0.341637 0.024000 0.042705
7 0.886667 0.333333 0.021333 0.040332
7 0.949333 0.332740 0.022667 0.043891
7 0.930000 0.351127 0.018667 0.035587
7 0.997333 0.262752 0.014667 0.027284
7 0.036667 0.390866 0.061333 0.278766
7 0.318667 0.343416 0.022667 0.043891
7 0.727667 0.362396 0.022000 0.043891
7 0.753667 0.387900 0.030000 0.056940
