7 0.251953 0.501953 0.013672 0.022135
7 0.272949 0.516276 0.016602 0.022135
7 0.295410 0.501302 0.010742 0.015625
7 0.328613 0.511719 0.012695 0.020833
7 0.379395 0.512370 0.018555 0.032552
7 0.420410 0.492188 0.012695 0.020833
7 0.230469 0.505859 0.019531 0.027344
7 0.171875 0.544271 0.027344 0.033854
7 0.297363 0.543620 0.036133 0.055990
7 0.357422 0.519531 0.021484 0.031250
7 0.451660 0.532552 0.032227 0.049479
7 0.524902 0.535156 0.026367 0.046875
7 0.554688 0.494792 0.013672 0.018229
7 0.640137 0.522786 0.024414 0.042969
7 0.720703 0.539714 0.037109 0.055990
7 0.914062 0.587891 0.042969 0.066406
7 0.320801 0.516927 0.020508 0.028646
7 0.396484 0.518229 0.013672 0.020833
