7 -0.045000 0.591564 0.014444 0.026749
7 0.030556 0.510288 0.016667 0.032922
7 0.114444 0.477366 0.013333 0.024691
7 0.190556 0.455761 0.027778 0.059671
7 0.416667 0.452675 0.004444 0.008230
7 0.415000 0.478395 0.005556 0.010288
7 0.427222 0.490741 0.016667 0.043210
7 0.460000 0.492798 0.013333 0.039095
7 0.453889 0.502058 0.007778 0.020576
7 0.443333 0.494856 0.013333 0.039095
7 0.631667 0.457819 0.005556 0.010288
7 0.617222 0.476337 0.005556 0.010288
7 0.706111 0.475309 0.010000 0.016461
7 0.732222 0.461934 0.011111 0.018519
7 0.762778 0.460905 0.005556 0.012346
7 0.846111 0.508230 0.014444 0.028807
7 0.986667 0.533951 0.028889 0.051440
7 0.464444 0.601852 0.015556 0.026749
7 0.522222 0.589506 0.008889 0.018519
7 0.578889 0.593621 0.020000 0.030864
7 0.594444 0.653292 0.017778 0.034979
7 0.588889 0.810700 0.026667 0.061728
7 0.458889 0.708848 0.017778 0.047325
7 0.441667 0.657407 0.016667 0.034979
7 0.157222 0.342593 0.005556 0.010288
7 0.175000 0.343621 0.007778 0.016461
7 0.238333 0.391975 0.014444 0.063786
