7 0.684253 0.566921 0.008929 0.020427
7 0.656149 0.565701 0.009537 0.016159
7 0.631696 0.558079 0.009334 0.015549
7 0.509537 0.561890 0.007711 0.014024
7 0.043933 0.354573 0.070820 0.104268
7 0.109274 0.466159 0.043222 0.071951
7 0.168527 0.458232 0.047687 0.076220
7 0.260045 0.394055 0.058644 0.099695
7 0.334416 0.446951 0.043019 0.079878
7 0.438007 0.447256 0.042005 0.075610
7 0.423194 0.392988 0.052557 0.092073
7 0.567066 0.441006 0.055804 0.092378
7 0.825994 0.408994 0.111404 0.144817
7 0.766538 0.480488 0.053774 0.103659
