7 0.036500 0.455371 0.007000 0.012103
7 0.057000 0.403177 0.018000 0.031770
7 0.149500 0.391831 0.045000 0.078669
7 0.186000 0.349470 0.040000 0.075643
7 0.274000 0.370651 0.040000 0.069592
7 0.337500 0.400151 0.037000 0.059002
7 0.397000 0.375946 0.034000 0.065053
7 0.448500 0.374433 0.035000 0.077156
7 0.480000 0.340393 0.032000 0.063540
7 0.514500 0.321483 0.031000 0.055976
7 0.550500 0.380484 0.039000 0.080182
7 0.626000 0.401664 0.036000 0.068079
7 0.599500 0.360817 0.035000 0.065053
7 0.673000 0.350983 0.034000 0.069592
7 0.711500 0.386536 0.037000 0.065053
7 0.757500 0.391831 0.045000 0.075643
7 0.826500 0.406959 0.039000 0.072617
7 0.758000 0.602118 0.050000 0.084720
7 0.693000 0.540091 0.040000 0.069592
7 0.595000 0.540847 0.042000 0.083207
7 0.512500 0.489410 0.039000 0.077156
7 0.420500 0.515129 0.043000 0.077156
7 0.332500 0.552194 0.041000 0.075643
7 0.273000 0.485628 0.038000 0.075643
7 0.231000 0.577912 0.052000 0.093797
7 0.935500 0.403177 0.021000 0.034796
7 0.900000 0.451589 0.016000 0.025719
7 0.961000 0.432678 0.012000 0.024206
7 0.976500 0.444024 0.015000 0.025719
7 0.886000 0.444024 0.008000 0.013616
7 0.883500 0.455371 0.003000 0.006051
