7 0.034583 0.443889 0.027500 0.038889
7 0.063750 0.450000 0.012500 0.022222
7 0.065000 0.475556 0.018333 0.031111
7 0.129167 0.441667 0.013333 0.023333
7 0.123333 0.503889 0.016667 0.027778
7 0.228333 0.420000 0.026667 0.046667
7 0.238750 0.426111 0.032500 0.043333
7 0.256667 0.463889 0.020000 0.034444
7 0.324583 0.478333 0.034167 0.052222
7 0.312083 0.424444 0.019167 0.031111
7 0.361667 0.471667 0.020000 0.027778
7 0.385000 0.437778 0.015000 0.024444
7 0.414167 0.458333 0.015000 0.023333
7 0.442917 0.413889 0.019167 0.032222
7 0.434167 0.393333 0.011667 0.020000
7 0.484167 0.466667 0.016667 0.026667
7 0.524583 0.433889 0.014167 0.018889
7 0.658333 0.434444 0.018333 0.031111
7 0.760000 0.396111 0.016667 0.030000
7 0.829167 0.411111 0.016667 0.024444
7 0.874167 0.413889 0.025000 0.045556
7 0.980833 0.395000 0.048333 0.070000
7 0.892500 0.403333 0.033333 0.044444
7 0.570000 0.307222 0.045000 0.067778
7 0.781667 0.392778 0.038333 0.052222
