7 0.406358 0.763309 0.024277 0.015827
7 0.498266 0.775540 0.013873 0.008633
7 0.568208 0.783453 0.017341 0.014388
7 0.649711 0.780216 0.016185 0.012230
7 0.626012 0.784892 0.021965 0.012950
7 0.754335 0.787770 0.019653 0.014388
7 0.703468 0.787410 0.015029 0.012230
7 0.727168 0.793885 0.018497 0.012230
7 0.775723 0.782734 0.020809 0.012950
7 0.843353 0.784173 0.017341 0.012950
7 0.214451 0.773022 0.010405 0.006475
7 0.150867 0.772662 0.008092 0.005755
7 0.674566 0.782014 0.012717 0.008633
7 0.569364 0.783813 0.017341 0.012230
