7 0.040370 0.751641 0.020428 0.035740
7 0.061770 0.766958 0.021401 0.043034
7 0.068093 0.837345 0.023346 0.040846
7 0.086576 0.811451 0.019455 0.040117
7 0.088278 0.739606 0.021887 0.039387
7 0.131566 0.715536 0.017996 0.033552
7 0.379621 0.685266 0.019942 0.040117
7 0.404912 0.739241 0.021887 0.041575
7 0.432393 0.691101 0.020428 0.035740
7 0.496839 0.677972 0.021887 0.045952
7 0.404669 0.738877 0.021401 0.040846
7 0.374514 0.809628 0.021401 0.043764
7 0.421206 0.805616 0.027237 0.047411
7 0.440175 0.780088 0.024319 0.041575
7 0.460117 0.740700 0.023346 0.047411
7 0.506809 0.723924 0.025292 0.040117
7 0.557636 0.716265 0.022860 0.042305
7 0.582198 0.711524 0.019455 0.040117
7 0.609436 0.774617 0.023346 0.045222
7 0.637646 0.690737 0.023346 0.046681
7 0.650778 0.724654 0.024319 0.044493
7 0.675097 0.757841 0.023346 0.042305
7 0.701605 0.804158 0.020914 0.041575
7 0.725195 0.756018 0.023346 0.043034
7 0.745866 0.702407 0.024805 0.043764
7 0.760944 0.743253 0.020914 0.042305
7 0.814689 0.665937 0.022374 0.043764
7 0.819796 0.730124 0.023833 0.037929
7 0.801070 0.790299 0.021401 0.037199
7 0.837062 0.747994 0.024319 0.047411
7 0.888375 0.731218 0.022860 0.040117
7 0.901994 0.769147 0.023833 0.044493
7 0.949903 0.785923 0.024319 0.047411
7 0.940905 0.696937 0.019942 0.043034
7 0.958171 0.708607 0.025292 0.043034
7 0.990029 0.769147 0.027724 0.060540
7 0.210117 0.609774 0.039883 0.068563
7 0.241975 0.337710 0.048152 0.086069
7 0.346790 0.388038 0.061284 0.072939
