7 0.132739 0.543750 0.060976 0.090000
7 0.114447 0.502500 0.045028 0.070000
7 0.219512 0.588125 0.052533 0.081250
7 0.342402 0.569375 0.050657 0.083750
7 0.407129 0.570625 0.045028 0.071250
7 0.514540 0.562500 0.040338 0.070000
7 0.594747 0.534375 0.043152 0.068750
7 0.659475 0.550625 0.035647 0.061250
7 0.817542 0.538125 0.038462 0.061250
7 0.875235 0.498750 0.030019 0.042500
7 0.798780 0.473125 0.027205 0.046250
7 0.717167 0.495000 0.029081 0.047500
7 0.755159 0.478750 0.031895 0.045000
7 0.750000 0.392500 0.029081 0.042500
7 0.690901 0.388125 0.029081 0.043750
7 0.667917 0.482500 0.031895 0.055000
7 0.647280 0.474375 0.024390 0.046250
7 0.603189 0.463750 0.037523 0.055000
7 0.541745 0.497500 0.034709 0.055000
7 0.527205 0.436875 0.033771 0.058750
7 0.497655 0.491875 0.036585 0.061250
7 0.476548 0.451875 0.035647 0.053750
7 0.442308 0.503750 0.036585 0.062500
7 0.360225 0.500625 0.041276 0.066250
7 0.281895 0.480000 0.047842 0.080000
7 0.185741 0.494375 0.050657 0.076250
7 0.222326 0.448750 0.043152 0.067500
7 0.332083 0.482500 0.039400 0.062500
7 0.402439 0.468750 0.039400 0.060000
