7 0.056281 0.465147 0.056281 0.091153
7 0.133166 0.497989 0.067337 0.087131
7 0.312563 0.486595 0.064322 0.085791
7 0.270352 0.503351 0.026131 0.038874
7 0.402010 0.499330 0.044221 0.063003
7 0.444221 0.516086 0.024121 0.034853
7 0.474874 0.521448 0.041206 0.053619
7 0.526633 0.493968 0.032161 0.057641
7 0.568342 0.512735 0.031156 0.044236
7 0.594472 0.510724 0.007035 0.010724
7 0.625628 0.471180 0.049246 0.076408
7 0.695980 0.519437 0.021106 0.028150
7 0.696985 0.523458 0.023116 0.036193
7 0.716583 0.494638 0.030151 0.042895
7 0.770352 0.500670 0.025126 0.036193
7 0.781910 0.488606 0.024121 0.036193
7 0.838693 0.508043 0.023116 0.037534
7 0.870352 0.521448 0.020101 0.029491
7 0.937688 0.501340 0.028141 0.037534
7 0.917588 0.514075 0.018090 0.025469
7 0.950251 0.603887 0.041206 0.186327
7 0.995980 0.512064 0.024121 0.034853
7 0.996482 0.502011 0.023116 0.036193
7 0.868844 0.180965 0.075377 0.327078
7 0.102513 0.284182 0.022111 0.126005
7 0.199497 0.346515 0.023116 0.095174
