7 0.637834 0.106250 0.052039 0.122500
7 0.923347 0.095000 0.066104 0.140000
7 0.718003 0.095000 0.074543 0.165000
7 0.441632 0.167500 0.059072 0.130000
7 0.365682 0.092500 0.042194 0.100000
7 0.325598 0.545000 0.054852 0.140000
7 0.285513 0.058750 0.045007 0.117500
7 0.205345 0.122500 0.053446 0.120000
7 0.037271 0.063750 0.046414 0.097500
7 0.815049 0.095000 0.046414 0.100000
7 0.441632 0.166250 0.064698 0.137500
7 0.390295 0.050000 0.040788 0.095000
7 0.249648 0.028750 0.046414 0.092500
7 0.214487 0.065000 0.054852 0.115000
