7 0.166840 0.088983 0.067568 0.127119
7 0.494802 0.326271 0.051975 0.093220
7 0.818087 0.211017 0.056133 0.113559
7 0.639293 0.526271 0.041580 0.076271
7 0.412682 -0.051695 0.027027 0.038983
7 0.313929 -0.068644 0.035343 0.049153
7 0.054574 0.582203 0.030146 0.045763
7 0.688150 0.197458 0.035343 0.079661
7 0.636175 0.138136 0.035343 0.066102
7 0.347713 0.422034 0.036383 0.074576
7 0.732848 0.453390 0.037422 0.076271
7 0.897089 0.555085 0.039501 0.066102
7 0.478170 0.251695 0.041580 0.079661
7 0.166320 0.289831 0.047817 0.077966
7 0.226091 0.541525 0.030146 0.059322
