7 0.742723 0.337500 0.069647 0.134375
7 0.658004 0.317188 0.076923 0.131250
7 0.495842 0.276562 0.062370 0.125000
7 0.600832 0.263281 0.051975 0.104688
7 0.753638 0.184375 0.043659 0.068750
7 0.651767 0.203906 0.022869 0.042188
7 0.464137 0.287500 0.042620 0.084375
7 0.944906 0.144531 0.008316 0.014063
7 0.847193 0.193750 0.008316 0.012500
7 0.844075 0.217969 0.012474 0.048438
7 0.823805 0.164062 0.007277 0.012500
7 0.833680 0.163281 0.008316 0.014063
7 0.803015 0.164844 0.009356 0.014063
7 0.794179 0.171875 0.008316 0.012500
7 0.560291 0.219531 0.012474 0.023438
7 0.439189 0.247656 0.023909 0.032813
7 0.531705 0.228906 0.011435 0.020313
7 0.560811 0.218750 0.013514 0.025000
7 0.455821 0.236719 0.013514 0.026562
7 0.661123 0.197656 0.018711 0.045312
7 0.652807 0.203906 0.022869 0.042188
7 0.708420 0.197656 0.009356 0.017188
7 0.681913 0.192969 0.012474 0.023438
7 0.668919 0.199219 0.017672 0.032813
7 0.448025 0.287500 0.039501 0.081250
