7 0.272667 0.434000 0.077333 0.124889
7 0.154667 0.470000 0.048667 0.094667
7 0.264000 0.439333 0.047333 0.065333
7 0.071667 0.464889 0.014667 0.035556
7 0.304167 0.462667 0.007667 0.014222
7 0.402833 0.525111 0.011667 0.018222
7 0.440167 0.523778 0.012333 0.020000
7 0.449167 0.514889 0.014333 0.020000
7 0.405000 0.462222 0.009333 0.022222
7 0.406667 0.454667 0.003333 0.005333
7 0.423667 0.456222 0.008000 0.024444
7 0.434333 0.452000 0.002667 0.003556
7 0.499167 0.462000 0.003000 0.004889
7 0.667833 0.471333 0.003000 0.004000
7 0.698833 0.516444 0.049000 0.088000
7 0.737500 0.498667 0.061667 0.098667
7 0.858000 0.459333 0.082000 0.138222
