7 0.145000 0.750523 0.116154 0.199791
7 0.814231 0.214958 0.066923 0.095188
7 0.955000 0.212343 0.022308 0.035565
7 0.736923 0.231172 0.015385 0.027197
7 0.678077 0.208159 0.019231 0.035565
7 0.653462 0.251569 0.014615 0.021967
7 0.616154 0.240063 0.021538 0.030335
7 0.701923 0.322176 0.039231 0.056485
7 0.621154 0.356172 0.039231 0.053347
7 0.544231 0.339435 0.043846 0.063808
7 0.338462 0.482218 0.055385 0.085774
7 0.410000 0.436192 0.055385 0.075314
7 0.416923 0.331067 0.044615 0.061715
7 0.451538 0.339958 0.038462 0.056485
7 0.518077 0.355649 0.034615 0.054393
7 0.505385 0.298117 0.029231 0.046025
7 0.590769 0.292887 0.032308 0.043933
7 0.560000 0.238494 0.021538 0.031381
7 0.332308 0.217573 0.029231 0.046025
7 0.311923 0.233264 0.017692 0.029289
7 0.295000 0.226987 0.013077 0.020921
7 0.188846 0.270921 0.016154 0.025105
7 0.417692 0.244770 0.023077 0.035565
7 0.488077 0.238494 0.020769 0.031381
7 0.470385 0.239540 0.017692 0.027197
7 0.448846 0.243724 0.019231 0.029289
7 0.523077 0.250523 0.020000 0.026151
7 0.887308 0.245816 0.014615 0.025105
7 0.765000 0.259937 0.016154 0.024059
