7 0.054107 0.757366 0.019352 0.036240
7 0.084321 0.821302 0.030806 0.054508
7 0.072867 0.746022 0.011848 0.018857
7 0.175750 0.821450 0.029621 0.051856
7 0.173874 0.726871 0.009281 0.015910
7 0.204384 0.696081 0.006319 0.008544
7 0.212480 0.706099 0.004344 0.006777
7 0.214060 0.724661 0.013033 0.023866
7 0.230154 0.722451 0.011651 0.022982
7 0.236177 0.751326 0.010664 0.018857
7 0.254344 0.752799 0.014218 0.024160
7 0.253653 0.719947 0.010861 0.018562
7 0.278732 0.727313 0.014021 0.023866
7 0.255529 0.687242 0.005924 0.010902
7 0.288310 0.691809 0.007109 0.011786
7 0.340047 0.681497 0.003160 0.006482
7 0.302429 0.703153 0.006517 0.012669
7 0.315166 0.705804 0.005529 0.010902
7 0.332840 0.690336 0.006912 0.010607
7 0.349526 0.696671 0.006714 0.010902
7 0.304601 0.811137 0.026659 0.045963
7 0.357030 0.785946 0.027251 0.040365
7 0.354463 0.721273 0.010269 0.017089
7 0.375889 0.752652 0.012836 0.029169
7 0.369964 0.706836 0.008096 0.015321
7 0.405213 0.697849 0.006714 0.010312
7 0.443918 0.696818 0.005924 0.008250
7 0.420122 0.738804 0.018365 0.033883
7 0.397709 0.810548 0.022907 0.044196
7 0.471959 0.780495 0.019352 0.034178
7 0.515403 0.755451 0.019352 0.040660
7 0.548776 0.803919 0.030411 0.052151
7 0.383294 0.699470 0.006319 0.012964
7 0.356931 0.665292 0.003357 0.005893
7 0.460111 0.701385 0.005134 0.009134
7 0.474921 0.702416 0.007504 0.011196
7 0.490916 0.700354 0.007109 0.012964
7 0.480648 0.721862 0.008689 0.014143
7 0.443523 0.730849 0.011848 0.019741
7 0.425355 0.710224 0.006714 0.013259
7 0.417950 0.690189 0.006122 0.011491
7 0.539494 0.703447 0.012638 0.022687
7 0.578594 0.750737 0.021327 0.035946
7 0.593503 0.704920 0.014021 0.022098
7 0.600118 0.729228 0.013428 0.026517
7 0.615719 0.786977 0.018957 0.033589
7 0.631319 0.826164 0.037520 0.065999
7 0.647216 0.775928 0.031398 0.049794
7 0.715541 0.790071 0.053910 0.085740
7 0.982227 0.736741 0.014218 0.025633
7 0.945991 0.732764 0.014810 0.027696
7 0.915778 0.761049 0.022314 0.040071
7 0.916864 0.728639 0.018562 0.030053
7 0.849526 0.763259 0.028436 0.042133
7 0.859202 0.723041 0.018562 0.037714
7 0.805588 0.756187 0.014021 0.023866
7 0.767476 0.722746 0.015600 0.025339
7 0.745261 0.706836 0.014218 0.024750
7 0.811118 0.727608 0.014810 0.020330
7 0.899289 0.727902 0.009479 0.014437
7 0.935328 0.711844 0.006912 0.010018
7 0.967220 0.717148 0.008294 0.012375
7 0.951915 0.720094 0.012441 0.024160
7 0.881813 0.706099 0.005727 0.009723
7 0.495162 0.728786 0.012836 0.022687
7 0.523894 0.737920 0.017378 0.032705
7 0.468602 0.718179 0.013033 0.019151
7 0.400276 0.743371 0.011453 0.020035
7 0.351303 0.707572 0.006714 0.013259
7 0.324743 0.701090 0.007701 0.012080
7 0.304700 0.692546 0.005529 0.008544
7 0.184538 0.731585 0.007701 0.014732
7 0.319510 0.718179 0.007899 0.015616
7 0.306477 0.724808 0.007109 0.014143
7 0.278633 0.703447 0.006714 0.012669
