7 0.001667 0.257196 0.038333 0.086358
7 0.096667 0.329161 0.038333 0.072591
7 0.123333 0.303504 0.033333 0.051314
7 0.182083 0.242178 0.027500 0.051314
7 0.345833 0.287234 0.100000 0.153942
7 0.397500 0.354193 0.038333 0.070088
7 0.432917 0.290989 0.025833 0.031289
7 0.470417 0.314768 0.019167 0.036295
7 0.527083 0.354193 0.015833 0.027534
7 0.532500 0.329787 0.016667 0.028786
7 0.511667 0.288486 0.018333 0.031289
7 0.503333 0.319149 0.018333 0.027534
7 0.482917 0.302879 0.015833 0.030038
7 0.554583 0.275344 0.017500 0.035044
7 0.566667 0.344806 0.015000 0.026283
7 0.581667 0.325407 0.016667 0.030038
7 0.590833 0.286608 0.016667 0.027534
7 0.639167 0.291615 0.015000 0.032541
7 0.659167 0.293492 0.016667 0.028786
7 0.693333 0.307259 0.015000 0.028786
7 0.686667 0.280976 0.013333 0.026283
7 0.730417 0.278473 0.017500 0.038798
7 0.748750 0.272215 0.019167 0.031289
7 0.813333 0.309136 0.016667 0.027534
7 0.742083 0.144556 0.085833 0.168961
