7 0.015086 0.386015 0.027299 0.036398
7 0.092672 0.382184 0.027299 0.036398
7 0.172414 0.373563 0.031609 0.038314
7 0.130029 0.349617 0.033046 0.040230
7 0.243534 0.353448 0.018678 0.032567
7 0.252874 0.387931 0.025862 0.040230
7 0.306034 0.379310 0.025862 0.042146
7 0.288075 0.377395 0.015805 0.022989
7 0.288075 0.377395 0.015805 0.026820
7 0.343391 0.375479 0.020115 0.030651
7 0.390805 0.374521 0.020115 0.032567
7 0.397989 0.372605 0.020115 0.028736
7 0.407328 0.362069 0.015805 0.026820
7 0.436782 0.359195 0.020115 0.032567
7 0.468391 0.357280 0.017241 0.028736
7 0.453305 0.356322 0.015805 0.026820
7 0.500000 0.373563 0.017241 0.030651
7 0.541667 0.361111 0.020115 0.040230
7 0.528017 0.363027 0.012931 0.032567
7 0.594109 0.364943 0.021552 0.036398
7 0.614224 0.350575 0.012931 0.022989
7 0.633621 0.371648 0.020115 0.038314
7 0.666667 0.346743 0.017241 0.030651
7 0.655891 0.357280 0.015805 0.028736
7 0.677443 0.390805 0.021552 0.038314
7 0.732759 0.352490 0.025862 0.042146
7 0.797414 0.372605 0.025862 0.047893
7 0.865661 0.362069 0.030172 0.045977
7 0.909483 0.396552 0.017241 0.026820
