7 0.236887 0.533697 0.047335 0.098203
7 0.154158 0.437099 0.040512 0.073171
7 0.160768 0.279525 0.037527 0.071245
7 0.207889 0.229461 0.035394 0.076380
7 0.235181 0.317073 0.036247 0.071887
7 0.302345 0.474005 0.041791 0.090501
7 0.367164 0.471438 0.039232 0.071245
7 0.480384 0.491335 0.038806 0.076380
7 0.598934 0.499037 0.037100 0.081515
7 0.692324 0.528562 0.046482 0.096919
7 0.796588 0.412388 0.051173 0.102054
7 0.796802 0.411425 0.049041 0.105263
7 0.675053 0.432927 0.039232 0.080231
7 0.317058 0.338575 0.031130 0.062259
7 0.364392 0.354300 0.030277 0.064185
7 0.437527 0.336008 0.028998 0.057125
7 0.501706 0.365533 0.028571 0.057125
7 0.552452 0.364249 0.029424 0.059692
7 0.599147 0.347240 0.029851 0.061617
7 0.676972 0.287869 0.030277 0.064827
7 0.340512 0.182927 0.031983 0.068036
7 0.425586 0.194801 0.030704 0.066110
7 0.506610 0.213094 0.030704 0.073171
7 0.878038 0.304878 0.017058 0.038511
