7 0.847656 0.382904 0.017188 0.030445
7 0.847656 0.381733 0.020313 0.032787
7 0.898438 0.372365 0.018750 0.032787
7 0.725781 0.546838 0.029687 0.063232
7 0.788281 0.510539 0.039062 0.070258
7 0.721875 0.463700 0.031250 0.051522
7 0.754687 0.412178 0.031250 0.051522
7 0.637500 0.570258 0.040625 0.077283
7 0.614844 0.497658 0.032813 0.058548
7 0.550000 0.532787 0.034375 0.063232
7 0.482031 0.549180 0.035937 0.067916
7 0.401562 0.531616 0.037500 0.070258
7 0.309375 0.528103 0.037500 0.058548
7 0.246094 0.531616 0.039062 0.074941
7 0.206250 0.509368 0.034375 0.063232
7 0.274219 0.484778 0.026562 0.060890
7 0.246875 0.418033 0.031250 0.058548
7 0.254688 0.352459 0.031250 0.053864
7 0.307812 0.359485 0.028125 0.053864
7 0.340625 0.430913 0.034375 0.060890
7 0.476562 0.441452 0.034375 0.053864
7 0.542188 0.440281 0.031250 0.060890
7 0.611719 0.412178 0.029687 0.051522
7 0.648438 0.355972 0.031250 0.056206
7 0.597656 0.333724 0.023438 0.044496
7 0.565625 0.374707 0.025000 0.046838
7 0.508594 0.364169 0.029687 0.053864
7 0.453125 0.329040 0.021875 0.044496
7 0.424219 0.398126 0.029687 0.051522
7 0.395313 0.384075 0.028125 0.056206
7 0.375000 0.295082 0.028125 0.056206
7 0.307812 0.358314 0.028125 0.051522
7 0.281250 0.302108 0.015625 0.032787
7 0.242188 0.297424 0.018750 0.032787
