7 0.769000 0.362819 0.044000 0.086957
7 0.899500 0.561469 0.017000 0.025487
7 0.908500 0.474513 0.017000 0.031484
7 0.881500 0.464768 0.019000 0.038981
7 0.673000 0.433283 0.022000 0.038981
7 0.524000 0.269865 0.048000 0.062969
7 0.337500 0.332834 0.043000 0.089955
7 0.397500 0.437031 0.025000 0.046477
7 0.173500 0.354573 0.025000 0.043478
7 0.211000 0.405547 0.028000 0.052474
7 0.224500 0.423538 0.023000 0.040480
7 0.129500 0.388306 0.027000 0.047976
7 0.036000 0.397301 0.022000 0.041979
7 0.078500 0.439280 0.023000 0.038981
7 0.001000 0.395052 0.018000 0.037481
7 0.078000 0.440030 0.022000 0.040480
7 0.440500 0.509745 0.019000 0.032984
7 0.637500 0.557721 0.021000 0.038981
