7 0.262500 0.863333 0.017500 0.023333
7 0.273750 0.914167 0.020000 0.025000
7 0.316250 0.972500 0.020000 0.028333
7 0.319375 0.872500 0.016250 0.025000
7 0.346875 0.851667 0.018750 0.026667
7 0.399375 0.890833 0.021250 0.028333
7 0.462500 0.972500 0.020000 0.035000
7 0.501250 0.983333 0.022500 0.033333
7 0.554375 0.946667 0.018750 0.033333
7 0.563750 0.905833 0.017500 0.025000
7 0.471250 0.886667 0.020000 0.026667
7 0.526875 0.845000 0.018750 0.026667
7 0.564375 0.822500 0.016250 0.025000
7 0.455000 0.857500 0.017500 0.028333
7 0.431875 0.859167 0.016250 0.021667
7 0.415625 0.814167 0.021250 0.031667
7 0.475000 0.774167 0.012500 0.015000
7 0.520000 0.801667 0.015000 0.016667
7 0.487500 0.751667 0.017500 0.026667
7 0.499375 0.720833 0.016250 0.025000
7 0.540000 0.763333 0.012500 0.023333
7 0.419375 0.820000 0.021250 0.030000
7 0.806250 0.923333 0.020000 0.030000
7 0.868750 0.935833 0.017500 0.031667
7 0.926875 0.882500 0.016250 0.025000
7 0.822500 0.534167 0.015000 0.021667
7 0.725000 0.469167 0.015000 0.021667
