7 0.042578 0.798709 0.016406 0.026995
7 0.115625 0.871479 0.015625 0.022300
7 0.239844 0.909038 0.010937 0.019953
7 0.254688 0.786972 0.017188 0.029343
7 0.221875 0.809272 0.017188 0.034038
7 0.159766 0.832746 0.016406 0.026995
7 0.291016 0.762911 0.017969 0.030516
7 0.320312 0.744718 0.012500 0.019953
7 0.369531 0.817488 0.017188 0.026995
7 0.388281 0.798709 0.012500 0.026995
7 0.401953 0.799296 0.014844 0.025822
7 0.365234 0.769366 0.013281 0.024648
7 0.384766 0.727700 0.013281 0.021127
7 0.366016 0.708333 0.011719 0.019953
7 0.314453 0.663146 0.010156 0.016432
7 0.265234 0.657277 0.010156 0.016432
7 0.248438 0.673122 0.007812 0.012911
7 0.260156 0.625000 0.009375 0.015258
7 0.313672 0.634977 0.010156 0.021127
7 0.362500 0.674296 0.010937 0.022300
7 0.386328 0.690141 0.010156 0.018779
7 0.383594 0.664906 0.009375 0.017606
7 0.357422 0.641432 0.011719 0.017606
7 0.342969 0.619718 0.009375 0.014085
7 0.357422 0.605047 0.010156 0.017606
7 0.310547 0.605047 0.010156 0.017606
7 0.249219 0.584507 0.009375 0.016432
7 0.292969 0.588028 0.007812 0.014085
7 0.290625 0.542254 0.007812 0.014085
7 0.303906 0.502934 0.006250 0.010563
7 0.323047 0.545188 0.007031 0.010563
7 0.275391 0.552817 0.019531 0.091549
7 0.265234 0.490610 0.007031 0.011737
7 0.246875 0.548122 0.007812 0.011737
7 0.245312 0.492371 0.004687 0.008216
7 0.270313 0.636150 0.015625 0.068075
7 0.858594 0.951291 0.018750 0.031690
7 0.879297 1.034624 0.039844 0.191315
7 0.883594 0.916667 0.017188 0.035211
7 0.853906 0.906103 0.026562 0.046948
