7 0.062121 0.325000 0.048485 0.109091
7 0.162121 0.290909 0.051515 0.095455
7 0.227273 0.336364 0.048485 0.104545
7 0.287121 0.338636 0.046970 0.090909
7 0.346970 0.318182 0.045455 0.086364
7 0.429545 0.281818 0.040909 0.090909
7 0.540909 0.296591 0.048485 0.093182
7 0.596212 0.572727 0.201515 0.713636
7 0.690909 0.310227 0.045455 0.084091
7 0.749242 0.336364 0.050000 0.086364
7 0.388636 0.354545 0.050000 0.086364
7 0.481818 0.317045 0.051515 0.093182
7 0.590152 0.389773 0.043939 0.097727
7 0.666667 0.397727 0.048485 0.086364
7 0.857576 0.295455 0.054545 0.109091
7 0.925758 0.265909 0.054545 0.090909
7 0.342424 0.501136 0.054545 0.093182
7 0.425000 0.511364 0.050000 0.090909
7 0.531061 0.486364 0.050000 0.095455
7 0.634091 0.500000 0.050000 0.095455
7 0.721970 0.500000 0.050000 0.086364
7 0.806818 0.535227 0.056061 0.111364
