7 0.719500 0.503745 0.041500 0.062921
7 0.908125 0.472659 0.059750 0.088390
7 0.803875 0.475468 0.024750 0.037079
7 0.865250 0.493258 0.021500 0.035206
7 0.974750 0.472659 0.016500 0.024719
7 0.797375 0.463109 0.020750 0.037828
7 0.744750 0.465169 0.009500 0.016479
7 0.734250 0.485019 0.011000 0.018727
7 0.676625 0.483895 0.013750 0.022472
7 0.665750 0.461798 0.007000 0.011236
7 0.660000 0.461049 0.008000 0.014981
7 0.626125 0.474345 0.006750 0.010861
7 0.607500 0.470599 0.007000 0.011610
7 0.604500 0.468914 0.007500 0.011236
7 0.573250 0.481086 0.023000 0.037079
7 0.558500 0.476404 0.008000 0.014232
7 0.548500 0.468165 0.007000 0.011985
7 0.537125 0.465918 0.004750 0.008989
7 0.530125 0.470225 0.005750 0.009363
7 0.533125 0.488390 0.018250 0.032210
7 0.508500 0.485019 0.023000 0.038951
7 0.466000 0.492509 0.021500 0.039700
7 0.421125 0.476030 0.020750 0.034457
7 0.481375 0.468914 0.010750 0.017978
7 0.478750 0.494569 0.017500 0.029588
7 0.286000 0.516479 0.039000 0.060674
7 0.164125 0.505431 0.054250 0.071536
7 0.024500 0.543071 0.052000 0.071910
7 0.079125 0.486142 0.029250 0.038202
7 0.186625 0.493633 0.034250 0.063670
7 0.241625 0.477903 0.013750 0.021723
7 0.252000 0.471348 0.016500 0.025094
7 0.310000 0.474719 0.015000 0.022097
7 0.337375 0.486517 0.009750 0.012734
7 0.343750 0.478839 0.009000 0.015356
7 0.363625 0.480524 0.007750 0.011985
7 0.374250 0.482959 0.008000 0.013858
7 0.392875 0.477154 0.007750 0.011985
7 0.359125 0.471910 0.006750 0.014232
7 0.453750 0.465356 0.006000 0.010861
