7 0.023846 0.433054 0.032308 0.052301
7 0.050000 0.425209 0.036923 0.055439
7 0.075000 0.376046 0.025385 0.042887
7 0.118846 0.412134 0.034615 0.054393
7 0.116538 0.557531 0.042308 0.077406
7 0.156538 0.406904 0.034615 0.048117
7 0.197308 0.456067 0.031538 0.050209
7 0.193846 0.414226 0.029231 0.050209
7 0.200000 0.389644 0.027692 0.042887
7 0.278846 0.371862 0.033077 0.053347
7 0.279231 0.454498 0.035385 0.049163
7 0.280000 0.480126 0.035385 0.062762
7 0.314231 0.370816 0.030000 0.047071
7 0.406538 0.398536 0.022308 0.033473
7 0.423846 0.481172 0.035385 0.060669
7 0.472692 0.439854 0.036154 0.063808
7 0.454615 0.392782 0.023077 0.036611
7 0.461923 0.367678 0.022308 0.032427
7 0.508462 0.393305 0.024615 0.037657
7 0.507308 0.369247 0.020769 0.027197
7 0.541154 0.407950 0.030000 0.050209
7 0.563846 0.436715 0.035385 0.063808
7 0.609615 0.477510 0.034615 0.059623
7 0.586154 0.410042 0.021538 0.039749
7 0.608077 0.418933 0.025385 0.040795
7 0.619231 0.377092 0.018462 0.032427
7 0.650769 0.390167 0.013846 0.018828
7 0.700000 0.384414 0.030769 0.055439
7 0.731538 0.441423 0.033846 0.060669
7 0.760385 0.411611 0.025385 0.044979
7 0.805385 0.410565 0.024615 0.038703
7 0.807308 0.383891 0.026923 0.039749
7 0.828846 0.392259 0.030000 0.060669
7 0.853462 0.460774 0.031538 0.051255
7 0.876923 0.424163 0.027692 0.049163
7 0.942308 0.464435 0.041538 0.071130
7 0.965385 0.414749 0.029231 0.049163
7 0.975000 0.382322 0.022308 0.032427
7 0.994615 0.363494 0.023077 0.034519
7 0.679231 0.418933 0.029231 0.049163
