7 0.128906 0.385000 0.106250 0.180000
7 0.183984 0.337500 0.058594 0.158333
7 0.135156 0.265833 0.037500 0.075000
7 0.097266 0.193333 0.028906 0.066667
7 0.098437 0.055833 0.015625 0.041667
7 0.204687 0.226667 0.034375 0.086667
7 0.255469 0.235000 0.034375 0.073333
7 0.298438 0.226667 0.043750 0.080000
7 0.328516 0.385833 0.050781 0.111667
7 0.330469 0.388333 0.040625 0.106667
7 0.347266 0.498333 0.060156 0.143333
7 0.401562 0.222500 0.029687 0.095000
7 0.435547 0.291667 0.038281 0.123333
7 0.471875 0.234167 0.025000 0.071667
7 0.512109 0.209167 0.038281 0.108333
7 0.510938 0.340000 0.040625 0.106667
7 0.542969 0.205000 0.023438 0.073333
7 0.490234 0.455000 0.075781 0.183333
7 0.554688 0.155000 0.020313 0.060000
7 0.592187 0.200000 0.025000 0.070000
7 0.624609 0.225833 0.028906 0.078333
7 0.580078 0.275000 0.030469 0.090000
7 0.616797 0.353333 0.044531 0.103333
7 0.641797 0.270000 0.038281 0.093333
7 0.665234 0.255000 0.021094 0.060000
7 0.651563 0.204167 0.020313 0.051667
7 0.671094 0.188333 0.023438 0.066667
7 0.695703 0.362500 0.063281 0.151667
7 0.720703 0.575833 0.071094 0.145000
7 0.762109 0.361667 0.044531 0.116667
7 0.756250 0.235000 0.029687 0.070000
7 0.794531 0.344167 0.035937 0.101667
7 0.774219 0.213333 0.025000 0.066667
7 0.808594 0.244167 0.025000 0.065000
7 0.821875 0.190000 0.023438 0.053333
7 0.839453 0.236667 0.025781 0.056667
7 0.845313 0.342500 0.035937 0.091667
7 0.873437 0.509167 0.059375 0.131667
7 0.889062 0.440833 0.048438 0.121667
7 0.892578 0.277500 0.027344 0.061667
7 0.916016 0.341667 0.036719 0.086667
7 0.912109 0.234167 0.016406 0.045000
7 0.952344 0.316667 0.026562 0.073333
7 0.976172 0.405833 0.042969 0.095000
7 0.976953 0.409167 0.042969 0.091667
7 1.020703 0.645833 0.061719 0.145000
