7 0.323014 0.581250 0.026869 0.055357
7 0.392523 0.606250 0.032710 0.062500
7 0.384346 0.546429 0.023364 0.035714
7 0.475467 0.624107 0.032710 0.048214
7 0.536799 0.623214 0.026869 0.050000
7 0.609813 0.599107 0.023364 0.055357
7 0.439836 0.591964 0.022196 0.044643
7 0.477220 0.534821 0.019860 0.030357
7 0.530374 0.566964 0.018692 0.030357
7 0.507593 0.532143 0.010514 0.014286
7 0.534463 0.537500 0.017523 0.035714
7 0.588785 0.541964 0.011682 0.019643
7 0.620327 0.564286 0.011682 0.017857
7 0.641939 0.554464 0.010514 0.023214
7 0.659463 0.539286 0.010514 0.017857
7 0.674650 0.548214 0.012850 0.017857
7 0.729556 0.553571 0.008178 0.014286
7 0.760514 0.552679 0.009346 0.016071
7 0.801986 0.560714 0.010514 0.017857
7 0.835864 0.554464 0.010514 0.016071
7 0.858061 0.560714 0.010514 0.014286
7 0.884930 0.551786 0.010514 0.017857
7 0.898949 0.550893 0.008178 0.016071
7 0.915304 0.550000 0.008178 0.014286
7 0.941005 0.526786 0.008178 0.010714
7 0.954439 0.516071 0.007009 0.010714
7 0.990654 0.526786 0.007009 0.010714
7 0.715537 0.744643 0.010514 0.017857
7 0.792640 0.768750 0.012850 0.023214
