7 0.749231 0.562827 0.020000 0.030366
7 0.413846 0.582723 0.024615 0.040838
7 0.319615 0.579581 0.016154 0.024084
7 0.356538 0.568063 0.013077 0.017801
7 0.387692 0.592670 0.010769 0.016754
7 0.230769 0.587435 0.010769 0.018848
7 0.266154 0.578534 0.010769 0.017801
7 0.179231 0.593717 0.009231 0.016754
7 0.206923 0.582723 0.007692 0.011518
7 0.067308 0.592670 0.034615 0.043979
7 0.092692 0.608901 0.026923 0.038743
7 0.330769 0.589005 0.007692 0.013613
7 0.369231 0.586911 0.009231 0.013613
7 0.206923 0.640314 0.009231 0.013613
