7 0.151250 0.667500 0.045000 0.036667
7 0.308750 0.630417 0.055000 0.044167
7 0.430625 0.671667 0.033750 0.020000
7 0.580625 0.663750 0.028750 0.024167
7 0.640000 0.663333 0.030000 0.025000
7 0.673125 0.652917 0.036250 0.025833
7 0.694375 0.632500 0.021250 0.021667
7 0.721875 0.659583 0.041250 0.030833
7 0.763125 0.657917 0.026250 0.020833
7 0.739375 0.676250 0.051250 0.042500
7 0.828750 0.652083 0.037500 0.027500
7 0.916250 0.677917 0.052500 0.039167
7 0.270000 0.478333 0.017500 0.011667
7 0.320000 0.530833 0.010000 0.008333
7 0.443125 0.439167 0.008750 0.006667
7 0.465625 0.460417 0.028750 0.042500
7 0.493125 0.450000 0.008750 0.006667
7 0.519375 0.449167 0.008750 0.006667
7 0.543750 0.453333 0.010000 0.006667
7 0.481250 0.447917 0.025000 0.044167
7 0.516875 0.416667 0.006250 0.005000
7 0.508125 0.414583 0.006250 0.004167
7 0.543750 0.405000 0.005000 0.003333
7 0.500000 0.407083 0.017500 0.029167
7 0.518750 0.390000 0.005000 0.003333
