7 0.530516 0.611458 0.014085 0.027083
7 0.556338 0.629167 0.011737 0.025000
7 0.458333 0.632292 0.010563 0.018750
7 0.436620 0.636458 0.009390 0.018750
7 0.411385 0.637500 0.008216 0.016667
7 0.397300 0.645833 0.008216 0.016667
7 0.991784 0.501042 0.021127 0.035417
7 0.921362 0.476042 0.035211 0.043750
7 0.848592 0.507292 0.025822 0.060417
7 0.758216 0.556250 0.016432 0.029167
7 0.711854 0.565625 0.015258 0.027083
7 0.674883 0.536458 0.023474 0.047917
7 0.636737 0.607292 0.017606 0.031250
7 0.622066 0.593750 0.011737 0.020833
7 0.020540 0.697917 0.010563 0.020833
7 0.051643 0.647917 0.018779 0.025000
7 0.073944 0.670833 0.011737 0.025000
7 0.097418 0.689583 0.007042 0.012500
7 0.279343 0.634375 0.014085 0.027083
7 0.241197 0.687500 0.015258 0.029167
7 0.268192 0.577083 0.019953 0.041667
7 0.761150 0.384375 0.038732 0.068750
7 1.009977 0.204167 0.057512 0.104167
7 0.166080 0.508333 0.029343 0.058333
7 0.337441 0.504167 0.022300 0.041667
7 0.189554 0.573958 0.017606 0.039583
