7 0.019967 0.324834 0.063228 0.130820
7 0.123960 0.311530 0.068220 0.104213
7 0.094010 0.299335 0.058236 0.097561
7 0.283694 0.315965 0.058236 0.090909
7 0.247920 0.266075 0.053245 0.093126
7 0.427621 0.283814 0.056572 0.088692
7 0.395175 0.332594 0.044925 0.062084
7 0.365225 0.297118 0.038270 0.066519
7 0.534942 0.289357 0.048253 0.082040
7 0.516639 0.238359 0.044925 0.068736
7 0.707987 0.254989 0.101498 0.115299
7 0.635607 0.289357 0.039933 0.064302
7 0.692180 0.192905 0.046589 0.079823
7 0.756240 0.300443 0.061564 0.095344
7 0.842762 0.320399 0.061564 0.090909
7 0.866889 0.242794 0.053245 0.077605
7 0.997504 0.338137 0.048253 0.099778
7 0.991681 0.229490 0.053245 0.095344
