7 0.836155 0.534180 0.084661 0.058594
7 0.927291 0.648926 0.023904 0.026367
7 0.746514 0.652832 0.024900 0.028320
7 0.652888 0.660156 0.022908 0.029297
7 0.589641 0.662598 0.021912 0.028320
7 0.527888 0.683594 0.019920 0.023438
7 0.006972 0.352051 0.019920 0.020508
7 0.054283 0.353516 0.012948 0.015625
7 0.130478 0.367676 0.017928 0.020508
7 0.128486 0.471680 0.017928 0.023438
7 0.010956 0.511719 0.019920 0.025391
7 0.060259 0.515137 0.018924 0.020508
7 0.062749 0.496094 0.017928 0.019531
7 0.059761 0.446289 0.019920 0.021484
7 0.010458 0.438477 0.018924 0.023438
7 0.012948 0.383789 0.013944 0.021484
7 0.036853 0.408203 0.015936 0.021484
7 0.045319 0.432129 0.016932 0.020508
7 0.092629 0.446289 0.017928 0.023438
7 0.113048 0.518066 0.018924 0.024414
7 0.104084 0.556152 0.038845 0.084961
7 0.288347 0.504395 0.018924 0.020508
7 0.323705 0.511230 0.015936 0.020508
7 0.261952 0.491699 0.017928 0.020508
7 0.095120 0.357910 0.012948 0.016602
7 0.091135 0.373047 0.016932 0.019531
7 0.105578 0.390625 0.013944 0.015625
7 0.137450 0.393555 0.013944 0.017578
7 0.061255 0.369141 0.018924 0.017578
7 0.067729 0.391602 0.015936 0.017578
7 0.070219 0.408203 0.014940 0.015625
7 0.132968 0.437012 0.014940 0.020508
7 0.286853 0.363770 0.013944 0.018555
7 0.336155 0.360840 0.016932 0.016602
7 0.365040 0.667480 0.022908 0.022461
7 0.293825 0.688477 0.025896 0.027344
7 0.311753 0.713867 0.033865 0.031250
7 0.178785 0.404297 0.060757 0.054688
7 0.405378 0.273438 0.069721 0.068359
7 0.315239 0.672363 0.036853 0.041992
7 0.812749 0.322754 0.015936 0.020508
7 0.871514 0.302734 0.015936 0.015625
7 0.892430 0.312012 0.013944 0.020508
7 0.986056 0.295410 0.017928 0.018555
7 0.525896 0.413086 0.013944 0.017578
7 0.514940 0.373535 0.009960 0.012695
7 0.560259 0.369629 0.044821 0.081055
7 0.621514 0.348633 0.013944 0.015625
7 0.651394 0.351074 0.015936 0.018555
7 0.685259 0.345703 0.011952 0.015625
7 0.712151 0.348633 0.013944 0.015625
7 0.712151 0.397461 0.015936 0.019531
7 0.615040 0.408691 0.014940 0.020508
7 0.612052 0.424805 0.014940 0.017578
7 0.550299 0.431641 0.014940 0.017578
7 0.759462 0.448730 0.016932 0.022461
7 0.735060 0.429688 0.019920 0.021484
7 0.751494 0.415527 0.018924 0.020508
7 0.796315 0.425781 0.016932 0.017578
7 0.794323 0.412109 0.020916 0.019531
7 0.840637 0.468750 0.023904 0.027344
7 0.920319 0.435547 0.045817 0.107422
7 0.854084 0.395996 0.014940 0.018555
7 0.864542 0.405273 0.013944 0.019531
7 0.815239 0.359375 0.016932 0.019531
7 0.859064 0.353516 0.020916 0.021484
7 0.895418 0.348145 0.015936 0.020508
7 0.930279 0.340820 0.015936 0.017578
7 0.966135 0.335449 0.017928 0.022461
7 0.988048 0.352539 0.019920 0.023438
7 0.958167 0.351562 0.015936 0.019531
7 0.927789 0.320312 0.018924 0.021484
7 0.932271 0.302734 0.017928 0.021484
7 0.850598 0.354004 0.017928 0.016602
7 0.991534 0.311523 0.016932 0.019531
7 0.997012 0.333496 0.017928 0.024414
7 0.124004 0.412598 0.014940 0.018555
