7 0.030000 0.725000 0.035000 0.050000
7 0.078750 0.690833 0.012500 0.015000
7 0.097500 0.690000 0.012500 0.016667
7 0.129375 0.700833 0.016250 0.021667
7 0.157500 0.687500 0.012500 0.015000
7 0.178750 0.700000 0.015000 0.023333
7 0.197500 0.736667 0.032500 0.036667
7 0.196875 0.685000 0.016250 0.023333
7 0.228750 0.714167 0.017500 0.025000
7 0.250625 0.714167 0.023750 0.031667
7 0.269375 0.680000 0.013750 0.023333
7 0.295000 0.695833 0.015000 0.025000
7 0.297500 0.715833 0.017500 0.025000
7 0.305625 0.750000 0.038750 0.050000
7 0.335000 0.771667 0.042500 0.053333
7 0.373750 0.737500 0.042500 0.048333
7 0.351250 0.905833 0.075000 0.105000
7 0.408125 0.721667 0.021250 0.036667
7 0.440625 0.745000 0.031250 0.046667
7 0.456250 0.711667 0.017500 0.026667
7 0.503750 0.704167 0.022500 0.031667
7 0.544375 0.696667 0.018750 0.023333
7 0.598750 0.754167 0.037500 0.045000
7 0.631875 0.700833 0.023750 0.031667
7 0.688750 0.760833 0.032500 0.051667
7 0.718125 0.735000 0.023750 0.033333
7 0.733750 0.699167 0.020000 0.025000
7 0.762500 0.699167 0.010000 0.015000
7 0.786875 0.676667 0.011250 0.013333
7 0.815000 0.760833 0.057500 0.075000
7 0.840625 0.763333 0.033750 0.046667
7 0.811875 0.679167 0.011250 0.015000
7 0.856875 0.680000 0.013750 0.016667
7 0.880000 0.674167 0.010000 0.015000
7 0.906250 0.727500 0.025000 0.038333
7 0.951250 0.752500 0.032500 0.041667
7 0.972500 0.740833 0.030000 0.035000
