7 0.065489 0.566199 0.060291 0.085670
7 0.118503 0.757009 0.081081 0.158879
7 0.318607 0.544393 0.050936 0.091900
7 0.339917 0.677570 0.068607 0.118380
7 0.510915 0.668224 0.082121 0.152648
7 0.639813 0.758567 0.059252 0.105919
7 0.726091 0.757788 0.084200 0.138629
7 0.846674 0.724299 0.050936 0.087227
7 0.970894 0.887850 0.103950 0.202492
7 0.913202 0.669782 0.048857 0.080997
7 0.972973 0.461838 0.049896 0.073209
7 0.741164 0.372274 0.014553 0.024922
7 0.732848 0.370717 0.012474 0.021807
7 0.700104 0.369159 0.017672 0.024922
7 0.690748 0.379283 0.009356 0.017134
7 0.644491 0.380841 0.012474 0.020249
7 0.613306 0.382399 0.014553 0.020249
7 0.579522 0.359813 0.019751 0.031153
7 0.476091 0.454829 0.033264 0.056075
7 0.459979 0.371495 0.021830 0.038941
7 0.375260 0.306854 0.014553 0.031153
7 0.340437 0.316978 0.013514 0.023364
7 0.308212 0.314642 0.013514 0.028037
7 0.307692 0.361371 0.016632 0.028037
7 0.305613 0.386293 0.016632 0.028037
7 0.260395 0.323209 0.013514 0.026480
7 0.261435 0.436916 0.030146 0.054517
7 0.213098 0.374611 0.008316 0.014019
7 0.188150 0.376168 0.010395 0.020249
7 0.164761 0.390187 0.015593 0.029595
7 0.059771 0.375389 0.013514 0.021807
7 0.025988 0.400312 0.020790 0.037383
7 0.917360 0.387072 0.019751 0.029595
7 0.692827 0.982087 0.104990 0.166667
7 0.790541 0.379283 0.013514 0.023364
7 0.822245 0.391745 0.014553 0.023364
7 0.841996 0.402648 0.012474 0.023364
7 0.861746 0.447819 0.037422 0.169782
7 0.980769 0.390966 0.019751 0.034268
7 0.536383 0.389408 0.010395 0.018692
7 0.553015 0.383956 0.012474 0.020249
7 0.399688 0.395639 0.017672 0.028037
7 0.434511 0.396417 0.014553 0.023364
7 0.082121 0.406542 0.020790 0.037383
7 0.097713 0.440810 0.029106 0.049844
7 0.038981 0.373053 0.011435 0.020249
7 0.116424 0.371495 0.006237 0.010903
