7 0.178500 0.315250 0.047667 0.097500
7 0.301000 0.291250 0.047333 0.082500
7 0.388167 0.305250 0.042333 0.092500
7 0.453333 0.263000 0.043333 0.091000
7 0.519333 0.316000 0.044667 0.090000
7 0.656000 0.259250 0.041333 0.076500
7 0.719833 0.264750 0.045000 0.084500
7 0.693167 0.454500 0.054333 0.099000
7 0.319000 0.200250 0.040000 0.074500
7 0.317500 0.203250 0.037667 0.070500
7 0.489500 0.196000 0.039000 0.071000
7 0.559500 0.184500 0.037000 0.076000
7 0.701500 0.233000 0.038333 0.073000
7 0.656167 0.256500 0.041000 0.081000
7 0.005000 0.104750 0.006667 0.011500
7 0.021500 0.117250 0.009000 0.014500
7 0.052500 0.120000 0.007000 0.013000
7 0.073167 0.128000 0.007000 0.011000
7 0.094667 0.200500 0.008667 0.014000
7 0.158167 0.202500 0.010333 0.014000
7 0.177167 0.200500 0.009000 0.014000
7 0.165667 0.239500 0.007333 0.015000
7 0.190000 0.239250 0.009333 0.014500
7 0.186167 0.207500 0.008333 0.014000
7 0.173167 0.158500 0.006333 0.011000
7 0.194500 0.154500 0.006333 0.010000
7 0.243833 0.139500 0.007667 0.013000
7 0.241667 0.229250 0.007333 0.014500
7 0.263667 0.229500 0.008000 0.014000
7 0.295000 0.153750 0.006000 0.011500
7 0.302167 0.154000 0.006333 0.010000
7 0.333667 0.153000 0.008000 0.011000
7 0.342667 0.146250 0.006000 0.011500
7 0.362500 0.199500 0.007000 0.013000
7 0.437167 0.204250 0.007667 0.012500
7 0.421833 0.194000 0.006333 0.012000
7 0.371833 0.052750 0.006333 0.010500
7 0.382333 0.058250 0.005333 0.008500
7 0.477000 0.098000 0.018667 0.062000
7 0.472833 0.052750 0.005000 0.008500
7 0.489000 0.064500 0.005333 0.008000
7 0.356833 0.156000 0.007667 0.013000
7 0.366000 0.150250 0.006000 0.011500
7 0.385000 0.149250 0.006667 0.012500
7 0.395500 0.148250 0.006333 0.011500
7 0.404000 0.147750 0.007333 0.011500
7 0.408667 0.149250 0.006000 0.012500
7 0.423500 0.154750 0.005667 0.011500
7 0.442833 0.160250 0.005667 0.010500
7 0.455500 0.147250 0.006333 0.010500
7 0.461167 0.188250 0.006333 0.012500
7 0.470167 0.195750 0.006333 0.010500
7 0.477167 0.147500 0.006333 0.012000
7 0.481167 0.141000 0.006333 0.011000
7 0.507667 0.156000 0.006667 0.013000
7 0.512500 0.207000 0.007667 0.013000
7 0.523333 0.206250 0.007333 0.012500
7 0.528667 0.192250 0.006667 0.014500
7 0.546333 0.204250 0.008000 0.013500
7 0.582167 0.210500 0.009667 0.015000
7 0.601500 0.191750 0.007667 0.015500
7 0.609500 0.206250 0.007667 0.012500
7 0.624500 0.200000 0.007000 0.012000
7 0.613667 0.152750 0.006000 0.009500
7 0.640000 0.146000 0.006667 0.013000
7 0.657500 0.148750 0.005667 0.011500
7 0.688667 0.142750 0.006667 0.012500
7 0.700333 0.142750 0.007333 0.013500
7 0.707833 0.143750 0.005000 0.008500
7 0.737667 0.142000 0.006667 0.011000
7 0.746833 0.136500 0.007000 0.012000
7 0.763000 0.129000 0.006000 0.008000
7 0.760833 0.111000 0.006333 0.012000
7 0.688833 0.231000 0.005000 0.009000
7 0.742333 0.228500 0.009333 0.015000
7 0.774333 0.219500 0.009333 0.015000
7 0.796000 0.212000 0.009333 0.018000
7 0.809000 0.216750 0.008000 0.014500
7 0.824333 0.183500 0.008000 0.013000
7 0.839000 0.194000 0.008000 0.014000
7 0.838667 0.210750 0.009333 0.015500
7 0.865333 0.207750 0.008667 0.016500
7 0.894833 0.208750 0.008333 0.016500
7 0.798167 0.123500 0.007000 0.014000
7 0.812667 0.133750 0.007333 0.014500
7 0.827000 0.126250 0.007333 0.012500
7 0.843333 0.120250 0.007333 0.014500
7 0.860833 0.118250 0.009000 0.013500
7 0.892000 0.110250 0.008000 0.013500
7 0.915167 0.119500 0.007000 0.013000
7 0.935000 0.107500 0.006667 0.012000
7 0.897000 0.185500 0.009333 0.015000
7 0.900500 0.163750 0.010333 0.016500
7 0.930500 0.153500 0.007667 0.017000
7 0.950667 0.131250 0.009333 0.018500
7 0.974000 0.087000 0.010000 0.017000
7 0.983333 0.128000 0.012000 0.016000
7 0.967000 0.198500 0.010000 0.015000
7 0.998167 0.180750 0.007667 0.014500
7 0.972333 0.369250 0.015333 0.024500
7 0.867833 0.170500 0.011000 0.014000
7 0.514667 0.194250 0.006667 0.013500
