7 0.014583 0.468056 0.031944 0.047222
7 0.060764 0.484259 0.028472 0.048148
7 0.097917 0.484722 0.033333 0.043519
7 0.138194 0.531019 0.022222 0.037963
7 0.188194 0.534259 0.019444 0.035185
7 0.242708 0.540741 0.021528 0.029630
7 0.373611 0.461574 0.027778 0.052778
7 0.423264 0.431944 0.039583 0.058333
7 0.479514 0.443056 0.018750 0.032407
7 0.565278 0.492593 0.025000 0.038889
7 0.578819 0.442130 0.022917 0.037963
7 0.787153 0.525463 0.021528 0.036111
7 0.841667 0.444444 0.033333 0.057407
7 0.857986 0.466667 0.021528 0.033333
7 0.943750 0.423611 0.027778 0.036111
