7 0.075824 0.629545 0.050549 0.068182
7 0.043956 0.389773 0.048352 0.061364
7 0.062637 0.343182 0.050549 0.063636
7 0.179121 0.420455 0.054945 0.063636
7 0.213187 0.623864 0.052747 0.070455
7 0.225275 0.381818 0.041758 0.054545
7 0.279121 0.471591 0.048352 0.070455
7 0.275824 0.375000 0.041758 0.054545
7 0.339560 0.394318 0.041758 0.052273
7 0.374725 0.590909 0.046154 0.059091
7 0.501099 0.610227 0.052747 0.065909
7 0.474725 0.553409 0.039560 0.056818
7 0.436264 0.402273 0.041758 0.059091
7 0.462637 0.322727 0.041758 0.050000
7 0.493407 0.314773 0.037363 0.056818
7 0.568132 0.285227 0.041758 0.052273
7 0.534066 0.361364 0.039560 0.050000
7 0.567033 0.389773 0.048352 0.061364
7 0.639560 0.577273 0.048352 0.059091
7 0.623077 0.311364 0.041758 0.054545
7 0.667033 0.348864 0.041758 0.052273
7 0.754945 0.359091 0.046154 0.063636
7 0.782418 0.298864 0.039560 0.047727
7 0.839560 0.480682 0.048352 0.061364
7 0.954945 0.439773 0.050549 0.065909
7 0.886813 0.369318 0.041758 0.052273
7 0.962637 0.329545 0.043956 0.054545
7 0.972527 0.388636 0.046154 0.054545
7 0.336264 0.350000 0.039560 0.054545
7 0.680220 0.288636 0.037363 0.040909
7 0.856044 0.335227 0.041758 0.056818
7 0.724176 0.347727 0.032967 0.045455
7 0.467033 0.371591 0.041758 0.056818
