7 0.392949 0.563927 0.085897 0.168950
7 0.706410 0.916667 0.051282 0.102740
7 0.811538 0.832192 0.046154 0.084475
7 1.002564 0.835616 0.076923 0.132420
7 0.849359 0.716895 0.044872 0.068493
7 0.930769 0.617580 0.025641 0.047945
7 0.914103 0.584475 0.025641 0.041096
7 0.812821 0.553653 0.012821 0.020548
7 0.747436 0.599315 0.010256 0.020548
7 0.719231 0.605023 0.007692 0.013699
7 0.726923 0.585616 0.010256 0.038813
7 0.658974 0.549087 0.005128 0.006849
7 0.675641 0.539954 0.010256 0.038813
7 0.635897 0.511416 0.002564 0.004566
7 0.661538 0.512557 0.010256 0.034247
7 0.467949 0.546804 0.012821 0.038813
7 0.471795 0.513699 0.010256 0.022831
7 0.428205 0.511416 0.007692 0.027397
7 0.051282 0.464612 0.012821 0.057078
7 0.025641 0.452055 0.020513 0.036530
7 0.287179 0.792237 0.023077 0.036530
7 0.023718 0.753425 0.024359 0.041096
7 0.494231 0.834475 0.047436 0.093607
7 0.568590 0.809361 0.026923 0.061644
7 0.666667 0.773973 0.028205 0.054795
7 0.664103 0.656393 0.015385 0.034247
7 0.723077 0.775114 0.033333 0.057078
7 0.733333 0.730594 0.017949 0.036530
7 0.795513 0.750000 0.029487 0.043379
7 0.628205 0.771689 0.017949 0.036530
7 0.517308 0.735160 0.008974 0.018265
7 0.553846 0.781963 0.020513 0.038813
7 0.480769 0.784247 0.030769 0.098174
7 0.208974 0.775114 0.012821 0.034247
7 0.227564 0.775114 0.037179 0.116438
7 0.269231 0.689498 0.007692 0.013699
7 0.089103 0.734018 0.019231 0.038813
7 0.017949 0.929224 0.030769 0.063927
7 0.600641 0.660959 0.008974 0.015982
7 0.621795 0.627854 0.007692 0.013699
7 0.797436 0.746575 0.028205 0.045662
7 0.807051 0.718037 0.019231 0.038813
