7 0.992500 0.304592 0.016250 0.028116
7 0.997188 0.162137 0.008125 0.013121
7 0.985313 0.244611 0.016875 0.028116
7 0.978125 0.248828 0.013750 0.025305
7 0.969688 0.253983 0.010625 0.022493
7 0.955313 0.297095 0.015625 0.031865
7 0.947812 0.262887 0.011875 0.021556
7 0.915625 0.299906 0.015000 0.026242
7 0.888437 0.312559 0.016875 0.032802
7 0.875625 0.268510 0.015000 0.029053
7 0.917188 0.262418 0.013125 0.022493
7 0.947187 0.262418 0.013125 0.024367
7 0.850313 0.208529 0.008125 0.015933
7 0.872500 0.239456 0.012500 0.021556
7 0.852812 0.266167 0.011875 0.024367
7 0.837500 0.276476 0.013750 0.029991
7 0.711562 0.154171 0.008125 0.015933
7 0.517500 0.132146 0.010000 0.018744
7 0.439063 0.121368 0.009375 0.015933
7 0.411562 0.117619 0.010625 0.017807
7 0.303438 0.128397 0.009375 0.016870
7 0.033438 0.246485 0.021875 0.037488
7 0.075938 0.251172 0.020625 0.029991
7 0.132188 0.252577 0.018125 0.032802
7 0.096562 0.223055 0.018125 0.031865
7 0.073750 0.235708 0.015000 0.029053
7 0.012188 0.190722 0.016875 0.025305
7 0.055000 0.189784 0.015000 0.025305
7 0.110000 0.224930 0.013750 0.024367
7 0.138750 0.222118 0.012500 0.024367
7 0.124688 0.186973 0.015625 0.027179
7 0.167187 0.144799 0.009375 0.017807
7 0.140313 0.159325 0.011875 0.020619
7 0.116875 0.163074 0.013750 0.022493
7 0.072813 0.197751 0.014375 0.020619
7 0.027500 0.140581 0.015000 0.022493
7 0.009687 0.147142 0.010625 0.018744
7 0.012188 0.123711 0.010625 0.018744
7 0.080000 0.163543 0.012500 0.019681
7 0.092500 0.160262 0.012500 0.018744
7 0.089375 0.136364 0.008750 0.017807
7 0.074375 0.142924 0.013750 0.021556
7 0.050313 0.138707 0.011875 0.020619
7 0.058750 0.127929 0.011250 0.017807
7 0.050000 0.113402 0.011250 0.018744
7 0.074688 0.101687 0.011875 0.017807
7 0.136563 0.095595 0.008125 0.016870
7 0.238750 0.099813 0.077500 0.126523
7 0.385000 0.134489 0.066250 0.135895
7 0.464375 0.114808 0.065000 0.122774
7 0.577812 0.076382 0.064375 0.122774
7 0.671875 0.159325 0.066250 0.125586
7 0.750938 0.133552 0.066875 0.119025
7 0.913438 0.254920 0.011875 0.022493
