7 0.054012 0.467593 0.043210 0.064815
7 0.160494 0.469907 0.040123 0.074074
7 0.172840 0.585648 0.055556 0.097222
7 0.315586 0.490741 0.044753 0.078704
7 0.398920 0.497685 0.020062 0.037037
7 0.414352 0.482639 0.020062 0.039352
7 0.469136 0.509259 0.018519 0.032407
7 0.503858 0.518519 0.026235 0.041667
7 0.520833 0.483796 0.016975 0.023148
7 0.584877 0.465278 0.009259 0.013889
7 0.602623 0.450231 0.007716 0.011574
7 0.717593 0.461806 0.006173 0.011574
7 0.760031 0.538194 0.010802 0.025463
7 0.800926 0.520833 0.012346 0.018519
7 0.841049 0.484954 0.033951 0.057870
7 0.847994 0.498843 0.026235 0.043981
