7 0.071667 0.391875 0.058333 0.098750
7 0.117500 0.390000 0.043333 0.087500
7 0.191667 0.393125 0.040000 0.068750
7 0.259167 0.412500 0.035000 0.062500
7 0.324167 0.419375 0.031667 0.058750
7 0.366667 0.426250 0.028333 0.060000
7 0.395417 0.395625 0.032500 0.056250
7 0.438333 0.427500 0.028333 0.060000
7 0.452917 0.380000 0.032500 0.060000
7 0.515000 0.419375 0.036667 0.063750
7 0.557500 0.460000 0.038333 0.075000
7 0.572917 0.388750 0.037500 0.070000
7 0.623750 0.408125 0.042500 0.081250
7 0.675417 0.431875 0.044167 0.078750
7 0.712917 0.405625 0.040833 0.076250
7 0.797083 0.398125 0.049167 0.081250
7 0.904583 0.403750 0.059167 0.095000
