7 0.093725 0.376377 0.068383 0.058921
7 0.123894 0.338932 0.064360 0.052313
7 0.195495 0.446311 0.082060 0.060022
7 0.244972 0.373073 0.061947 0.053414
7 0.357603 0.436674 0.066774 0.052863
7 0.262269 0.276156 0.056315 0.037996
7 0.376106 0.281112 0.047466 0.037996
7 0.277957 0.336454 0.052293 0.041850
7 0.263073 0.440253 0.099759 0.058921
7 0.347546 0.347192 0.045052 0.035793
7 0.390990 0.371971 0.061142 0.047907
7 0.523331 0.264042 0.053902 0.042401
7 0.546259 0.303414 0.059533 0.051762
7 0.524537 0.430341 0.070796 0.053414
7 0.563958 0.497797 0.070796 0.055066
7 0.637570 0.509912 0.068383 0.062775
7 0.782784 0.465584 0.062751 0.055617
7 0.667337 0.321586 0.053902 0.047357
7 0.620676 0.251377 0.053902 0.046806
7 0.774739 0.346916 0.061142 0.052863
7 0.783588 0.299284 0.054706 0.046806
7 0.847949 0.251927 0.051488 0.043502
7 0.948109 0.342236 0.052293 0.046806
