7 0.307692 0.958824 0.046703 0.047059
7 0.309753 0.898235 0.037088 0.038824
7 0.425137 0.940000 0.039835 0.032941
7 0.297390 0.791765 0.031593 0.030588
7 0.375000 0.781176 0.024725 0.023529
7 0.469780 0.767059 0.024725 0.023529
7 0.552885 0.760000 0.023352 0.021176
7 0.625687 0.752941 0.023352 0.018824
7 0.269231 0.737647 0.024725 0.023529
7 0.202610 0.702353 0.020604 0.018824
7 0.284341 0.684706 0.021978 0.023529
7 0.356456 0.694706 0.023352 0.024706
7 0.417582 0.672941 0.021978 0.021176
7 0.363324 0.658824 0.023352 0.023529
7 0.404533 0.651765 0.020604 0.018824
7 0.462225 0.655294 0.023352 0.018824
7 0.526099 0.661176 0.019231 0.016471
7 0.455357 0.610000 0.020604 0.017647
7 0.495192 0.612941 0.017857 0.016471
7 0.523352 0.596471 0.016484 0.014118
7 0.572802 0.625882 0.016484 0.014118
7 0.477335 0.573529 0.015110 0.015294
7 0.557692 0.532353 0.016484 0.015294
7 0.579670 0.525294 0.013736 0.012941
7 0.598901 0.531765 0.010989 0.009412
7 0.539148 0.467059 0.012363 0.011765
7 0.624313 0.566471 0.015110 0.015294
7 0.625000 0.592941 0.019231 0.016471
