7 0.006250 0.963795 0.072500 0.406991
7 0.085000 0.715980 0.048333 0.076155
7 0.056667 0.936330 0.061667 0.114856
7 0.104167 0.759051 0.066667 0.089888
7 0.207917 0.771536 0.057500 0.089888
7 0.272500 0.881398 0.078333 0.119850
7 0.311250 0.806492 0.052500 0.094881
7 0.271667 0.749688 0.036667 0.068664
7 0.299583 0.770911 0.047500 0.081149
7 0.398750 0.920100 0.099167 0.187266
7 0.433750 0.901373 0.065833 0.144819
7 0.456667 0.779650 0.038333 0.071161
7 0.584583 0.919476 0.045833 0.083645
7 0.740833 0.984395 0.108333 0.181024
7 0.881667 0.720350 0.033333 0.059925
7 0.754167 0.833333 0.043333 0.086142
7 0.690000 0.822097 0.060000 0.088639
7 0.595417 0.786517 0.049167 0.082397
7 0.520417 0.679151 0.029167 0.047441
7 0.485000 0.667915 0.020000 0.032459
7 0.566667 0.696629 0.025000 0.029963
7 0.802500 0.927591 0.066667 0.119850
7 0.380833 0.697253 0.036667 0.063670
7 0.640417 0.713483 0.020833 0.038702
7 0.719167 0.714107 0.023333 0.039950
