7 0.235385 0.440838 0.047692 0.064921
7 0.271923 0.439267 0.028462 0.042932
7 0.313846 0.428796 0.032308 0.047120
7 0.321923 0.410995 0.025385 0.038743
7 0.398077 0.443979 0.028462 0.046073
7 0.339231 0.427225 0.020000 0.033508
7 0.437692 0.435079 0.023077 0.036649
7 0.482308 0.456021 0.027692 0.045026
7 0.496923 0.441885 0.035385 0.048168
7 0.404615 0.454450 0.021538 0.029319
7 0.420769 0.441361 0.016923 0.030366
7 0.466154 0.434555 0.016923 0.027225
7 0.485769 0.419895 0.019231 0.031414
7 0.518846 0.418325 0.023846 0.036649
7 0.528846 0.431937 0.019231 0.030366
7 0.553462 0.426702 0.020769 0.030366
7 0.613462 0.428796 0.025385 0.036649
7 0.835769 0.406806 0.042308 0.057592
7 0.885769 0.424084 0.053077 0.077487
7 0.979231 0.413089 0.064615 0.086911
7 0.011154 0.432984 0.003846 0.005236
7 0.024231 0.430366 0.003846 0.006283
