7 0.214062 0.421275 0.049375 0.089035
7 0.269375 0.430647 0.042500 0.077788
7 0.025937 0.433927 0.014375 0.022493
7 0.042500 0.414714 0.012500 0.021556
7 0.009375 0.394096 0.011250 0.019681
7 0.056875 0.397376 0.010000 0.018744
7 0.069687 0.401593 0.009375 0.015933
7 0.073438 0.432521 0.014375 0.021556
7 0.099687 0.409560 0.010625 0.020619
7 0.117188 0.401593 0.013125 0.021556
7 0.130625 0.399250 0.010000 0.016870
7 0.166563 0.426429 0.014375 0.028116
7 0.234063 0.405811 0.014375 0.026242
7 0.295625 0.407685 0.007500 0.013121
7 0.316250 0.412371 0.010000 0.018744
7 0.338750 0.410965 0.006250 0.010309
7 0.351875 0.409560 0.006250 0.009372
7 0.375937 0.411903 0.005625 0.008435
7 0.390625 0.414714 0.006250 0.010309
7 0.395313 0.411903 0.006875 0.008435
7 0.435000 0.413777 0.017500 0.029053
7 0.465000 0.414246 0.007500 0.011246
7 0.480000 0.407685 0.007500 0.011246
7 0.521250 0.424086 0.003750 0.006560
7 0.543750 0.410028 0.007500 0.010309
7 0.557187 0.415183 0.003125 0.005623
7 0.584688 0.422680 0.004375 0.009372
7 0.620938 0.423149 0.006875 0.010309
7 0.651250 0.426429 0.007500 0.011246
7 0.734688 0.419400 0.005625 0.008435
7 0.767500 0.425492 0.015000 0.028116
7 0.785625 0.413777 0.007500 0.012184
7 0.818750 0.416120 0.008750 0.013121
7 0.862187 0.416589 0.006875 0.012184
7 0.872812 0.418932 0.009375 0.014995
7 0.877188 0.415651 0.008125 0.014058
7 0.885625 0.415183 0.005000 0.007498
7 0.870625 0.432052 0.007500 0.013121
7 0.905625 0.406748 0.008750 0.014995
7 0.899375 0.424086 0.010000 0.014058
7 0.953750 0.442362 0.017500 0.029991
7 0.981875 0.450328 0.012500 0.029053
7 0.965313 0.433458 0.008125 0.014058
