7 0.236875 0.293233 0.046250 0.093985
7 0.310000 0.320489 0.047500 0.088346
7 0.380000 0.300752 0.045000 0.078947
7 0.468125 0.302632 0.043750 0.086466
7 0.560625 0.313910 0.043750 0.082707
7 0.651250 0.320489 0.042500 0.088346
7 0.729375 0.338346 0.048750 0.090226
7 0.737500 0.465226 0.055000 0.099624
7 0.636250 0.458647 0.057500 0.093985
7 0.544375 0.458647 0.051250 0.093985
7 0.453125 0.490602 0.051250 0.101504
7 0.362500 0.456767 0.052500 0.093985
7 0.270000 0.470865 0.052500 0.099624
7 0.195000 0.471805 0.055000 0.101504
