7 0.004687 0.904033 0.020313 0.047288
7 -0.003125 0.834492 0.010937 0.019471
7 0.011719 0.826147 0.010937 0.025035
7 0.030859 0.867177 0.019531 0.045897
7 0.049609 0.886648 0.011719 0.026426
7 0.091016 0.897079 0.019531 0.041725
7 0.067969 0.860223 0.014063 0.031989
7 0.051562 0.812239 0.009375 0.019471
7 0.051562 0.829624 0.009375 0.018081
7 0.081250 0.804590 0.010937 0.020862
7 0.080469 0.831711 0.010937 0.027816
7 0.086719 0.866481 0.014063 0.030598
7 0.103516 0.864395 0.014844 0.037552
7 0.105469 0.804590 0.009375 0.020862
7 0.096094 0.836579 0.010937 0.023644
7 0.090234 0.815716 0.011719 0.026426
7 0.123047 0.920028 0.019531 0.045897
7 0.156641 0.925591 0.021094 0.048679
7 0.178906 0.866481 0.017188 0.041725
7 0.152734 0.873435 0.014844 0.033380
7 0.165234 0.883171 0.014844 0.038943
7 0.137891 0.837969 0.011719 0.026426
7 0.129297 0.831015 0.011719 0.026426
7 0.124609 0.819193 0.011719 0.025035
7 0.169141 0.840751 0.010156 0.026426
7 0.191016 0.855355 0.013281 0.030598
7 0.208203 0.891516 0.017969 0.041725
7 0.182031 0.813630 0.009375 0.019471
7 0.160547 0.803894 0.010156 0.022253
7 0.168750 0.801113 0.009375 0.022253
7 0.199219 0.805285 0.009375 0.019471
7 0.210938 0.812935 0.010937 0.023644
7 0.225391 0.850487 0.017969 0.034771
7 0.226562 0.885953 0.020313 0.044506
7 0.232813 0.926287 0.020313 0.047288
7 0.278125 0.936022 0.021875 0.050070
7 0.274219 0.893602 0.018750 0.040334
7 0.279687 0.868567 0.015625 0.037552
7 0.258594 0.856745 0.017188 0.036161
7 0.241406 0.836579 0.009375 0.020862
7 0.254297 0.812239 0.010156 0.022253
7 0.310156 0.850487 0.018750 0.037552
7 0.282031 0.789291 0.004687 0.012517
7 0.271875 0.792072 0.009375 0.020862
7 0.336328 0.796940 0.010156 0.019471
7 0.337109 0.782337 0.008594 0.018081
7 0.307422 0.813630 0.010156 0.025035
7 0.301563 0.833102 0.010937 0.025035
7 0.382812 0.800417 0.009375 0.020862
7 0.357812 0.924200 0.017188 0.037552
7 0.362891 0.867177 0.014844 0.031989
7 0.388281 0.866481 0.014063 0.030598
7 0.388672 0.866481 0.013281 0.033380
7 0.428516 0.828929 0.014844 0.036161
7 0.410547 0.826147 0.011719 0.025035
7 0.441797 0.815716 0.008594 0.018081
7 0.451172 0.797636 0.010156 0.020862
7 0.458594 0.793463 0.006250 0.015299
7 0.415234 0.796940 0.010156 0.022253
7 0.425000 0.791377 0.006250 0.013908
7 0.483203 0.779555 0.005469 0.012517
7 0.477734 0.791377 0.005469 0.011127
7 0.475781 0.778860 0.007812 0.013908
7 0.364844 0.831711 0.010937 0.022253
7 0.519531 0.835188 0.015625 0.029207
7 0.501953 0.776078 0.007031 0.013908
7 0.520312 0.770515 0.004687 0.011127
7 0.505078 0.751043 0.005469 0.011127
7 0.498047 0.770515 0.005469 0.011127
7 0.613281 0.906815 0.021875 0.047288
7 0.613672 0.894993 0.021094 0.043115
7 0.692578 0.954798 0.028906 0.059805
7 0.741797 0.936022 0.024219 0.052851
7 0.782031 0.941586 0.023438 0.050070
7 0.869922 0.923505 0.021094 0.047288
7 0.942578 0.935327 0.016406 0.037552
7 0.957812 0.962448 0.023438 0.052851
7 0.831641 0.892907 0.017969 0.041725
7 0.905859 0.894298 0.016406 0.036161
7 0.957812 0.873435 0.020313 0.047288
7 0.806641 0.916551 0.017969 0.041725
7 0.751172 0.890821 0.021094 0.048679
7 0.773438 0.884562 0.017188 0.038943
7 0.733984 0.844924 0.016406 0.031989
7 0.656641 0.864395 0.016406 0.040334
7 0.665625 0.874131 0.010937 0.029207
7 0.602344 0.860223 0.017188 0.045897
7 0.585938 0.863004 0.015625 0.037552
7 0.573438 0.851878 0.009375 0.023644
7 0.562500 0.817803 0.009375 0.022253
7 0.551562 0.782337 0.007812 0.015299
7 0.583594 0.824757 0.010937 0.025035
7 0.618359 0.840751 0.013281 0.031989
7 0.640625 0.835188 0.012500 0.026426
7 0.702734 0.827538 0.011719 0.027816
7 0.633203 0.892907 0.016406 0.041725
7 0.671875 0.802503 0.009375 0.019471
7 0.614844 0.799722 0.010937 0.022253
7 0.786719 0.821280 0.010937 0.026426
7 0.865625 0.817803 0.010937 0.025035
7 0.916016 0.824757 0.011719 0.025035
7 0.902344 0.798331 0.009375 0.022253
7 0.982422 0.869958 0.016406 0.040334
7 0.992578 0.890821 0.017969 0.040334
