7 0.648828 0.639323 0.028906 0.049479
7 0.696484 0.458984 0.022656 0.048177
7 0.504687 0.578776 0.021875 0.040365
7 0.431250 0.571615 0.020313 0.039062
7 0.227734 0.660807 0.024219 0.053385
7 0.274609 0.719401 0.019531 0.045573
7 0.360547 0.408854 0.019531 0.033854
7 0.611328 0.367188 0.017969 0.036458
7 0.555859 0.361328 0.014844 0.035156
7 0.573438 0.357422 0.020313 0.032552
7 0.108594 0.799479 0.026562 0.049479
7 0.146484 0.330729 0.014844 0.031250
7 0.044141 0.169271 0.013281 0.026042
7 0.177734 0.064453 0.014844 0.027344
7 0.062109 0.138021 0.014844 0.026042
7 0.082812 0.341146 0.015625 0.031250
7 0.057813 0.388672 0.015625 0.029948
7 0.004687 0.558594 0.057813 0.195312
7 0.050781 0.470052 0.021875 0.039062
7 0.140625 0.476562 0.017188 0.039062
7 0.187891 0.470703 0.016406 0.035156
7 0.233203 0.477214 0.013281 0.032552
7 0.285938 0.442057 0.012500 0.032552
7 0.386719 0.363932 0.017188 0.032552
7 0.455469 0.476562 0.060937 0.187500
