7 0.239375 0.665469 0.068750 0.126562
7 0.077604 0.547344 0.051042 0.100312
7 0.279167 0.561719 0.050000 0.096562
7 0.407917 0.154219 0.052917 0.097812
7 0.344583 0.401875 0.045833 0.079375
7 0.300833 0.157031 0.042917 0.074063
7 0.093750 0.231875 0.032917 0.044375
7 0.619167 0.268125 0.043333 0.081875
7 0.749167 0.217969 0.041667 0.078437
7 0.854688 0.211094 0.040208 0.078437
7 0.991875 0.193594 0.033750 0.062187
7 0.930729 0.183906 0.030208 0.068437
7 0.752083 0.119375 0.037500 0.067500
7 0.581250 0.222969 0.035000 0.070938
7 0.506563 0.290469 0.029792 0.060937
7 0.405938 0.158281 0.046042 0.089063
