7 0.944375 0.856667 0.043750 0.063333
7 0.695625 0.836667 0.018750 0.030000
7 0.696875 0.838333 0.018750 0.026667
7 0.735000 0.822500 0.017500 0.025000
7 0.756250 0.816667 0.015000 0.020000
7 0.833750 0.817500 0.012500 0.018333
7 0.850625 0.813333 0.013750 0.020000
7 0.899375 0.805000 0.011250 0.016667
7 0.926250 0.817500 0.010000 0.015000
7 0.946250 0.817500 0.010000 0.015000
7 0.976250 0.804167 0.010000 0.011667
7 0.810000 0.808333 0.010000 0.013333
7 0.704375 0.805000 0.011250 0.016667
7 0.649375 0.826667 0.013750 0.020000
7 0.620625 0.843333 0.018750 0.033333
7 0.503750 0.837500 0.027500 0.038333
7 0.510000 0.833333 0.022500 0.036667
7 0.471875 0.839167 0.021250 0.028333
7 0.423125 0.810000 0.021250 0.036667
7 0.381250 0.835000 0.015000 0.023333
7 0.385625 0.811667 0.021250 0.030000
7 0.326875 0.828333 0.013750 0.023333
7 0.258750 0.820000 0.017500 0.026667
7 0.276250 0.815000 0.017500 0.023333
7 0.118750 0.848333 0.027500 0.036667
7 0.117500 0.814167 0.012500 0.018333
7 0.157500 0.825000 0.007500 0.010000
7 0.052500 0.828333 0.017500 0.026667
7 0.552500 0.836667 0.017500 0.023333
7 0.571875 0.835000 0.018750 0.030000
7 0.557500 0.818333 0.017500 0.026667
7 0.595625 0.828333 0.013750 0.023333
7 0.608750 0.830833 0.017500 0.025000
7 0.620625 0.846667 0.018750 0.026667
7 0.841250 0.807500 0.010000 0.015000
7 0.981875 0.919167 0.048750 0.188333
7 0.276250 0.816667 0.015000 0.023333
