7 0.990625 0.555928 0.053125 0.091723
7 0.942187 0.582774 0.043750 0.060403
7 0.855469 0.498881 0.026562 0.035794
7 0.734375 0.524609 0.034375 0.060403
7 0.710938 0.612975 0.031250 0.053691
7 0.675000 0.557047 0.053125 0.085011
7 0.635156 0.529083 0.026562 0.046980
7 0.677344 0.482103 0.032813 0.051454
7 0.732031 0.484340 0.029687 0.046980
7 0.755469 0.475391 0.026562 0.038031
7 0.556250 0.478747 0.021875 0.035794
7 0.487500 0.498881 0.021875 0.031320
7 0.446094 0.486577 0.029687 0.046980
7 0.418750 0.498881 0.028125 0.044743
7 0.383594 0.485459 0.051562 0.071588
7 0.326562 0.460850 0.015625 0.026846
7 0.290625 0.450783 0.031250 0.046980
7 0.375000 0.486577 0.037500 0.064877
7 0.342187 0.467562 0.021875 0.035794
7 0.232031 0.469799 0.017188 0.022371
7 0.196875 0.483221 0.018750 0.031320
7 0.164844 0.456376 0.020313 0.035794
7 0.170313 0.483221 0.021875 0.035794
7 0.113281 0.496644 0.020313 0.031320
7 0.079687 0.469799 0.025000 0.040268
7 0.068750 0.456376 0.018750 0.026846
7 0.050000 0.495526 0.021875 0.033557
7 -0.004687 0.477629 0.012500 0.020134
7 0.261719 0.506711 0.042188 0.078300
