7 -0.016146 0.357292 0.064236 0.143229
7 0.167274 0.354948 0.070312 0.112500
7 0.297309 0.406510 0.053299 0.081250
7 0.401389 0.373698 0.051736 0.086458
7 0.484896 0.374740 0.046181 0.072917
7 0.570139 0.390365 0.044792 0.066667
7 0.653385 0.441146 0.045660 0.052083
7 0.688368 0.379427 0.038542 0.066146
7 0.736024 0.402214 0.031771 0.048698
7 0.784809 0.415365 0.031424 0.038542
7 0.820226 0.403646 0.026562 0.033854
7 0.875434 0.425651 0.023438 0.043490
7 1.018837 0.356641 0.052604 0.088802
7 0.904687 0.395964 0.021181 0.027865
7 0.881250 0.412891 0.017708 0.026302
7 0.949219 0.369531 0.017882 0.027604
