7 0.016923 0.231937 0.026154 0.032461
7 0.052692 0.241361 0.019231 0.028272
7 0.158462 0.248691 0.015385 0.024084
7 0.291154 0.236649 0.019231 0.029319
7 0.343846 0.258639 0.021538 0.029319
7 0.517308 0.247120 0.020769 0.033508
7 0.529231 0.279058 0.013846 0.019895
7 0.674615 0.249215 0.015385 0.027225
7 0.688846 0.248691 0.020769 0.028272
7 0.757692 0.285864 0.013846 0.018848
7 0.904231 0.278534 0.014615 0.023037
7 0.973077 0.237696 0.020000 0.035602
7 1.004615 0.253403 0.020000 0.031414
7 0.391538 0.233508 0.035385 0.064921
7 0.463846 0.213089 0.052308 0.099476
7 0.601154 0.174346 0.065385 0.116230
