7 0.056152 0.570278 0.043945 0.062958
7 0.230469 0.633236 0.052734 0.065886
7 0.360352 0.719619 0.041016 0.057101
7 0.383789 0.584919 0.031250 0.062958
7 0.538086 0.551245 0.048828 0.068814
7 0.875977 0.609078 0.041016 0.064422
7 0.911621 0.414348 0.030273 0.052709
7 0.997070 0.101757 0.015625 0.030747
7 0.922363 0.113470 0.016602 0.030747
7 0.886230 0.106149 0.016602 0.033675
7 0.850098 0.081991 0.018555 0.029283
7 0.596680 0.094436 0.017578 0.033675
7 0.385254 0.005857 0.016602 0.026354
7 0.074707 0.009517 0.016602 0.021962
7 0.043457 0.004392 0.014648 0.020498
7 0.215332 0.051245 0.018555 0.032211
