7 0.105469 0.393750 0.054688 0.095833
7 0.156250 0.356250 0.050000 0.075000
7 0.187500 0.318750 0.050000 0.070833
7 0.256250 0.340625 0.050000 0.068750
7 0.280469 0.407292 0.042188 0.064583
7 0.302344 0.372917 0.051562 0.066667
7 0.407031 0.395833 0.051562 0.079167
7 0.460938 0.372917 0.043750 0.062500
7 0.474219 0.330208 0.045312 0.056250
7 0.575000 0.319792 0.050000 0.077083
7 0.671094 0.366667 0.054688 0.083333
7 0.742969 0.408333 0.035937 0.062500
7 0.784375 0.360417 0.031250 0.045833
7 0.820312 0.483333 0.046875 0.058333
7 0.881250 0.370833 0.040625 0.050000
7 0.929688 0.347917 0.043750 0.070833
