7 0.106735 0.314583 0.074201 0.087500
7 0.273402 0.436458 0.087900 0.097917
7 0.539384 0.315104 0.060502 0.080208
7 0.737443 0.316667 0.073059 0.068750
7 0.723744 0.292187 0.061644 0.065625
7 0.771689 0.475000 0.047945 0.045833
7 0.160388 0.373958 0.042237 0.047917
7 0.314498 0.366667 0.037671 0.041667
7 0.418950 0.380208 0.036530 0.043750
7 0.828767 0.321354 0.045662 0.034375
7 0.972603 0.352083 0.034247 0.037500
7 0.386416 0.253125 0.028539 0.031250
7 0.417808 0.283854 0.031963 0.034375
7 0.581050 0.347396 0.054795 0.061458
7 0.204909 0.317708 0.026256 0.029167
7 0.070205 0.250521 0.023973 0.023958
7 0.514840 0.269792 0.025114 0.022917
7 0.941210 0.261979 0.028539 0.030208
7 0.893265 0.353125 0.037671 0.037500
7 0.289384 0.268750 0.026256 0.022917
7 0.014840 0.332813 0.020548 0.023958
7 0.298516 0.396354 0.039954 0.042708
7 0.218037 0.363542 0.041096 0.037500
7 0.802511 0.274479 0.022831 0.023958
7 0.842466 0.274479 0.036530 0.032292
