7 0.777818 0.725000 0.019766 0.060000
7 0.730966 0.732500 0.022694 0.080000
7 0.415813 0.557500 0.013177 0.050000
7 0.419473 0.523750 0.010249 0.037500
7 0.321010 0.596250 0.013909 0.052500
7 0.299780 0.583750 0.013909 0.047500
7 0.218155 0.633750 0.014641 0.172500
7 0.225476 0.557500 0.005857 0.025000
7 0.247438 0.672500 0.035139 0.165000
7 0.320278 1.097500 0.068082 0.620000
7 0.231332 1.092500 0.061493 0.615000
7 0.136896 0.630000 0.013177 0.145000
7 0.125183 0.626250 0.011713 0.147500
7 0.114568 0.622500 0.013909 0.155000
7 0.098463 0.568750 0.006589 0.022500
7 0.080527 0.568750 0.004392 0.017500
7 0.081625 0.557500 0.005124 0.040000
7 0.063690 0.635000 0.016105 0.180000
7 0.004758 0.571250 0.006589 0.062500
7 0.038067 0.527500 0.013177 0.045000
7 0.023426 0.526250 0.032211 0.102500
