7 0.049793 0.494980 0.007718 0.014056
7 0.122647 0.504518 0.009601 0.018407
7 0.130836 0.504853 0.007530 0.013052
7 0.184959 0.487617 0.008471 0.016064
7 0.233998 0.487617 0.010919 0.020080
7 0.224586 0.504853 0.009413 0.015060
7 0.377165 0.393240 0.051393 0.070281
7 0.414721 0.417336 0.038027 0.050201
7 0.436465 0.486278 0.017884 0.037483
7 0.437218 0.492805 0.017131 0.029116
7 0.549416 0.467537 0.024285 0.055556
7 0.610693 0.451807 0.021837 0.038822
7 0.717997 0.395582 0.047816 0.098394
7 0.605986 0.438922 0.022214 0.046519
