7 0.144375 0.232500 0.061250 0.111667
7 0.255625 0.290833 0.058750 0.098333
7 0.296250 0.503333 0.062500 0.093333
7 0.356250 0.301667 0.055000 0.083333
7 0.413750 0.495833 0.060000 0.101667
7 0.518750 0.512500 0.060000 0.108333
7 0.621250 0.511667 0.062500 0.103333
7 0.697500 0.536667 0.060000 0.110000
7 0.428750 0.290000 0.050000 0.086667
7 0.501250 0.267500 0.050000 0.088333
7 0.604375 0.247500 0.056250 0.095000
7 0.696250 0.261667 0.055000 0.100000
7 0.758125 0.255833 0.063750 0.108333
7 0.871250 0.227500 0.077500 0.111667
7 0.435625 0.070000 0.011250 0.016667
7 0.070625 0.334167 0.016250 0.025000
7 0.003125 0.343333 0.016250 0.026667
7 0.999375 0.375000 0.016250 0.026667
