7 0.249023 0.490483 0.037109 0.067350
7 0.149414 0.499268 0.039062 0.067350
7 0.057617 0.786237 0.031250 0.058565
7 0.000000 0.771596 0.027344 0.049780
7 0.445312 0.775988 0.015625 0.026354
7 0.513672 0.789165 0.027344 0.043924
7 0.561523 0.803807 0.017578 0.032211
7 0.436035 0.728404 0.012695 0.019034
7 0.502930 0.654466 0.009766 0.014641
7 0.523438 0.594436 0.013672 0.020498
7 0.536133 0.586384 0.009766 0.016105
7 0.506836 0.532211 0.009766 0.013177
7 0.579102 0.543192 0.009766 0.014641
7 0.548340 0.495608 0.008789 0.013177
7 0.571289 0.491215 0.007812 0.013177
7 0.586426 0.496340 0.006836 0.011713
7 0.562988 0.464861 0.008789 0.016105
7 0.525879 0.462665 0.006836 0.008785
