7 0.904615 0.395397 0.033846 0.056485
7 0.949231 0.380753 0.043077 0.056485
7 0.960000 0.317469 0.032308 0.047071
7 0.805000 0.422594 0.034615 0.054393
7 0.793462 0.365586 0.028462 0.044979
7 0.648077 0.465481 0.042308 0.079498
7 0.595000 0.376569 0.039231 0.071130
7 0.641154 0.371339 0.006923 0.010460
7 0.693462 0.371862 0.008462 0.011506
7 0.714231 0.369770 0.006923 0.011506
7 0.729615 0.372385 0.006923 0.012552
7 0.739615 0.365586 0.006923 0.009414
7 0.747692 0.345188 0.006154 0.008368
7 0.756538 0.359833 0.006923 0.010460
7 0.774231 0.365586 0.006923 0.011506
7 0.556154 0.341004 0.021538 0.031381
7 0.489615 0.399582 0.026923 0.048117
7 0.334231 0.489540 0.060769 0.106695
7 0.269615 0.449791 0.048462 0.081590
7 0.409231 0.438285 0.049231 0.081590
7 0.423462 0.373431 0.033077 0.052301
7 0.136538 0.405335 0.033077 0.055439
7 0.216154 0.380230 0.032308 0.057531
7 0.286923 0.379707 0.018462 0.035565
7 0.336538 0.394874 0.019231 0.034519
7 0.323462 0.387029 0.014615 0.029289
7 0.176923 0.391736 0.029231 0.055439
7 0.017308 0.416841 0.017692 0.030335
7 0.035385 0.430962 0.012308 0.023013
7 0.066538 0.430439 0.013077 0.026151
7 0.081923 0.402197 0.022308 0.032427
7 0.107308 0.396444 0.023846 0.027197
7 0.360385 0.418410 0.036154 0.064854
