7 1.012445 0.594238 0.106881 0.083008
7 0.904100 0.384277 0.042460 0.036133
7 0.546120 0.335938 0.026354 0.021484
7 0.644949 0.337891 0.027818 0.019531
7 0.672035 0.341309 0.026354 0.018555
7 0.734261 0.353027 0.030747 0.024414
7 0.762079 0.338379 0.024890 0.018555
7 0.763543 0.375488 0.045388 0.038086
7 0.803807 0.354492 0.026354 0.019531
7 0.464129 0.342773 0.023426 0.019531
7 0.490483 0.357422 0.029283 0.025391
7 0.319912 0.355469 0.019034 0.019531
7 0.319180 0.355957 0.020498 0.020508
7 0.233529 0.355957 0.024890 0.020508
7 0.217423 0.375977 0.033675 0.027344
7 0.338214 0.362305 0.035139 0.027344
7 0.372621 0.363770 0.033675 0.024414
7 0.661786 0.370605 0.038067 0.032227
7 0.617862 0.371582 0.035139 0.028320
7 0.618594 0.354004 0.030747 0.024414
7 0.681552 0.370117 0.030747 0.025391
7 0.508785 0.378906 0.033675 0.027344
7 0.416545 0.399414 0.048316 0.041016
7 0.355051 0.417969 0.048316 0.039062
7 0.620791 0.424805 0.046852 0.037109
7 0.731332 0.440918 0.071742 0.047852
7 0.742313 0.534180 0.122987 0.095703
7 0.481698 0.466797 0.073206 0.058594
7 0.536603 0.564453 0.074671 0.066406
7 0.467057 0.537109 0.105417 0.085938
7 0.139092 0.398438 0.046852 0.041016
7 0.102489 0.484863 0.079063 0.065430
7 0.072474 0.481445 0.083455 0.068359
7 0.034407 0.530762 0.068814 0.069336
7 0.155198 0.560547 0.087848 0.080078
7 0.601025 0.394531 0.036603 0.027344
