7 0.087083 0.358836 0.054167 0.073276
7 0.183333 0.384698 0.045000 0.066810
7 0.262500 0.367996 0.041667 0.059267
7 0.297917 0.489224 0.045833 0.075431
7 0.337500 0.356142 0.038333 0.061422
7 0.395417 0.361530 0.037500 0.057112
7 0.390000 0.483297 0.045000 0.072198
7 0.446250 0.361530 0.034167 0.052802
7 0.512083 0.352371 0.035833 0.056034
7 0.472917 0.501616 0.042500 0.067888
7 0.547917 0.516164 0.040833 0.066810
7 0.584167 0.369612 0.036667 0.056034
7 0.625833 0.490841 0.041667 0.070043
7 0.634167 0.370151 0.035000 0.057112
7 0.711667 0.368534 0.036667 0.062500
7 0.725833 0.492457 0.043333 0.071121
7 0.804167 0.365841 0.045000 0.070043
7 0.894167 0.358836 0.046667 0.071121
