7 0.518846 0.534211 0.028462 0.038947
7 0.796154 0.507895 0.012308 0.020000
7 0.744615 0.497895 0.010769 0.016842
7 0.856154 0.485789 0.009231 0.011579
7 0.956538 0.494211 0.008462 0.011579
7 0.998077 0.493684 0.008462 0.010526
7 0.978846 0.485789 0.005385 0.007368
7 0.926923 0.482105 0.004615 0.006316
7 0.903462 0.480526 0.005385 0.007368
7 0.875769 0.484737 0.005385 0.007368
7 0.823462 0.479474 0.006923 0.009474
7 0.809615 0.476316 0.006923 0.007368
7 0.785385 0.492632 0.010769 0.014737
7 0.725000 0.480526 0.003846 0.007368
7 0.712692 0.473684 0.003846 0.006316
7 0.642308 0.473158 0.006154 0.009474
7 0.472692 0.473158 0.006923 0.009474
7 0.452308 0.470000 0.004615 0.007368
7 0.356923 0.469474 0.007692 0.012632
7 0.333846 0.468421 0.004615 0.006316
7 0.319231 0.466842 0.004615 0.009474
7 0.267692 0.475263 0.007692 0.009474
7 0.243462 0.480000 0.010000 0.014737
7 0.204231 0.475789 0.006923 0.010526
7 0.163462 0.476842 0.006923 0.010526
7 0.155385 0.471053 0.006154 0.007368
7 0.078846 0.468421 0.005385 0.006316
7 0.058462 0.469474 0.010769 0.012632
7 0.001154 0.469474 0.006923 0.008421
7 0.528077 0.467895 0.005385 0.007368
