7 0.006889 0.705333 0.065333 0.061333
7 0.055333 0.677167 0.060889 0.050333
7 0.213778 0.664500 0.020444 0.016333
7 0.213111 0.665333 0.017333 0.013333
7 0.227778 0.656667 0.006667 0.006667
7 0.280667 0.658167 0.022667 0.019667
7 0.363778 0.690833 0.028000 0.025667
7 0.427111 0.652833 0.008889 0.007000
7 0.848444 0.697000 0.039111 0.028000
7 0.845333 0.697000 0.032000 0.028000
7 0.575556 0.655333 0.007111 0.006000
7 0.613778 0.653667 0.010667 0.008000
7 0.645556 0.656833 0.008444 0.007667
7 0.651778 0.647167 0.006667 0.005667
7 0.670000 0.653500 0.007556 0.006333
7 0.735111 0.656500 0.010667 0.007667
7 0.772222 0.659167 0.010222 0.007667
7 0.781556 0.673000 0.017333 0.026000
7 0.788889 0.656667 0.009778 0.008667
7 0.822667 0.653667 0.009778 0.008667
7 0.202444 0.657833 0.007556 0.006333
