7 0.071875 0.622601 0.037500 0.055437
7 0.158594 0.603412 0.029687 0.051173
7 0.222656 0.587420 0.007812 0.010661
7 0.213281 0.587420 0.004687 0.006397
7 0.235156 0.583156 0.007812 0.010661
7 0.240625 0.589552 0.006250 0.010661
7 0.292187 0.615139 0.031250 0.044776
7 0.328125 0.577825 0.012500 0.017058
7 0.342969 0.589552 0.007812 0.010661
7 0.377344 0.604478 0.026562 0.036247
7 0.464844 0.623667 0.017188 0.023454
7 0.485156 0.621535 0.020313 0.027719
7 0.530469 0.608742 0.023438 0.036247
7 0.578125 0.633262 0.028125 0.038380
7 0.611719 0.634328 0.017188 0.027719
7 0.644531 0.626866 0.020313 0.029851
7 0.692969 0.605544 0.026562 0.046908
7 0.732812 0.642857 0.025000 0.036247
7 0.779687 0.626866 0.012500 0.021322
7 0.792969 0.626866 0.014063 0.021322
7 0.811719 0.585288 0.010937 0.014925
7 0.845313 0.633262 0.031250 0.046908
7 0.914844 0.599147 0.035937 0.046908
7 0.978125 0.640725 0.021875 0.027719
