7 0.581009 0.343093 0.050429 0.091592
7 0.464056 0.358859 0.043991 0.078078
7 0.129828 0.417417 0.053648 0.081081
7 0.197961 0.376126 0.039700 0.070571
7 0.038090 0.343093 0.059013 0.079580
7 0.112661 0.347598 0.042918 0.067568
7 0.139485 0.345345 0.032189 0.066066
7 0.196352 0.338589 0.040773 0.055556
7 0.229614 0.318318 0.027897 0.057057
7 0.197425 0.312312 0.036481 0.060060
7 0.248391 0.317568 0.024678 0.049550
7 0.258584 0.286787 0.030043 0.042042
7 0.273069 0.275526 0.026824 0.046547
7 0.295064 0.274775 0.021459 0.039039
7 0.332082 0.264264 0.022532 0.039039
7 0.363197 0.268769 0.024678 0.039039
7 0.399678 0.251502 0.020386 0.034535
7 0.435086 0.256757 0.024678 0.042042
7 0.475322 0.267267 0.025751 0.042042
7 0.523069 0.250751 0.026824 0.048048
7 0.572425 0.247748 0.028970 0.048048
7 0.630901 0.240991 0.027897 0.052553
7 0.672210 0.319820 0.028970 0.057057
7 0.739270 0.272523 0.040773 0.061562
7 0.776288 0.305556 0.059013 0.070571
7 0.802039 0.379129 0.052575 0.073574
7 0.765021 0.339339 0.032189 0.048048
7 0.853004 0.392643 0.066524 0.091592
7 0.941524 0.521021 0.099785 0.120120
7 0.910944 0.406156 0.064378 0.094595
7 0.908798 0.464715 0.075107 0.094595
7 0.868026 0.241742 0.040773 0.069069
7 0.822961 0.269520 0.040773 0.067568
7 0.085837 0.286036 0.038627 0.061562
7 0.149678 0.228228 0.028970 0.042042
7 0.044528 0.232733 0.026824 0.042042
7 0.248927 0.210210 0.023605 0.039039
7 0.213519 0.233483 0.019313 0.037538
7 0.178648 0.198198 0.022532 0.039039
7 0.292382 0.246997 0.022532 0.031532
7 0.357833 0.243994 0.020386 0.034535
7 0.414163 0.195195 0.019313 0.036036
7 0.457618 0.250751 0.020386 0.039039
7 0.490880 0.236486 0.018240 0.031532
7 0.481223 0.232733 0.016094 0.033033
7 0.565451 0.198949 0.019313 0.034535
7 0.623391 0.210961 0.027897 0.049550
7 0.674356 0.219219 0.033262 0.051051
7 0.730150 0.246246 0.039700 0.063063
7 0.701180 0.225225 0.022532 0.048048
7 0.091202 0.257508 0.032189 0.052553
7 0.331545 0.264264 0.021459 0.039039
7 0.423283 0.244745 0.016094 0.030030
7 0.456545 0.249249 0.022532 0.042042
7 0.997854 0.349099 0.053648 0.082583
7 -0.013948 0.487237 0.055794 0.112613
7 0.787554 0.362613 0.070815 0.316817
7 0.221567 0.277778 0.026824 0.042042
