7 0.055607 0.409722 0.025429 0.029412
7 0.180300 0.401144 0.021140 0.031863
7 0.196691 0.423203 0.017157 0.026144
7 0.247243 0.414624 0.027574 0.043301
7 0.236979 0.407271 0.022365 0.031046
7 0.292433 0.410131 0.017463 0.025327
7 0.426317 0.441585 0.022978 0.036765
7 0.401348 0.428309 0.013480 0.021650
7 0.463695 0.438521 0.018689 0.033088
7 0.520680 0.434845 0.019301 0.026552
7 0.580270 0.438521 0.023284 0.033088
7 0.574449 0.416054 0.013480 0.021650
7 0.687960 0.432598 0.015625 0.026961
7 0.916973 0.407680 0.032475 0.044118
7 0.951440 0.433415 0.019914 0.025327
7 0.881127 0.433619 0.013480 0.019199
