7 0.029231 0.490042 0.009231 0.013627
7 0.134615 0.494235 0.009231 0.013627
7 0.145385 0.502096 0.007692 0.014675
7 0.166154 0.504717 0.007692 0.011530
7 0.189231 0.498428 0.010769 0.015723
7 0.200769 0.496855 0.009231 0.014675
7 0.206923 0.482704 0.020000 0.034591
7 0.506154 0.527254 0.003077 0.004193
7 0.511154 0.525157 0.003846 0.004193
7 0.531154 0.525681 0.003846 0.005241
7 0.908462 0.503145 0.009231 0.010482
7 0.903077 0.539308 0.007692 0.011530
7 0.920385 0.549790 0.006923 0.011530
7 0.923077 0.544549 0.006154 0.009434
7 0.084231 0.432914 0.034615 0.058700
7 0.310769 0.452830 0.036923 0.058700
7 0.350000 0.403564 0.049231 0.085954
7 0.414231 0.463836 0.028462 0.051363
7 0.463077 0.457023 0.024615 0.035639
7 0.463846 0.453354 0.035385 0.051363
7 0.597308 0.469602 0.030000 0.044025
7 0.590385 0.438679 0.037692 0.057652
7 0.711154 0.459119 0.026923 0.041929
7 0.778462 0.461740 0.040000 0.059748
