7 0.738889 0.258333 0.014815 0.030000
7 0.855093 0.447500 0.039815 0.085000
7 0.947685 0.260833 0.028704 0.071667
7 0.833796 0.282500 0.032407 0.075000
7 0.598611 0.242500 0.041667 0.091667
7 0.645370 0.305000 0.035185 0.056667
7 0.510185 0.208333 0.079630 0.143333
7 0.229630 0.335833 0.042593 0.071667
7 0.044907 0.311667 0.025000 0.063333
7 0.360185 0.329167 0.035185 0.161667
7 0.168056 0.265833 0.010185 0.018333
7 0.123611 0.280833 0.013889 0.028333
7 0.089815 0.354167 0.031481 0.198333
7 0.252315 0.274167 0.010185 0.021667
7 0.328241 0.302500 0.023148 0.128333
7 0.299074 0.336667 0.024074 0.126667
