7 0.025974 0.593269 0.028860 0.048077
7 0.285714 0.603846 0.033189 0.053846
7 0.367244 0.630288 0.038961 0.062500
7 0.455628 0.626923 0.036797 0.063462
7 0.530303 0.639904 0.037518 0.062500
7 0.654040 0.615385 0.041126 0.065385
7 0.765152 0.580288 0.042569 0.068269
7 0.908009 0.575481 0.042569 0.064423
7 0.791486 0.563462 0.031746 0.059615
7 0.683261 0.559615 0.043290 0.073077
7 0.579365 0.574519 0.034632 0.060577
7 0.494949 0.592788 0.033189 0.052885
7 0.420274 0.588942 0.033911 0.058654
7 0.339105 0.596635 0.038961 0.060577
7 0.765512 0.510577 0.031746 0.057692
7 0.702381 0.530769 0.033911 0.059615
7 0.610390 0.567308 0.028860 0.055769
7 0.627706 0.552404 0.033189 0.049038
7 0.502525 0.561058 0.031025 0.049038
7 0.400072 0.553365 0.031025 0.052885
7 0.353896 0.568269 0.032468 0.050000
7 0.335137 0.531250 0.029582 0.041346
7 0.441198 0.520673 0.025253 0.043269
7 0.507576 0.516346 0.026696 0.040385
7 0.568182 0.517308 0.025253 0.044231
7 0.630592 0.509135 0.025974 0.045192
7 0.697330 0.488942 0.026696 0.045192
7 0.736652 0.485577 0.028860 0.048077
7 0.379509 0.539904 0.010101 0.018269
7 0.369408 0.491346 0.005772 0.009615
7 0.387807 0.515865 0.009380 0.012500
7 0.485209 0.515385 0.009380 0.015385
7 0.564935 0.553365 0.030303 0.049038
7 0.970418 0.811538 0.033189 0.046154
7 0.397547 0.461058 0.004329 0.006731
7 0.373737 0.431731 0.002886 0.003846
7 0.384560 0.406731 0.002886 0.003846
7 0.375541 0.403365 0.003608 0.004808
7 0.405483 0.535577 0.025974 0.048077
7 0.390332 0.489423 0.005772 0.007692
7 0.401876 0.487500 0.005772 0.007692
7 0.405123 0.501442 0.009380 0.016346
7 0.382395 0.499038 0.005772 0.007692
7 0.363997 0.519231 0.007937 0.011538
