7 0.749609 0.143056 0.021094 0.083333
7 0.666406 0.085417 0.009375 0.018056
7 0.984375 0.349306 0.009375 0.020833
7 0.927734 0.336111 0.008594 0.019444
7 0.875781 0.364583 0.029687 0.062500
7 0.902344 0.402778 0.010937 0.022222
7 0.784375 0.400694 0.010937 0.023611
7 0.755859 0.407639 0.010156 0.020833
7 0.741016 0.429167 0.024219 0.097222
7 0.703516 0.411806 0.008594 0.018056
7 0.754687 0.342361 0.009375 0.018056
7 0.447266 0.374306 0.032031 0.062500
7 0.068750 0.427083 0.009375 0.023611
7 0.237109 0.568056 0.010156 0.022222
7 0.216406 0.565278 0.010937 0.019444
7 0.210938 0.618056 0.014063 0.030556
7 0.024219 0.615278 0.020313 0.036111
7 0.102344 0.497222 0.023438 0.047222
7 0.110156 0.436111 0.007812 0.019444
7 0.128516 0.434028 0.008594 0.020833
7 0.180859 0.447222 0.028906 0.066667
7 0.198828 0.555556 0.021094 0.077778
7 0.144141 0.560417 0.010156 0.020833
7 0.050391 0.564583 0.010156 0.023611
7 0.087891 0.670139 0.053906 0.143056
7 0.280859 0.545833 0.019531 0.044444
7 0.338281 0.495833 0.028125 0.061111
7 0.355078 0.577778 0.013281 0.027778
7 0.364844 0.555556 0.012500 0.027778
7 0.387500 0.565972 0.012500 0.026389
7 0.400391 0.564583 0.013281 0.029167
7 0.428125 0.446528 0.023438 0.051389
7 0.448437 0.641667 0.010937 0.025000
7 0.474609 0.469444 0.022656 0.047222
7 0.634375 0.464583 0.026562 0.056944
7 0.573828 0.302083 0.055469 0.109722
7 0.750000 0.497917 0.023438 0.045833
7 0.860547 0.631250 0.013281 0.029167
7 0.964844 0.623611 0.014063 0.030556
7 0.951562 0.611111 0.015625 0.027778
7 0.931250 0.620139 0.015625 0.026389
7 0.591797 0.613889 0.013281 0.027778
7 0.583984 0.593750 0.011719 0.023611
7 0.605469 0.605556 0.012500 0.025000
7 0.614453 0.590972 0.010156 0.020833
7 0.705859 0.615278 0.019531 0.036111
7 0.817187 0.628472 0.017188 0.031944
7 0.967578 0.467361 0.011719 0.026389
7 0.877734 0.611806 0.014844 0.031944
7 0.901172 0.611806 0.013281 0.023611
7 0.913281 0.500000 0.012500 0.027778
7 0.869922 0.517361 0.013281 0.026389
7 0.945312 0.483333 0.012500 0.025000
7 0.518750 0.444444 0.032813 0.055556
