7 0.992188 0.707399 0.006250 0.011211
7 0.953906 0.707399 0.020313 0.033632
7 0.932031 0.707399 0.014063 0.024664
7 0.853906 0.705157 0.020313 0.029148
7 0.847656 0.717489 0.017188 0.031390
7 0.829688 0.721973 0.015625 0.022422
7 0.810937 0.719731 0.012500 0.022422
7 0.754687 0.700673 0.018750 0.029148
7 0.738281 0.701794 0.017188 0.026906
7 0.692969 0.698430 0.017188 0.024664
7 0.618750 0.706278 0.015625 0.026906
7 0.560156 0.705157 0.017188 0.024664
7 0.480469 0.705157 0.014063 0.020179
7 0.488281 0.714126 0.010937 0.020179
7 0.349219 0.719731 0.014063 0.022422
7 0.261719 0.705157 0.014063 0.020179
7 0.235937 0.730942 0.012500 0.017937
7 0.214062 0.746637 0.009375 0.017937
7 0.178125 0.732063 0.009375 0.015695
7 0.181250 0.743274 0.009375 0.011211
7 0.159375 0.733184 0.009375 0.013453
7 0.154688 0.746637 0.009375 0.017937
7 0.139063 0.745516 0.012500 0.015695
7 0.125000 0.743274 0.012500 0.015695
7 0.110937 0.718610 0.015625 0.024664
7 0.063281 0.744395 0.010937 0.017937
7 0.047656 0.746637 0.014063 0.013453
7 0.046094 0.746637 0.010937 0.013453
7 0.014844 0.735426 0.010937 0.013453
