7 0.745313 0.504684 0.090625 0.170960
7 0.869531 0.380562 0.057813 0.110070
7 0.784375 0.360656 0.043750 0.079625
7 0.717969 0.405152 0.076563 0.131148
7 0.460156 0.485948 0.098437 0.161593
7 0.420312 0.446136 0.062500 0.124122
7 0.657031 0.385246 0.054688 0.096019
7 0.604688 0.360656 0.043750 0.088993
7 0.532813 0.235363 0.043750 0.091335
7 0.609375 0.238876 0.037500 0.060890
7 0.346094 0.213115 0.051562 0.098361
7 0.434375 0.227166 0.040625 0.070258
7 0.469531 0.248244 0.039062 0.074941
7 0.292969 0.208431 0.048438 0.084309
7 0.194531 0.230679 0.039062 0.072600
7 0.146094 0.248244 0.029687 0.051522
