7 0.655385 0.591667 0.032308 0.039583
7 0.560769 0.592708 0.024615 0.041667
7 0.486923 0.583333 0.023077 0.035417
7 0.342692 0.576042 0.025385 0.041667
7 0.217308 0.582812 0.025385 0.038542
7 0.308846 0.580208 0.022308 0.033333
7 0.033077 0.556250 0.013846 0.016667
7 0.006923 0.630208 0.036923 0.158333
7 0.073462 0.542708 0.011538 0.016667
7 0.108462 0.558333 0.013846 0.022917
7 0.098462 0.570312 0.012308 0.019792
7 0.095000 0.553125 0.008462 0.012500
7 0.086923 0.549479 0.009231 0.015625
7 0.134615 0.576042 0.012308 0.018750
7 0.133077 0.562500 0.015385 0.022917
7 0.178077 0.561458 0.011538 0.020833
7 0.209231 0.558854 0.012308 0.015625
7 0.246538 0.563542 0.010000 0.014583
7 0.261538 0.569271 0.010769 0.015625
7 0.383077 0.573958 0.010769 0.014583
7 0.366154 0.554688 0.009231 0.013542
7 0.410000 0.576562 0.007692 0.013542
7 0.434615 0.567187 0.009231 0.013542
7 0.395000 0.563021 0.006923 0.011458
7 0.460385 0.549479 0.011538 0.017708
7 0.471538 0.574479 0.010769 0.017708
7 0.472308 0.576042 0.010769 0.016667
7 0.522692 0.561458 0.013077 0.020833
7 0.578077 0.573438 0.011538 0.019792
7 0.599231 0.568229 0.012308 0.017708
7 0.616538 0.577604 0.013077 0.017708
7 0.633077 0.573958 0.012308 0.018750
7 0.717692 0.565104 0.010769 0.015625
7 0.663462 0.570312 0.013077 0.017708
