7 0.086420 0.635688 0.037037 0.066914
7 0.142593 0.564126 0.033333 0.065056
7 0.263580 0.390335 0.040741 0.078067
7 0.349383 0.417286 0.041975 0.065056
7 0.314198 0.459108 0.033333 0.074349
7 0.491975 0.456320 0.033333 0.053903
7 0.411728 0.528810 0.030864 0.068773
7 0.532099 0.428439 0.034568 0.057621
7 0.572222 0.518587 0.028395 0.055762
7 0.677160 0.396840 0.040741 0.068773
7 0.737037 0.443309 0.037037 0.057621
7 0.774691 0.518587 0.035802 0.066914
7 0.859259 0.374535 0.044444 0.072491
7 0.829012 0.811338 0.053086 0.094796
7 0.402469 0.776952 0.059259 0.104089
7 0.300000 0.823420 0.061728 0.115242
