7 0.112305 0.619769 0.025391 0.041847
7 0.085449 0.621212 0.026367 0.047619
7 0.111816 0.658009 0.030273 0.051948
7 0.258301 0.559163 0.032227 0.056277
7 0.360352 0.586580 0.025391 0.053391
7 0.341797 0.608225 0.027344 0.050505
7 0.456055 0.600289 0.031250 0.057720
7 0.439941 0.554834 0.032227 0.062049
7 0.474121 0.560606 0.032227 0.053391
7 0.484375 0.576479 0.037109 0.062049
7 0.490723 0.589466 0.036133 0.067821
7 0.650391 0.598846 0.039062 0.060606
7 0.797852 0.577922 0.025391 0.047619
7 0.831055 0.591631 0.029297 0.043290
7 0.849121 0.545455 0.024414 0.034632
7 0.950195 0.574315 0.031250 0.049062
7 0.982422 0.551227 0.037109 0.063492
