7 0.071289 0.588542 0.037109 0.076389
7 0.151367 0.608507 0.033203 0.081597
7 0.143066 0.678819 0.038086 0.076389
7 0.098145 0.567708 0.028320 0.062500
7 0.123047 0.551215 0.025391 0.050347
7 0.185059 0.573785 0.030273 0.067708
7 0.202148 0.608507 0.033203 0.071181
7 0.231934 0.579861 0.028320 0.052083
7 0.225098 0.676215 0.034180 0.074653
7 0.286133 0.638889 0.035156 0.072917
7 0.314453 0.676215 0.037109 0.081597
7 0.331543 0.586806 0.030273 0.069444
7 0.371094 0.618924 0.031250 0.067708
7 0.386719 0.686632 0.033203 0.081597
7 0.424805 0.644965 0.029297 0.067708
7 0.441406 0.608507 0.025391 0.060764
7 0.461426 0.697917 0.034180 0.072917
7 0.499512 0.653646 0.028320 0.060764
7 0.528320 0.558160 0.025391 0.057292
7 0.527832 0.662326 0.034180 0.078125
7 0.593750 0.581597 0.029297 0.059028
7 0.576172 0.620660 0.033203 0.071181
7 0.607422 0.546875 0.025391 0.055556
7 0.617676 0.699653 0.034180 0.076389
7 0.649902 0.571181 0.030273 0.065972
7 0.659668 0.631944 0.030273 0.076389
7 0.696289 0.724826 0.035156 0.067708
7 0.726074 0.631944 0.032227 0.069444
7 0.708496 0.578125 0.028320 0.059028
7 0.691895 0.543403 0.026367 0.052083
7 0.750488 0.559028 0.022461 0.052083
7 0.777344 0.595486 0.027344 0.059028
7 0.776855 0.696181 0.036133 0.079861
7 0.806152 0.636285 0.036133 0.071181
7 0.856934 0.579861 0.024414 0.041667
7 0.877930 0.552083 0.019531 0.038194
7 0.878418 0.620660 0.038086 0.071181
7 0.846680 0.710069 0.037109 0.069444
7 0.916992 0.702257 0.041016 0.092014
