7 0.000781 0.489815 0.014063 0.025926
7 0.013542 0.504167 0.010417 0.017593
7 0.039844 0.513426 0.007812 0.017593
7 0.053125 0.518056 0.007292 0.015741
7 0.109375 0.469444 0.021875 0.038889
7 0.208333 0.474074 0.029167 0.068519
7 0.346354 0.429630 0.038542 0.083333
7 0.402344 0.446759 0.036979 0.076852
7 0.573698 0.476852 0.034896 0.072222
7 0.736719 0.461574 0.042188 0.086111
7 0.814583 0.518981 0.046875 0.097222
7 0.888021 0.487500 0.032292 0.063889
7 0.962500 0.448611 0.056250 0.106481
7 0.699219 0.491667 0.026562 0.055556
7 0.778906 0.515278 0.009896 0.017593
7 0.655729 0.482870 0.013542 0.026852
7 0.595313 0.471296 0.017708 0.035185
7 0.617448 0.509722 0.009896 0.021296
7 0.627604 0.514352 0.009375 0.015741
7 0.646615 0.513889 0.007812 0.016667
7 0.529167 0.507407 0.014583 0.027778
7 0.531771 0.493981 0.015625 0.030556
7 0.498177 0.501389 0.017188 0.034259
7 0.471875 0.508796 0.014583 0.028704
7 0.447135 0.453241 0.024479 0.049074
7 0.297396 0.474074 0.023958 0.051852
7 0.259375 0.487037 0.013542 0.027778
7 0.130990 0.503241 0.011979 0.026852
7 0.150260 0.512500 0.011979 0.021296
7 0.170313 0.507870 0.008333 0.019444
7 0.238542 0.502315 0.012500 0.026852
7 0.833073 0.491204 0.015104 0.030556
7 0.853385 0.498148 0.014063 0.031481
7 0.877604 0.475000 0.017708 0.037037
