7 0.009556 0.341962 0.031415 0.067439
7 0.156854 0.290872 0.035149 0.064033
7 0.227153 0.294448 0.034271 0.069823
7 0.306459 0.299387 0.032074 0.066757
7 0.378295 0.298025 0.029877 0.065395
7 0.428273 0.342984 0.038005 0.063351
7 0.500549 0.302452 0.030975 0.064714
7 0.560743 0.344516 0.029218 0.069142
7 0.610940 0.346730 0.028559 0.060627
7 0.623792 0.445674 0.034930 0.071185
7 0.666301 0.332936 0.015378 0.035763
7 0.704086 0.335661 0.031195 0.063692
7 0.722979 0.295470 0.029877 0.053474
7 0.769332 0.341621 0.026362 0.057902
7 0.813159 0.341621 0.033172 0.072207
7 0.282074 0.529121 0.018014 0.030995
7 0.561731 0.611717 0.017575 0.032016
