7 0.032917 0.671250 0.015833 0.022500
7 0.043750 0.666875 0.007500 0.016250
7 0.056667 0.664375 0.008333 0.013750
7 0.054167 0.665000 0.013333 0.022500
7 0.163333 0.644375 0.010000 0.016250
7 0.182917 0.644375 0.007500 0.013750
7 0.195000 0.643750 0.006667 0.012500
7 0.318333 0.621250 0.058333 0.100000
7 0.425417 0.610000 0.047500 0.070000
7 0.475833 0.615625 0.066667 0.076250
7 0.749583 0.528125 0.050833 0.063750
7 0.905000 0.531875 0.090000 0.098750
7 0.533750 0.599375 0.004167 0.008750
7 0.543333 0.593125 0.005000 0.008750
7 0.571667 0.590625 0.005000 0.008750
7 0.584167 0.581250 0.005000 0.007500
