7 0.374027 0.558065 0.018482 0.025806
7 0.392510 0.566129 0.016537 0.029032
7 0.524319 0.642742 0.009728 0.014516
7 0.557879 0.595161 0.008755 0.016129
7 0.577335 0.600806 0.010700 0.017742
7 0.599708 0.624194 0.004864 0.009677
7 0.593385 0.650000 0.011673 0.058065
7 0.699903 0.628226 0.004864 0.008065
7 0.745136 0.606452 0.009728 0.016129
7 0.770428 0.617742 0.009728 0.019355
7 0.784047 0.607258 0.009728 0.020968
7 0.824416 0.621774 0.006809 0.011290
7 0.844844 0.620968 0.004864 0.009677
7 0.871109 0.612097 0.010700 0.024194
7 0.885214 0.608871 0.011673 0.020968
7 0.906128 0.657258 0.018482 0.098387
7 0.918774 0.604032 0.008755 0.014516
7 0.965953 0.597581 0.009728 0.017742
