7 -0.015682 0.404226 0.024091 0.035446
7 0.066364 0.453306 0.019091 0.034083
7 0.119545 0.465576 0.018182 0.034083
7 0.274091 0.382413 0.040909 0.062713
7 0.217500 0.417860 0.019545 0.038173
7 0.349091 0.445467 0.020000 0.033401
7 0.395909 0.352420 0.038182 0.058623
7 0.613409 0.413429 0.033182 0.059305
7 0.748409 0.400136 0.025000 0.043626
7 0.807727 0.412747 0.024545 0.040218
7 0.861818 0.515678 0.025455 0.048398
7 0.908182 0.510907 0.027273 0.042945
7 0.960227 0.429789 0.025000 0.048398
7 1.001818 0.450239 0.021818 0.044308
7 0.968864 0.401840 0.025000 0.044308
7 0.910227 0.397751 0.022273 0.041581
7 0.939545 0.372529 0.022727 0.034765
7 0.980909 0.367076 0.026364 0.041581
7 0.984091 0.325494 0.020909 0.038855
7 0.955227 0.299591 0.023182 0.037491
7 0.925682 0.295842 0.021364 0.036810
7 0.848636 0.293797 0.021818 0.039536
7 0.786364 0.368098 0.026364 0.046353
7 0.817500 0.309816 0.019545 0.034765
7 0.777500 0.311520 0.019545 0.040900
7 0.739091 0.295501 0.020909 0.036128
7 0.749545 0.357192 0.020909 0.032720
7 0.711591 0.358896 0.017727 0.032038
7 0.692727 0.321745 0.018182 0.029993
7 0.670909 0.351738 0.019091 0.036810
7 0.658636 0.400818 0.020000 0.038173
7 0.664545 0.492843 0.024545 0.044990
7 0.548182 0.515678 0.021818 0.038855
7 0.504091 0.511247 0.023636 0.043626
7 0.467727 0.517723 0.020909 0.033401
7 0.495227 0.475801 0.021364 0.034083
7 0.562045 0.471711 0.019545 0.036810
7 0.570227 0.415133 0.024091 0.042263
7 0.560909 0.406271 0.019091 0.039536
7 0.628636 0.402522 0.022727 0.045671
7 0.623636 0.358896 0.018182 0.037491
7 0.620455 0.323790 0.016364 0.032720
7 0.657045 0.321745 0.017727 0.032720
7 0.580909 0.322086 0.019091 0.034765
7 0.587955 0.360600 0.023182 0.036810
7 0.554545 0.368439 0.020909 0.037491
7 0.550227 0.340491 0.021364 0.036128
7 0.515227 0.394683 0.018636 0.035446
7 0.522955 0.332311 0.015909 0.029312
7 0.495909 0.329243 0.017273 0.028630
7 0.470682 0.328221 0.015000 0.029312
7 0.442955 0.339468 0.015909 0.031357
7 0.429318 0.372188 0.018636 0.032720
7 0.444091 0.409680 0.019091 0.034083
7 0.459091 0.372529 0.020000 0.033401
7 0.490909 0.370825 0.018182 0.029993
