7 0.188125 0.518762 0.011250 0.054409
7 0.194375 0.521576 0.011250 0.067542
7 0.205625 0.503752 0.006250 0.013133
7 0.226250 0.502814 0.010000 0.018762
7 0.239375 0.500000 0.006250 0.009381
7 0.259375 0.510319 0.016250 0.026266
7 0.288125 0.500000 0.013750 0.028143
7 0.301875 0.520638 0.018750 0.069418
7 0.445000 0.500000 0.015000 0.024390
7 0.387500 0.495310 0.020000 0.037523
7 0.340000 0.494371 0.020000 0.031895
7 0.331250 0.520638 0.032500 0.058161
7 0.423125 0.609756 0.031250 0.052533
7 0.243750 0.644465 0.025000 0.043152
7 0.502500 0.596623 0.080000 0.356473
7 0.056250 0.586304 0.112500 0.448405
7 0.673750 0.621013 0.125000 0.525328
7 0.736875 0.506567 0.036250 0.063790
