7 0.828125 0.241355 0.060547 0.106501
7 0.753418 0.283541 0.049805 0.085754
7 0.892090 0.242047 0.041992 0.074689
7 0.692871 0.282849 0.049805 0.087137
7 0.651855 0.320194 0.045898 0.081604
7 0.587891 0.280775 0.048828 0.080221
7 0.551270 0.239972 0.051758 0.089903
7 0.371582 0.446058 0.069336 0.114799
7 0.251953 0.243430 0.060547 0.102351
7 0.354004 0.263485 0.061523 0.098202
7 -0.013184 0.293914 0.038086 0.059474
7 0.040039 0.269018 0.042969 0.062241
7 0.171875 0.290456 0.035156 0.049793
7 0.485352 0.264869 0.044922 0.092669
7 0.444824 0.249654 0.047852 0.092669
