7 0.624219 0.480984 0.007812 0.008949
7 0.640625 0.483221 0.006250 0.008949
7 0.610156 0.493289 0.007812 0.011186
7 0.598437 0.478747 0.006250 0.008949
7 0.589844 0.506711 0.017188 0.078300
7 0.566406 0.492170 0.007812 0.013423
7 0.520312 0.506711 0.012500 0.060403
7 0.526563 0.506711 0.015625 0.060403
7 0.537500 0.507830 0.015625 0.062640
7 0.549219 0.506711 0.017188 0.069351
7 0.582031 0.491051 0.007812 0.011186
7 0.650000 0.479866 0.009375 0.011186
7 0.342969 0.606264 0.023438 0.040268
7 0.359375 0.595078 0.028125 0.053691
7 0.481250 0.587248 0.031250 0.046980
