7 0.053750 0.226077 0.067500 0.150718
7 0.224375 0.275120 0.056250 0.138756
7 0.362500 0.229665 0.067500 0.157895
7 0.477500 0.289474 0.057500 0.143541
7 0.585625 0.294258 0.061250 0.138756
7 0.701875 0.307416 0.058750 0.150718
7 0.839375 0.241627 0.071250 0.143541
7 0.167500 0.387560 0.067500 0.162679
7 0.295000 0.354067 0.057500 0.153110
7 0.421875 0.337321 0.063750 0.162679
7 0.528125 0.349282 0.063750 0.153110
7 0.642500 0.362440 0.060000 0.155502
7 0.776250 0.333732 0.065000 0.160287
7 0.912500 0.314593 0.062500 0.165072
