7 0.839336 0.336261 0.030367 0.070263
7 0.822387 0.331242 0.040254 0.087829
7 0.786723 0.329987 0.040960 0.090339
7 0.758475 0.291719 0.057910 0.104141
7 0.763065 0.281681 0.048729 0.111669
7 0.787429 0.328105 0.036723 0.091593
7 0.964689 0.355709 0.025424 0.048934
7 0.972458 0.310540 0.019774 0.043915
7 0.913842 0.313049 0.022599 0.036386
7 0.892302 0.315558 0.023305 0.048934
7 0.864760 0.308657 0.020480 0.045169
7 0.686794 0.599122 0.092514 0.811794
7 0.683969 0.247804 0.051554 0.116688
7 0.633121 0.250941 0.081215 0.140527
7 0.563559 0.317440 0.081921 0.163112
7 0.503178 0.174404 0.086864 0.180678
7 0.445621 0.187578 0.098870 0.204517
7 0.358757 0.180050 0.120056 0.244668
7 0.216102 0.309912 0.142655 0.288582
