7 0.920434 0.512032 0.020833 0.038770
7 0.735816 0.512032 0.030142 0.050802
7 0.845745 0.545120 0.024823 0.038102
7 0.671321 0.571524 0.020833 0.040107
7 0.615913 0.564171 0.019947 0.038770
7 0.553635 0.565842 0.019504 0.038102
7 0.501773 0.569184 0.022163 0.038102
7 0.411348 0.565174 0.017730 0.039439
7 0.373892 0.572527 0.018174 0.032754
7 0.328457 0.572193 0.019504 0.036096
7 0.264184 0.437500 0.035461 0.055481
7 0.200133 0.398396 0.022606 0.036096
7 0.040559 0.525067 0.022606 0.034091
7 0.011746 0.592246 0.012855 0.021390
7 0.122784 0.548797 0.021277 0.028075
7 0.306294 0.626337 0.008865 0.013369
7 0.587988 0.574198 0.013741 0.026738
7 0.867908 0.632019 0.011525 0.022059
7 0.689938 0.700869 0.018174 0.039439
7 0.588209 0.688168 0.021277 0.040775
7 0.473404 0.666778 0.024823 0.042112
7 0.398050 0.690508 0.023050 0.040107
7 0.533023 0.221925 0.045656 0.070856
7 0.655585 0.577874 0.018617 0.031417
7 0.430629 0.573864 0.019947 0.027406
