7 0.547177 0.274486 0.063710 0.145103
7 0.746774 0.187424 0.072581 0.142684
7 0.664113 0.236397 0.045968 0.090689
7 0.437097 0.226119 0.035484 0.062878
7 0.931855 0.382709 0.037903 0.061669
7 1.008065 0.314389 0.038710 0.070133
7 0.954435 0.300484 0.037903 0.066505
7 0.866532 0.276904 0.041129 0.070133
7 0.807258 0.296252 0.035484 0.079807
7 0.779839 0.230351 0.043548 0.073761
7 0.912500 0.281137 0.033065 0.054414
7 0.878226 0.217654 0.030645 0.058041
7 0.820565 0.267231 0.033065 0.062878
7 0.712097 0.302297 0.035484 0.065296
7 0.710081 0.160822 0.028226 0.060459
7 0.702419 0.134825 0.029032 0.056832
7 0.748790 0.105804 0.029839 0.044740
7 0.608468 0.218863 0.029839 0.055623
7 0.587903 0.155985 0.029032 0.048368
7 0.509677 0.140266 0.025806 0.043531
7 0.471774 0.186215 0.029032 0.058041
7 0.467742 0.253930 0.029032 0.062878
7 0.440323 0.138452 0.024194 0.049577
7 0.383065 0.283555 0.033871 0.066505
7 0.377823 0.212213 0.028226 0.049577
7 0.312097 0.271463 0.035484 0.064087
7 0.341532 0.249093 0.028226 0.053204
7 0.336290 0.162031 0.025806 0.041112
7 0.303226 0.133615 0.024194 0.042322
7 0.238306 0.260580 0.034677 0.059250
7 0.267339 0.160822 0.023387 0.048368
7 0.245968 0.101572 0.024194 0.045949
7 0.172581 0.251511 0.035484 0.062878
7 0.177419 0.181378 0.022581 0.050786
7 0.185887 0.136034 0.023387 0.042322
7 0.080242 0.247884 0.033065 0.053204
7 0.022177 0.244861 0.031452 0.056832
7 0.041935 0.135429 0.029032 0.058041
7 0.075806 0.127570 0.024194 0.044740
7 0.018952 0.092503 0.026613 0.047158
