7 0.970313 0.044444 0.018750 0.044444
7 0.742969 0.127778 0.017188 0.033333
7 0.344141 0.265972 0.011719 0.031944
7 0.311719 0.252778 0.014063 0.030556
7 0.268750 0.286806 0.012500 0.026389
7 0.245703 0.279167 0.011719 0.022222
7 0.206641 0.277778 0.013281 0.022222
7 0.099609 0.320139 0.010156 0.020833
7 0.053125 0.320139 0.009375 0.020833
7 0.882812 0.541667 0.020313 0.041667
7 0.705078 0.664583 0.047656 0.093056
7 0.485156 0.732639 0.073438 0.145833
7 0.413281 0.720139 0.076563 0.115278
7 0.260937 0.670833 0.029687 0.047222
7 0.425391 0.577778 0.047656 0.077778
7 0.533984 0.567361 0.041406 0.062500
7 0.551562 0.657639 0.021875 0.045833
7 0.393359 0.652778 0.014844 0.030556
7 0.316016 0.552083 0.014844 0.031944
7 0.114844 0.575000 0.014063 0.027778
7 0.033984 0.579167 0.021094 0.041667
7 0.073047 0.649306 0.011719 0.020833
7 0.113281 0.574306 0.015625 0.029167
7 0.066016 0.637500 0.010156 0.019444
7 0.394531 0.279861 0.012500 0.029167
