7 0.799615 0.375000 0.042308 0.076291
7 0.544615 0.336268 0.038462 0.062207
7 0.379615 0.248239 0.057692 0.113850
7 0.190769 0.274061 0.040000 0.078638
7 0.259231 0.241197 0.023077 0.045775
7 0.463462 0.309272 0.017692 0.036385
7 0.479615 0.294014 0.017692 0.031690
7 0.570769 0.328052 0.013846 0.029343
7 0.598462 0.295775 0.015385 0.030516
7 0.643462 0.286972 0.022308 0.031690
7 0.672692 0.336854 0.014615 0.025822
7 0.691923 0.309272 0.016154 0.031690
7 0.718077 0.346244 0.017692 0.030516
7 0.738077 0.331573 0.014615 0.026995
7 0.748077 0.395540 0.014615 0.025822
7 0.784615 0.333333 0.016923 0.028169
7 0.857308 0.313967 0.014615 0.024648
7 0.894615 0.385563 0.012308 0.019953
7 0.898462 0.325704 0.012308 0.024648
7 -0.001923 0.301056 0.011538 0.022300
7 0.081538 0.343897 0.021538 0.035211
7 0.088462 0.352113 0.012308 0.021127
7 0.097692 0.325117 0.013846 0.025822
7 0.111154 0.343310 0.011538 0.019953
7 0.131538 0.357981 0.015385 0.025822
7 0.122308 0.340962 0.012308 0.019953
