7 0.898682 0.538520 0.038574 0.054920
7 0.766357 0.549199 0.029785 0.050343
7 0.729004 0.485889 0.017578 0.036613
7 0.672363 0.500000 0.018555 0.040427
7 0.621338 0.488940 0.031738 0.059497
7 0.531982 0.508009 0.040527 0.062548
7 0.597168 0.470252 0.007812 0.014493
7 0.505371 0.425248 0.007812 0.014493
7 0.477783 0.449657 0.009277 0.017544
7 0.499268 0.474447 0.010254 0.013730
7 0.397217 0.456140 0.007324 0.016781
7 0.380127 0.470252 0.016113 0.029748
7 0.362061 0.496949 0.020020 0.037376
7 0.385742 0.501144 0.020508 0.039664
7 0.209717 0.479405 0.011230 0.017544
7 0.159424 0.475973 0.010254 0.021358
7 0.118164 0.486651 0.011719 0.019832
7 0.105957 0.480168 0.012695 0.025172
