7 0.047852 0.464023 0.035156 0.055800
7 0.150391 0.480176 0.025391 0.046990
7 0.174805 0.472100 0.054688 0.060206
7 0.186035 0.530103 0.030273 0.046990
7 0.312500 0.560940 0.039062 0.061674
7 0.322754 0.371512 0.049805 0.082232
7 0.422852 0.535977 0.046875 0.064611
7 0.441406 0.500734 0.033203 0.052863
7 0.542969 0.531571 0.048828 0.067548
7 0.604492 0.477239 0.029297 0.044053
7 0.676758 0.522026 0.046875 0.063142
7 0.640625 0.519090 0.019531 0.033774
7 0.748047 0.558003 0.017578 0.029369
7 0.787598 0.546256 0.038086 0.052863
