7 0.025000 0.185669 0.003846 0.005230
7 0.047692 0.270921 0.006154 0.010460
7 0.073077 0.272490 0.004615 0.007322
7 0.058846 0.333682 0.008462 0.010460
7 0.244231 0.229079 0.003846 0.006276
7 0.251923 0.224895 0.003846 0.006276
7 0.264231 0.230649 0.003846 0.005230
7 0.231923 0.166318 0.006923 0.023013
7 0.448462 0.211297 0.004615 0.006276
7 0.486538 0.227510 0.005385 0.007322
7 0.606154 0.177824 0.003077 0.004184
7 0.785000 0.126046 0.002308 0.003138
7 0.251538 0.308054 0.006154 0.009414
7 0.231923 0.406904 0.008462 0.012552
7 0.329231 0.349895 0.006154 0.009414
7 0.374231 0.341527 0.005385 0.009414
7 0.404231 0.348326 0.008462 0.012552
7 0.417692 0.309623 0.006154 0.010460
7 0.446154 0.330021 0.007692 0.011506
7 0.450385 0.323222 0.006923 0.010460
7 0.488846 0.363494 0.006923 0.011506
7 0.492692 0.353033 0.006923 0.009414
7 0.507308 0.342573 0.006923 0.011506
7 0.501154 0.324268 0.005385 0.008368
7 0.489231 0.313285 0.006154 0.009414
7 0.540000 0.353033 0.007692 0.011506
7 0.533846 0.349895 0.006154 0.011506
7 0.535385 0.332636 0.007692 0.010460
7 0.543846 0.319561 0.006154 0.009414
7 0.557308 0.334728 0.006923 0.010460
7 0.613462 0.358264 0.008462 0.011506
7 0.621538 0.327929 0.007692 0.011506
7 0.601538 0.311715 0.007692 0.010460
7 0.672308 0.350941 0.007692 0.011506
7 0.690385 0.391213 0.006923 0.010460
7 0.729615 0.406381 0.006923 0.011506
7 0.620385 0.240063 0.003846 0.007322
7 0.630385 0.248431 0.005385 0.007322
7 0.640385 0.263075 0.005385 0.007322
7 0.764615 0.300209 0.006154 0.010460
7 0.770769 0.308577 0.006154 0.008368
7 0.943077 0.261506 0.004615 0.006276
7 0.515000 0.592050 0.011538 0.018828
7 0.606923 0.578452 0.012308 0.020921
7 0.611154 0.513598 0.010000 0.016736
7 0.661923 0.585251 0.013077 0.021967
7 0.675769 0.511506 0.010000 0.016736
7 0.720000 0.466004 0.009231 0.017782
7 0.706538 0.548117 0.011538 0.018828
7 0.732308 0.567469 0.010769 0.017782
7 0.733077 0.601464 0.009231 0.016736
7 0.746923 0.494770 0.009231 0.016736
7 0.762692 0.474372 0.008462 0.015690
7 0.762308 0.522490 0.010769 0.017782
7 0.796154 0.733787 0.012308 0.021967
7 0.824231 0.594142 0.011538 0.016736
7 0.810000 0.531381 0.010769 0.018828
7 0.808846 0.423640 0.008462 0.014644
7 0.871154 0.399059 0.008462 0.011506
7 0.900000 0.391736 0.007692 0.013598
7 0.912308 0.392782 0.007692 0.013598
7 0.893846 0.447176 0.010769 0.013598
7 0.917308 0.473326 0.008462 0.013598
7 0.933077 0.463389 0.007692 0.014644
7 0.839615 0.503661 0.010000 0.015690
7 0.857692 0.549686 0.010769 0.015690
7 0.866154 0.524059 0.010769 0.016736
7 0.895000 0.544456 0.010000 0.013598
7 0.925000 0.532427 0.010000 0.014644
7 0.961154 0.552301 0.011538 0.016736
7 0.985000 0.531381 0.011538 0.014644
7 0.950385 0.614540 0.013077 0.021967
7 0.980769 0.621862 0.012308 0.021967
