7 0.867333 0.661323 0.004000 0.008016
7 0.874000 0.665331 0.004000 0.008016
7 0.969333 0.641283 0.005333 0.008016
7 0.061333 0.693387 0.008000 0.012024
7 0.074000 0.743487 0.012000 0.016032
7 0.128667 0.751503 0.009333 0.016032
7 0.140000 0.742485 0.008000 0.014028
7 0.158000 0.733467 0.009333 0.016032
7 0.186667 0.722445 0.008000 0.010020
7 0.185333 0.696393 0.008000 0.014028
7 0.170000 0.688377 0.006667 0.010020
7 0.222667 0.695391 0.008000 0.012024
7 0.229333 0.708417 0.008000 0.010020
7 0.254667 0.705411 0.008000 0.012024
7 0.242000 0.704409 0.006667 0.010020
7 0.288667 0.684369 0.006667 0.014028
7 0.308000 0.712425 0.013333 0.046092
7 0.306000 0.743487 0.009333 0.012024
7 0.332667 0.669339 0.006667 0.008016
7 0.360000 0.669339 0.005333 0.008016
7 0.384667 0.679359 0.006667 0.012024
7 0.377333 0.705411 0.013333 0.064128
7 0.365333 0.686373 0.008000 0.014028
7 0.339333 0.691383 0.006667 0.012024
7 0.348667 0.702405 0.006667 0.010020
7 0.340000 0.772545 0.013333 0.022044
7 0.354667 0.760521 0.010667 0.018036
7 0.376000 0.794589 0.010667 0.022044
7 0.384667 0.792585 0.012000 0.022044
7 0.460667 0.734469 0.009333 0.014028
7 0.556667 0.674349 0.006667 0.010020
