7 0.065556 0.007407 0.006667 0.011852
7 0.060556 0.037778 0.018889 0.075556
7 0.046667 0.014815 0.008889 0.011852
7 0.191111 0.601481 0.033333 0.047407
7 0.353333 0.636296 0.028889 0.045926
7 0.471111 0.510370 0.017778 0.031111
7 0.515556 0.495556 0.020000 0.025185
7 0.468333 0.285185 0.007778 0.010370
7 0.494444 0.284444 0.011111 0.014815
7 0.490556 0.286667 0.007778 0.010370
7 0.472778 0.322963 0.010000 0.014815
7 0.486111 0.327407 0.012222 0.014815
7 0.537778 0.298519 0.011111 0.013333
7 0.543889 0.305185 0.007778 0.011852
7 0.568889 0.331852 0.008889 0.014815
7 0.604444 0.334815 0.008889 0.011852
7 0.619444 0.297037 0.007778 0.013333
7 0.635000 0.301481 0.007778 0.013333
7 0.651667 0.280000 0.010000 0.011852
7 0.667222 0.306667 0.010000 0.014815
7 0.682222 0.311111 0.008889 0.011852
7 0.695556 0.292593 0.008889 0.013333
7 0.705556 0.334074 0.020000 0.084444
7 0.717778 0.321481 0.011111 0.014815
7 0.715000 0.271111 0.007778 0.011852
7 0.582222 0.371852 0.011111 0.017778
7 0.697778 0.270370 0.008889 0.013333
7 0.515000 0.365926 0.010000 0.014815
7 0.525000 0.377778 0.010000 0.014815
7 0.495556 0.385185 0.013333 0.017778
7 0.507778 0.394815 0.011111 0.019259
7 0.484444 0.416296 0.013333 0.023704
7 0.508889 0.462222 0.011111 0.017778
7 0.560000 0.411111 0.011111 0.016296
7 0.542778 0.376296 0.010000 0.014815
7 0.583889 0.420741 0.014444 0.020741
7 0.614444 0.445926 0.022222 0.038519
7 0.584444 0.528889 0.028889 0.044444
7 0.682778 0.462963 0.016667 0.022222
7 0.703889 0.463704 0.023333 0.041481
7 0.724444 0.448148 0.017778 0.025185
7 0.749444 0.311111 0.007778 0.011852
