7 0.006098 0.628333 0.013720 0.036667
7 0.037348 0.680833 0.007622 0.018333
7 0.048018 0.687500 0.007622 0.015000
7 0.060976 0.686667 0.006098 0.013333
7 0.075076 0.701667 0.005335 0.013333
7 0.104421 0.630000 0.016768 0.040000
7 0.139863 0.615000 0.017530 0.036667
7 0.249619 0.681667 0.005335 0.013333
7 0.261433 0.687500 0.004573 0.015000
7 0.284680 0.684167 0.005335 0.011667
7 0.277058 0.694167 0.003811 0.008333
7 0.299543 0.682500 0.004573 0.011667
7 0.307546 0.675000 0.005335 0.013333
7 0.310595 0.666667 0.006860 0.016667
7 0.325076 0.681667 0.006860 0.013333
7 0.363186 0.666667 0.005335 0.016667
7 0.380335 0.664167 0.006098 0.015000
7 0.408537 0.724167 0.004573 0.011667
7 0.429116 0.648333 0.012195 0.033333
7 0.446646 0.653333 0.009146 0.020000
7 0.457317 0.654167 0.009146 0.021667
7 0.479802 0.674167 0.005335 0.011667
7 0.493521 0.675000 0.005335 0.013333
7 0.501524 0.690000 0.010671 0.050000
7 0.517149 0.659167 0.003811 0.008333
7 0.551067 0.553333 0.030488 0.070000
7 0.598323 0.651667 0.006098 0.016667
7 0.622713 0.602500 0.021341 0.051667
7 0.639863 0.670000 0.003811 0.010000
7 0.684832 0.600000 0.022104 0.053333
7 0.722180 0.634167 0.005335 0.011667
7 0.746951 0.617500 0.010671 0.021667
7 0.767912 0.679167 0.005335 0.011667
7 0.785823 0.566667 0.015244 0.036667
7 0.745427 0.773333 0.019817 0.040000
7 0.895579 0.451667 0.044207 0.110000
7 0.756860 0.636667 0.007622 0.020000
