7 0.019206 0.342798 0.004557 0.005540
7 0.032878 0.343144 0.004557 0.004848
7 0.050781 0.343490 0.005208 0.005540
7 0.050781 0.366690 0.006510 0.007618
7 0.097656 0.359765 0.007812 0.009003
7 0.106445 0.348684 0.005859 0.006233
7 0.253255 0.364612 0.006510 0.007618
7 0.290039 0.360111 0.011068 0.012465
7 0.318685 0.372230 0.009766 0.011773
7 0.352539 0.365997 0.007161 0.007618
7 0.372070 0.388504 0.004557 0.005540
7 0.378906 0.353532 0.003906 0.004848
7 0.377604 0.335873 0.003906 0.004155
7 0.377930 0.335526 0.004557 0.004848
7 0.463542 0.363573 0.006510 0.006925
7 0.488932 0.361842 0.005208 0.004848
7 0.610352 0.352839 0.004557 0.004848
7 0.603190 0.343490 0.004557 0.005540
7 0.620117 0.350069 0.004557 0.006233
7 0.627930 0.349030 0.003255 0.004155
7 0.643229 0.359765 0.005208 0.006233
7 0.651042 0.374654 0.011719 0.041551
7 0.669271 0.360803 0.005208 0.005540
7 0.667643 0.383657 0.011068 0.018006
7 0.685872 0.362881 0.004557 0.005540
7 0.696615 0.363920 0.005208 0.006233
7 0.727865 0.373269 0.006510 0.009695
7 0.750977 0.374307 0.008464 0.010388
7 0.757487 0.370845 0.007161 0.009003
7 0.774414 0.368421 0.009766 0.009695
7 0.787435 0.377424 0.011068 0.015235
7 0.845703 0.388850 0.005208 0.006233
7 0.877279 0.362881 0.009766 0.011080
7 0.915365 0.388158 0.006510 0.007618
7 0.939128 0.368421 0.009766 0.011080
7 0.750651 0.354224 0.005208 0.006233
7 0.766927 0.354917 0.003906 0.004848
