7 0.097000 0.440000 0.044667 0.060444
7 0.364000 0.459556 0.033333 0.039111
7 0.413667 0.462667 0.020667 0.029333
7 0.484333 0.465333 0.018000 0.025778
7 0.522333 0.391111 0.034000 0.037333
7 0.581000 0.477333 0.035333 0.040889
7 0.605333 0.451111 0.025333 0.031111
7 0.560333 0.440889 0.023333 0.030222
7 0.502667 0.458667 0.010667 0.016000
7 0.485000 0.465333 0.016667 0.025778
7 0.451000 0.451111 0.008667 0.013333
7 0.253667 0.448000 0.010000 0.016000
7 0.286667 0.453778 0.012000 0.018667
7 0.287333 0.452889 0.009333 0.015111
7 0.282333 0.452444 0.007333 0.010667
7 0.258000 0.452889 0.008000 0.011556
7 0.273667 0.455556 0.003333 0.004444
7 0.310667 0.456000 0.005333 0.008889
7 0.311667 0.456000 0.006000 0.008889
7 0.299667 0.456444 0.003333 0.004444
7 0.323000 0.454667 0.003333 0.004444
7 0.327667 0.468000 0.007333 0.041778
7 0.336333 0.460000 0.004667 0.006222
7 0.342667 0.455111 0.005333 0.007111
7 0.799667 0.453778 0.016667 0.027556
7 0.961333 0.457333 0.009333 0.011556
7 0.207667 0.463556 0.007333 0.024000
7 0.200333 0.454667 0.003333 0.004444
7 0.134333 0.456000 0.003333 0.005333
7 0.008667 0.464889 0.008000 0.037333
7 0.014333 0.452889 0.003333 0.004444
7 0.020333 0.467111 0.008667 0.034667
7 0.027333 0.453333 0.004000 0.005333
7 0.052333 0.455556 0.004667 0.006222
7 0.060333 0.458222 0.003333 0.004444
7 0.065333 0.455111 0.002667 0.003556
7 0.119000 0.454667 0.003333 0.004444
