7 0.899000 0.431682 0.050000 0.076577
7 0.835500 0.337087 0.083000 0.133634
7 0.709500 0.378378 0.079000 0.138138
7 0.574500 0.470721 0.093000 0.133634
7 0.648000 0.373123 0.060000 0.112613
7 0.522000 0.372372 0.064000 0.093093
7 0.483000 0.418919 0.038000 0.063063
7 0.456500 0.424925 0.031000 0.051051
7 0.397000 0.445946 0.032000 0.054054
7 0.350000 0.461712 0.020000 0.040541
7 0.324500 0.445946 0.037000 0.051051
7 0.271000 0.424925 0.046000 0.081081
7 0.200000 0.468468 0.038000 0.078078
7 0.257000 0.468468 0.082000 0.141141
7 0.116000 0.431682 0.038000 0.073574
7 0.073000 0.465465 0.044000 0.081081
7 0.012500 0.418168 0.025000 0.040541
7 0.218000 0.598348 0.060000 0.088589
