7 0.140625 0.546120 0.027344 0.046852
7 0.100098 0.534407 0.026367 0.043924
7 0.195312 0.554173 0.019531 0.033675
7 0.458984 0.688141 0.050781 0.073206
7 0.404785 0.616398 0.036133 0.064422
7 0.268066 0.715959 0.043945 0.070278
7 0.750488 0.608346 0.034180 0.060029
7 0.670410 0.636896 0.038086 0.067350
7 0.599609 0.659590 0.039062 0.071742
7 0.553711 0.580527 0.025391 0.054173
7 0.454590 0.567350 0.032227 0.060029
7 0.371094 0.590044 0.025391 0.046852
7 0.325195 0.562225 0.019531 0.040996
7 0.225586 0.548316 0.025391 0.048316
7 0.283203 0.556369 0.021484 0.035139
7 0.607422 0.561493 0.029297 0.048316
7 0.852051 0.560761 0.024414 0.049780
7 0.893066 0.620059 0.030273 0.062958
7 0.724121 0.546852 0.026367 0.051245
7 0.762695 0.610542 0.025391 0.046852
7 0.815918 0.579063 0.026367 0.057101
7 0.779785 0.560761 0.028320 0.055637
7 0.066406 0.531479 0.017578 0.026354
7 0.066895 0.530747 0.016602 0.024890
7 0.385742 0.573206 0.025391 0.045388
7 0.485840 0.556369 0.028320 0.052709
7 0.534180 0.561493 0.027344 0.045388
7 0.584961 0.576867 0.025391 0.038067
7 0.581055 0.543192 0.023438 0.046852
7 0.402344 0.521962 0.025391 0.048316
7 0.404297 0.614934 0.035156 0.058565
