7 0.562393 0.649630 0.037607 0.075556
7 0.457692 0.663704 0.036752 0.077037
7 0.330769 0.497037 0.039316 0.081481
7 0.423077 0.508148 0.032479 0.077037
7 0.523077 0.487407 0.032479 0.071111
7 0.591453 0.452593 0.035897 0.075556
7 0.642735 0.351852 0.030769 0.066667
7 0.587179 0.357037 0.029060 0.065185
7 0.503846 0.341481 0.031624 0.078519
7 0.448718 0.360741 0.030769 0.063704
7 0.391453 0.391111 0.034188 0.077037
7 0.355983 0.386667 0.029915 0.074074
7 0.131624 0.366667 0.017094 0.028148
7 0.288462 0.361481 0.017949 0.035556
7 0.309402 0.368148 0.015385 0.031111
7 0.317094 0.359259 0.013675 0.028148
7 0.376496 0.365185 0.012821 0.028148
7 0.423504 0.373333 0.014530 0.029630
7 0.704701 0.346667 0.012821 0.020741
7 0.849573 0.340000 0.025641 0.040000
7 0.937179 0.347407 0.016239 0.034074
7 0.986752 0.353333 0.012821 0.034074
7 0.971795 0.341481 0.015385 0.031111
7 0.893162 0.354074 0.011966 0.017778
7 0.809402 0.388889 0.013675 0.025185
7 0.814957 0.351852 0.012821 0.025185
7 0.782051 0.338519 0.011966 0.025185
7 0.758974 0.368148 0.010256 0.019259
7 0.807692 0.291852 0.006838 0.011852
7 0.831197 0.337037 0.007692 0.016296
7 0.794872 0.344444 0.003419 0.007407
7 0.728632 0.380741 0.016239 0.074074
7 0.715812 0.337778 0.009402 0.014815
7 0.678632 0.342222 0.006838 0.011852
7 0.681197 0.349630 0.005128 0.011852
7 0.526496 0.352593 0.005128 0.008889
7 0.531197 0.370370 0.011111 0.050370
7 0.568376 0.345926 0.003419 0.004444
7 0.267949 0.367407 0.004274 0.008889
7 0.275214 0.382963 0.011966 0.051852
7 0.102564 0.362222 0.003419 0.007407
7 0.110684 0.389630 0.012821 0.059259
7 0.067094 0.365185 0.005983 0.010370
7 0.070513 0.365185 0.004274 0.010370
7 0.057265 0.362963 0.005128 0.011852
7 0.058120 0.361481 0.006838 0.011852
7 0.047009 0.366667 0.003419 0.007407
7 0.328205 0.365926 0.010256 0.038519
7 0.612821 0.373333 0.015385 0.065185
7 0.561111 0.363704 0.007692 0.037037
7 0.925641 0.340741 0.005128 0.011852
7 0.914530 0.341481 0.005128 0.010370
7 0.909829 0.338519 0.004274 0.007407
7 0.920085 0.364444 0.011111 0.062222
7 0.748718 0.365926 0.008547 0.017778
7 0.684615 0.352593 0.005128 0.008889
