7 0.196923 0.364865 0.040000 0.066528
7 0.190000 0.272349 0.027692 0.045738
7 0.441923 0.359148 0.053077 0.077963
7 0.523846 0.370582 0.038462 0.055094
7 0.570000 0.328482 0.033846 0.054054
7 0.329615 0.331081 0.022308 0.032225
7 0.285769 0.403326 0.019231 0.029106
7 0.650769 0.319647 0.021538 0.030146
7 0.748462 0.421518 0.023077 0.032225
7 0.695769 0.385655 0.016154 0.027027
7 0.806538 0.400728 0.013077 0.023909
7 0.872308 0.399688 0.021538 0.030146
7 0.986923 0.397609 0.021538 0.040541
7 0.968077 0.411123 0.020769 0.034304
7 0.884231 0.392931 0.013077 0.027027
7 0.728846 0.375260 0.014615 0.020790
7 0.748077 0.393971 0.019231 0.027027
7 0.613077 0.361746 0.016923 0.024948
7 0.480385 0.370582 0.022308 0.028067
7 0.685385 0.390852 0.013846 0.022869
7 0.064615 0.405405 0.016923 0.024948
