7 0.256250 0.616667 0.115625 0.175000
7 0.577344 0.534375 0.064062 0.106250
7 0.534375 0.522917 0.050000 0.091667
7 0.721094 0.533333 0.054688 0.079167
7 0.013281 0.420833 0.026562 0.037500
7 0.921094 0.498958 0.054688 0.072917
7 1.018750 0.487500 0.040625 0.058333
7 0.865625 0.446875 0.018750 0.031250
7 0.141406 0.417708 0.026562 0.039583
7 0.815625 0.482292 0.025000 0.035417
7 0.453125 0.486458 0.043750 0.060417
7 0.326562 0.511458 0.059375 0.081250
7 0.181250 0.436458 0.034375 0.056250
7 0.304688 0.466667 0.043750 0.075000
7 0.633594 0.472917 0.032813 0.045833
7 0.375781 0.448958 0.035937 0.047917
7 0.439063 0.442708 0.028125 0.043750
7 0.407813 0.447917 0.025000 0.037500
7 0.738281 0.484375 0.032813 0.047917
7 0.817969 0.455208 0.026562 0.035417
7 0.762500 0.456250 0.021875 0.033333
7 0.271094 0.441667 0.026562 0.045833
7 0.229687 0.418750 0.021875 0.033333
7 0.534375 0.461458 0.031250 0.047917
7 0.590625 0.459375 0.028125 0.043750
7 0.663281 0.458333 0.026562 0.050000
7 0.535937 0.418750 0.015625 0.025000
7 0.497656 0.439583 0.020313 0.033333
7 0.675000 0.454167 0.028125 0.050000
