7 0.252500 0.696667 0.060000 0.050000
7 0.326250 0.770000 0.047500 0.040000
7 0.603750 0.613333 0.117500 0.083333
7 0.991250 0.797500 0.047500 0.041667
7 0.895000 0.778333 0.050000 0.033333
7 0.752500 0.760000 0.035000 0.030000
7 0.845000 0.726667 0.045000 0.036667
7 0.928750 0.710833 0.037500 0.028333
7 0.983750 0.720000 0.037500 0.033333
7 0.818750 0.699167 0.047500 0.035000
7 0.777500 0.659167 0.040000 0.031667
7 0.812500 0.291667 0.030000 0.023333
7 0.913750 0.317500 0.032500 0.021667
7 1.005000 0.667500 0.040000 0.038333
7 0.310000 0.191667 0.145000 0.083333
7 0.310000 0.193333 0.150000 0.090000
