7 0.020396 0.874907 0.018648 0.014190
7 0.020688 0.874347 0.020396 0.014563
7 0.040210 0.877707 0.022145 0.015310
7 0.068182 0.874347 0.012821 0.008588
7 0.091783 0.886109 0.018065 0.013443
7 0.115385 0.882375 0.017483 0.011202
7 0.104604 0.870986 0.012238 0.009335
7 0.138112 0.871733 0.026807 0.017550
7 0.148019 0.884802 0.030303 0.023525
7 0.183275 0.881068 0.018065 0.014563
7 0.203380 0.886669 0.022145 0.018297
7 0.217366 0.888163 0.018648 0.014563
7 0.229895 0.878454 0.018065 0.013816
7 0.274767 0.880321 0.019231 0.013816
7 0.292541 0.872853 0.013986 0.010829
7 0.302156 0.882001 0.018065 0.013443
7 0.316725 0.880508 0.015734 0.013443
7 0.317890 0.893764 0.016900 0.013069
7 0.348485 0.887043 0.020979 0.016057
7 0.343531 0.866692 0.016900 0.011202
7 0.358392 0.864078 0.013986 0.011949
7 0.369172 0.873040 0.018065 0.011949
7 0.355186 0.873973 0.015734 0.009335
7 0.389569 0.872479 0.015734 0.011576
7 0.409674 0.856609 0.012821 0.008215
7 0.413170 0.865758 0.012821 0.007842
7 0.419872 0.876027 0.018065 0.013443
7 0.449009 0.868372 0.018065 0.010829
7 0.464452 0.877707 0.015152 0.010082
7 0.471154 0.872666 0.014569 0.011949
7 0.500583 0.871919 0.013986 0.010456
7 0.515152 0.884802 0.019814 0.013816
7 0.527972 0.871919 0.012821 0.008962
7 0.537296 0.871919 0.013986 0.010456
7 0.547494 0.871173 0.012238 0.011202
7 0.606643 0.875467 0.018648 0.015310
7 0.596154 0.862397 0.013986 0.010829
7 0.627331 0.872106 0.011072 0.009335
7 0.675117 0.870986 0.018065 0.012323
7 0.692016 0.868372 0.014569 0.011576
7 0.655886 0.882375 0.015734 0.011202
7 0.718531 0.864824 0.012821 0.007468
7 0.720862 0.870799 0.010490 0.008962
7 0.727273 0.872666 0.013986 0.009709
7 0.745921 0.866318 0.013986 0.007468
7 0.754662 0.860904 0.012821 0.008588
7 0.775932 0.878081 0.015734 0.010082
7 0.784091 0.865198 0.011072 0.010456
7 0.794289 0.868185 0.017483 0.012696
7 0.807984 0.864824 0.014569 0.009709
7 0.837121 0.859970 0.013403 0.008215
7 0.837413 0.856423 0.015152 0.009335
7 0.861305 0.871733 0.017483 0.013816
7 0.883159 0.862584 0.012238 0.008962
7 0.881993 0.871919 0.014569 0.011949
7 0.908508 0.873413 0.016317 0.014190
7 0.898893 0.856609 0.013403 0.009709
7 0.926282 0.865571 0.015734 0.011202
7 0.947552 0.871359 0.023310 0.013816
7 0.942308 0.840366 0.009324 0.007842
7 0.983100 0.865945 0.013986 0.009709
7 0.898019 0.870426 0.015152 0.014190
7 0.957459 0.871359 0.017483 0.013069
