7 0.008000 0.626000 0.016000 0.012000
7 0.065000 0.632000 0.014000 0.008000
7 0.087000 0.637333 0.010000 0.008000
7 0.114000 0.634667 0.012000 0.008000
7 0.154000 0.630667 0.008000 0.005333
7 0.174000 0.650000 0.024000 0.046667
7 0.224000 0.633333 0.008000 0.005333
7 0.246000 0.631333 0.012000 0.009333
7 0.280000 0.636667 0.012000 0.009333
7 0.461000 0.630000 0.010000 0.006667
7 0.645000 0.634667 0.010000 0.008000
7 0.635000 0.630000 0.014000 0.009333
7 0.861000 0.638667 0.006000 0.005333
7 0.899000 0.652000 0.022000 0.034667
7 0.934000 0.638667 0.008000 0.005333
7 0.970000 0.643333 0.008000 0.006667
7 0.980000 0.658667 0.044000 0.053333
7 0.698000 0.633333 0.008000 0.008000
