7 0.484375 0.800000 0.018750 0.033333
7 0.405625 0.825833 0.021250 0.031667
7 0.813750 0.782500 0.007500 0.011667
7 0.840000 0.785833 0.007500 0.011667
7 0.303125 0.770833 0.006250 0.008333
7 0.193750 0.762500 0.007500 0.011667
7 0.176250 0.751667 0.005000 0.006667
7 0.157500 0.755833 0.005000 0.005000
7 0.111250 0.795000 0.005000 0.006667
7 0.100000 0.797500 0.005000 0.008333
7 0.088750 0.793333 0.005000 0.006667
7 0.048750 0.773333 0.007500 0.010000
7 0.026875 0.790000 0.006250 0.010000
7 0.031250 0.770833 0.007500 0.011667
7 0.017500 0.768333 0.007500 0.010000
