7 0.129688 0.342014 0.036458 0.062500
7 0.277083 0.381076 0.010417 0.019097
7 0.359896 0.352431 0.011458 0.017361
7 0.368750 0.345486 0.010417 0.017361
7 0.398958 0.336806 0.012500 0.020833
7 0.414583 0.342014 0.008333 0.013889
7 0.443750 0.398438 0.010417 0.019097
7 0.493229 0.421875 0.011458 0.020833
7 0.508854 0.401910 0.017708 0.032986
7 0.518750 0.382812 0.008333 0.019097
7 0.666146 0.388889 0.013542 0.024306
7 0.704688 0.375868 0.009375 0.015625
7 0.713542 0.389757 0.029167 0.123264
7 0.811979 0.381076 0.019792 0.043403
