7 0.103027 0.483088 0.053711 0.107353
7 0.215820 0.516176 0.054688 0.111765
7 0.291016 0.488235 0.050781 0.105882
7 0.432129 0.366912 0.063477 0.116176
7 0.550781 0.375000 0.058594 0.091176
7 0.642090 0.477941 0.043945 0.079412
7 0.695801 0.482353 0.041992 0.088235
7 0.734863 0.497059 0.049805 0.091176
7 0.799316 0.380147 0.045898 0.092647
7 0.739258 0.325735 0.050781 0.104412
7 0.688477 0.268382 0.044922 0.080882
7 0.608398 0.266912 0.044922 0.086765
7 0.501953 0.255147 0.044922 0.072059
7 0.370117 0.266176 0.048828 0.091176
7 0.296387 0.234559 0.043945 0.083824
7 0.220703 0.280882 0.046875 0.094118
7 0.189453 0.251471 0.044922 0.073529
