7 0.797135 0.449854 0.042708 0.163583
7 0.865104 0.505355 0.029687 0.144109
7 0.976302 0.647030 0.027604 0.133398
7 0.998568 0.749270 0.025781 0.139241
7 0.939453 0.172833 0.029948 0.145083
7 1.003776 -0.086660 0.017448 0.060370
7 0.758854 0.448393 0.025000 0.096397
7 0.781771 0.245375 0.030208 0.112950
7 0.753255 0.060857 0.025781 0.123661
7 0.705729 0.164070 0.034375 0.148978
7 0.655469 0.442064 0.030729 0.144109
7 0.688021 0.754138 0.035937 0.143135
7 0.656250 0.830088 0.035417 0.119766
7 0.628646 0.635346 0.039583 0.108082
7 0.540625 0.862220 0.034375 0.110029
7 0.566667 0.726874 0.035937 0.133398
7 0.543099 0.496592 0.023698 0.107108
7 0.579297 0.452288 0.034115 0.147030
7 0.602734 -0.072055 0.018490 0.072055
7 0.540755 0.094450 0.024219 0.144109
7 0.502604 0.325219 0.035937 0.114898
7 0.467057 -0.002434 0.019010 0.094450
7 0.459245 0.169912 0.026302 0.145083
7 0.426563 0.738072 0.031250 0.169426
7 0.435026 0.947420 0.032552 0.153846
7 0.370964 0.374878 0.028906 0.155794
7 0.342708 0.149951 0.034375 0.134372
7 0.387630 -0.055015 0.022135 0.084713
7 0.294141 -0.057936 0.024740 0.076923
7 0.309375 0.341772 0.030208 0.165531
7 0.248568 0.651412 0.032552 0.157741
7 0.252083 0.876339 0.047917 0.169426
7 0.258073 0.120740 0.026562 0.142162
7 0.209896 -0.017527 0.018750 0.085686
7 0.133203 0.883642 0.036719 0.182084
7 0.083854 0.636806 0.044792 0.149951
7 0.024089 0.469328 0.033073 0.161636
7 0.132161 0.359299 0.030469 0.153846
7 0.143620 0.145083 0.032552 0.165531
7 0.108724 0.053554 0.030469 0.130477
7 0.039453 -0.042843 0.036198 0.128530
7 0.040495 -0.036514 0.032552 0.115871
