7 0.042969 0.506589 0.015625 0.026354
7 0.356445 0.454612 0.072266 0.083455
7 0.327148 0.465593 0.048828 0.111274
7 0.456055 0.458272 0.058594 0.099561
7 0.502441 0.530015 0.057617 0.081991
7 0.504395 0.406296 0.036133 0.062958
7 0.604980 0.454612 0.051758 0.095168
7 0.641113 0.510981 0.063477 0.084919
7 0.683594 0.554905 0.074219 0.114202
7 0.755859 0.433382 0.066406 0.102489
7 0.783691 0.572474 0.092773 0.105417
7 0.903809 0.503660 0.055664 0.093704
7 0.947266 0.528551 0.074219 0.134700
7 0.869629 0.370425 0.022461 0.052709
7 0.792480 0.344070 0.010742 0.017570
7 0.667969 0.383602 0.015625 0.029283
7 0.393066 0.436310 0.010742 0.017570
