7 0.551514 0.798177 0.012207 0.019531
7 0.515869 0.793294 0.015137 0.017578
7 0.538086 0.777669 0.011719 0.024089
7 0.602783 0.862305 0.018066 0.027995
7 0.645996 0.888346 0.016602 0.027995
7 0.708740 0.891276 0.020996 0.031250
7 0.746094 0.891276 0.020508 0.027344
7 0.755127 0.916667 0.020996 0.029948
7 0.786377 0.876953 0.021973 0.028646
7 0.824707 0.916016 0.018555 0.032552
7 0.832031 0.864258 0.022461 0.021484
7 0.854736 0.916016 0.021973 0.029948
7 0.920654 0.930990 0.019043 0.031250
7 0.922363 0.910807 0.018555 0.029948
7 0.916504 0.865885 0.015625 0.016927
7 0.873291 0.861654 0.012207 0.017578
7 0.982910 0.861328 0.018555 0.022135
7 0.661621 0.975260 0.022461 0.036458
7 0.621826 0.965820 0.020996 0.034505
7 0.592529 0.958984 0.017090 0.033854
7 0.527588 0.963542 0.023926 0.036458
7 0.394043 0.889974 0.020508 0.032552
7 0.335938 0.896484 0.017578 0.028646
7 0.355225 0.941406 0.018066 0.031250
7 0.321533 0.968424 0.020020 0.027995
7 0.603516 0.821615 0.013672 0.022135
7 0.633789 0.832682 0.012695 0.016927
7 0.665039 0.812500 0.016602 0.026042
7 0.620117 0.811198 0.013672 0.024740
7 0.669678 0.763346 0.010254 0.014974
7 0.568115 0.665039 0.009277 0.013672
7 0.567871 0.646159 0.008789 0.011068
7 0.044678 0.925130 0.032715 0.044271
7 -0.006592 0.753255 0.015137 0.020833
7 0.038818 0.774089 0.020020 0.026042
7 0.072998 0.768880 0.017090 0.027344
7 0.151611 0.874349 0.023926 0.040365
7 0.084229 0.878581 0.018066 0.031901
7 0.209961 0.842773 0.019531 0.035807
7 0.062256 0.864909 0.024902 0.035807
7 0.159180 0.847656 0.025391 0.035156
7 0.120117 0.843099 0.017578 0.032552
7 0.209961 0.789062 0.025391 0.039062
7 0.152832 0.734375 0.014648 0.023438
7 0.129150 0.719076 0.018066 0.021484
7 0.188232 0.709635 0.017090 0.026042
7 0.142578 0.706055 0.016602 0.029297
7 0.157715 0.709961 0.014648 0.022786
7 0.193359 0.692708 0.016602 0.024740
7 0.204102 0.791992 0.018555 0.027995
7 0.258545 0.797201 0.017090 0.021484
7 0.294189 0.773763 0.018066 0.026693
7 0.256104 0.782878 0.015137 0.025391
7 0.220215 0.715169 0.010742 0.016276
7 0.272461 0.712240 0.010742 0.016927
7 0.272705 0.712565 0.010254 0.017578
7 0.234375 0.716471 0.011719 0.016276
7 0.249268 0.715495 0.011230 0.015625
7 0.176758 0.736328 0.010742 0.013021
7 0.317871 0.684570 0.011719 0.013672
7 0.316650 0.682943 0.009277 0.014323
7 0.335205 0.681641 0.010254 0.015625
7 0.344971 0.683594 0.008301 0.015625
7 0.360352 0.673177 0.008789 0.015625
7 0.368652 0.666992 0.008789 0.013672
7 0.382324 0.670573 0.007812 0.013021
7 0.401611 0.659831 0.007324 0.013672
7 0.385742 0.661133 0.008789 0.012370
7 0.414795 0.663737 0.010254 0.016276
7 0.322510 0.769531 0.015137 0.022135
7 0.335938 0.766602 0.013672 0.021484
7 0.355713 0.747070 0.015137 0.025391
7 0.340088 0.742839 0.013184 0.023438
7 0.372803 0.733398 0.012207 0.017578
7 0.383301 0.725586 0.011719 0.021484
7 0.423584 0.710286 0.011230 0.015625
7 0.413330 0.705078 0.010254 0.019531
7 0.441406 0.706055 0.013672 0.016276
7 0.449219 0.671875 0.010742 0.018229
7 0.467285 0.699219 0.012695 0.015625
7 0.432861 0.627930 0.008301 0.012370
7 0.441650 0.631185 0.008301 0.012370
7 0.452881 0.636393 0.008301 0.013672
7 0.470459 0.688802 0.009277 0.013021
7 0.482422 0.669271 0.007812 0.013021
7 0.476074 0.632812 0.008789 0.011719
7 0.463135 0.629557 0.006348 0.010417
7 0.480469 0.618815 0.006836 0.011068
7 0.498535 0.616862 0.006836 0.009766
7 0.513428 0.635417 0.008301 0.013021
7 0.535156 0.650716 0.007812 0.012370
7 0.510986 0.667969 0.008301 0.011719
7 0.582031 0.617188 0.006836 0.010417
7 0.538086 0.619792 0.006836 0.010417
7 0.555176 0.596354 0.003906 0.005208
7 0.997559 0.534505 0.007812 0.010417
7 0.985352 0.542318 0.004883 0.007812
7 0.963135 0.557617 0.006348 0.008464
7 0.939453 0.542969 0.006836 0.009115
7 0.948242 0.541016 0.004883 0.006510
7 0.926025 0.539062 0.004395 0.007812
7 0.927734 0.555339 0.003906 0.005208
7 0.911133 0.543620 0.004883 0.006510
7 0.896729 0.538086 0.005371 0.007161
7 0.886719 0.540690 0.004883 0.008464
7 0.877441 0.542643 0.004883 0.007161
7 0.869141 0.540690 0.004883 0.007161
7 0.857910 0.542643 0.003906 0.005859
7 0.847656 0.543620 0.002930 0.003906
7 0.835449 0.536784 0.004883 0.008464
7 0.831543 0.543620 0.004883 0.006510
7 0.947754 0.490234 0.005859 0.014323
7 0.952148 0.486003 0.004883 0.014974
7 0.951416 0.482422 0.003418 0.011719
7 0.954590 0.547201 0.003906 0.005859
7 0.803955 0.506836 0.002441 0.003255
7 0.826416 0.475260 0.001465 0.002604
7 0.770020 0.477865 0.001953 0.002604
7 0.779297 0.481120 0.004883 0.016927
7 0.752686 0.482096 0.002441 0.003255
7 0.747803 0.481771 0.002441 0.003906
7 0.737061 0.473633 0.002441 0.003255
7 0.739014 0.472982 0.002441 0.003255
7 0.742188 0.481120 0.004883 0.016927
7 0.726562 0.475586 0.001953 0.003255
7 0.719482 0.477539 0.001465 0.001953
7 0.709473 0.477214 0.001953 0.002604
7 0.700195 0.484049 0.005859 0.018880
7 0.682129 0.479818 0.001953 0.002604
7 0.669678 0.479167 0.002441 0.002604
7 0.645996 0.480794 0.001953 0.003255
7 0.704834 0.544922 0.004395 0.005208
7 0.696289 0.545247 0.002930 0.004557
7 0.750977 0.544922 0.002930 0.003906
7 0.656494 0.543945 0.003418 0.004557
7 0.667725 0.544922 0.002441 0.002604
7 0.663086 0.546224 0.002930 0.003906
7 0.631104 0.541992 0.003418 0.004557
7 0.619629 0.540690 0.003906 0.004557
7 0.611816 0.541016 0.002930 0.003906
7 0.585938 0.545898 0.002930 0.004557
7 0.563721 0.544271 0.002441 0.003906
7 0.553467 0.543945 0.002441 0.003255
7 0.526367 0.545247 0.002930 0.004557
7 0.731201 0.543945 0.003418 0.004557
7 0.734619 0.547526 0.003418 0.005208
7 0.581787 0.606771 0.006348 0.009115
7 0.840332 0.483724 0.001953 0.002604
7 0.628418 0.489583 0.004883 0.016927
7 0.635254 0.488607 0.003906 0.014974
7 0.637207 0.483398 0.001953 0.003255
7 0.606689 0.477214 0.003418 0.011719
7 0.595215 0.463216 0.001953 0.003255
7 0.443115 0.571289 0.002441 0.003255
7 0.453613 0.571940 0.002930 0.004557
7 0.468994 0.575846 0.002441 0.003255
7 0.577637 0.596029 0.004883 0.007161
7 0.159424 0.820638 0.022949 0.029297
7 0.857910 0.542643 0.003906 0.005859
7 0.655518 0.484701 0.006348 0.020182
