7 0.936483 0.663954 0.008590 0.007233
7 0.966546 0.663502 0.007233 0.005124
7 0.884494 0.686558 0.070976 0.057263
7 0.721067 0.683243 0.017179 0.011453
7 0.500904 0.698011 0.062387 0.047619
7 0.524186 0.691832 0.042948 0.035865
7 0.254295 0.674804 0.015823 0.011453
7 0.241184 0.688216 0.015823 0.010549
7 0.266953 0.684298 0.019439 0.015371
7 0.280515 0.670283 0.014014 0.009644
7 0.309901 0.681887 0.057414 0.039482
7 0.360307 0.672694 0.023508 0.020494
7 0.374548 0.662146 0.019439 0.013864
7 0.445298 0.676612 0.009042 0.007836
7 0.413879 0.670283 0.027577 0.019289
