7 -0.005769 0.208464 0.097692 0.157785
7 0.033077 0.010449 0.069231 0.087774
7 0.269231 0.574190 0.123077 0.197492
7 0.203077 0.263845 0.113846 0.149425
7 0.191538 0.060084 0.081538 0.111808
7 0.741923 0.663009 0.094615 0.195402
7 0.543846 0.391850 0.098462 0.175549
7 0.671923 0.328631 0.073077 0.141066
7 0.401923 0.109718 0.086923 0.135841
7 0.400769 0.025601 0.067692 0.099269
7 0.367308 -0.084639 0.068462 0.098224
7 0.570385 -0.005747 0.070000 0.092999
7 0.688846 -0.193835 0.056154 0.067921
7 0.746538 0.106061 0.074615 0.113898
7 0.928846 0.071578 0.080769 0.111808
7 0.926154 -0.090909 0.061538 0.094044
