7 0.203661 0.299841 0.059497 0.102073
7 0.338673 0.313397 0.059497 0.103668
7 0.470252 0.305423 0.066362 0.106858
7 0.597254 0.302233 0.057208 0.106858
7 0.720252 0.281499 0.060641 0.097289
7 0.849542 0.178628 0.058352 0.095694
7 0.748284 0.200957 0.048055 0.089314
7 0.617849 0.180223 0.052632 0.089314
7 0.487414 0.195375 0.054920 0.087719
7 0.369565 0.195375 0.054920 0.084530
7 0.256293 0.193780 0.048055 0.087719
7 0.133867 0.194577 0.054920 0.089314
7 0.298055 0.067783 0.051487 0.090909
7 0.431922 0.133971 0.042334 0.079745
7 0.576659 0.094896 0.050343 0.081340
7 0.728261 0.073365 0.051487 0.086124
