7 0.165385 0.389348 0.047692 0.058629
7 0.260385 0.465731 0.039231 0.049546
7 0.470000 0.537985 0.036923 0.045417
7 0.520385 0.392238 0.046923 0.052849
7 0.574615 0.393476 0.049231 0.052023
7 0.661923 0.390586 0.042308 0.051197
7 0.828077 0.306358 0.028462 0.041288
7 0.086923 0.089182 0.024615 0.034682
7 0.104231 0.053675 0.023846 0.034682
7 0.137692 0.046656 0.024615 0.033856
7 0.126538 0.080512 0.026923 0.035508
7 0.176154 0.046656 0.023077 0.027250
7 0.215385 0.090008 0.021538 0.029727
7 0.117308 0.162263 0.019231 0.027250
7 0.195385 0.154418 0.024615 0.033031
7 0.296154 0.155244 0.024615 0.031379
7 0.367692 0.173823 0.021538 0.030553
7 0.320385 0.055326 0.022308 0.026424
7 0.424231 0.099505 0.026923 0.030553
7 0.557692 0.179604 0.023077 0.030553
7 0.673846 0.186623 0.026154 0.031379
7 0.753077 0.185797 0.024615 0.031379
7 0.891154 0.197770 0.025385 0.035508
7 0.983462 0.193642 0.025385 0.030553
7 0.581923 0.065648 0.022308 0.030553
7 0.678846 0.059455 0.023846 0.031379
7 0.756538 0.125103 0.025385 0.033856
7 0.768462 0.065648 0.024615 0.028902
7 0.871923 0.114368 0.023846 0.030553
7 0.936154 0.084641 0.021538 0.032205
7 0.975000 0.012386 0.019231 0.026424
