7 0.051538 0.475967 0.036923 0.051202
7 0.146154 0.490073 0.026154 0.037618
7 0.181923 0.497910 0.031538 0.049112
7 0.232692 0.495820 0.031538 0.053292
7 0.263846 0.519331 0.027692 0.039707
7 0.335000 0.515674 0.028462 0.042842
7 0.384615 0.521421 0.024615 0.033438
7 0.446154 0.537095 0.024615 0.035528
7 0.500385 0.524033 0.020769 0.032393
7 0.491923 0.532393 0.013077 0.021944
7 0.416154 0.528736 0.015385 0.027168
7 0.288846 0.541797 0.013077 0.019854
7 0.090769 0.544410 0.009231 0.012539
7 0.547692 0.581505 0.004615 0.007315
7 0.556538 0.581505 0.005385 0.007315
7 0.612308 0.582550 0.004615 0.007315
7 0.719615 0.587252 0.005385 0.008359
7 0.719231 0.603971 0.012308 0.043887
7 0.773846 0.618600 0.010769 0.012539
7 0.808077 0.588297 0.011538 0.018809
7 0.760385 0.601358 0.010000 0.015674
7 0.776538 0.585162 0.013077 0.016719
7 0.765769 0.586207 0.008462 0.014629
7 0.873462 0.597179 0.008462 0.013584
7 0.880000 0.600836 0.010769 0.014629
7 0.931154 0.610240 0.014615 0.018809
7 0.948846 0.620167 0.014615 0.021944
