7 0.030729 0.593056 0.028125 0.038889
7 0.075521 0.525694 0.055208 0.070833
7 0.153646 0.600000 0.013542 0.019444
7 0.143750 0.640278 0.014583 0.058333
7 0.178125 0.626389 0.006250 0.008333
7 0.222917 0.588889 0.016667 0.022222
7 0.267188 0.515278 0.036458 0.050000
7 0.318229 0.618750 0.005208 0.009722
7 0.339583 0.682639 0.041667 0.062500
7 0.347396 0.599306 0.011458 0.015278
7 0.376563 0.645139 0.013542 0.015278
7 0.405729 0.675694 0.015625 0.023611
7 0.450000 0.553472 0.035417 0.056944
7 0.493750 0.640972 0.025000 0.043056
7 0.602604 0.495139 0.038542 0.059722
7 0.642188 0.664583 0.030208 0.045833
7 0.692187 0.671528 0.028125 0.040278
7 0.867708 0.362500 0.083333 0.122222
