7 0.226074 0.284505 0.045898 0.069010
7 0.299316 0.294271 0.043945 0.067708
7 0.387207 0.229167 0.045898 0.072917
7 0.509766 0.274089 0.042969 0.069010
7 0.607422 0.246094 0.046875 0.080729
7 0.717285 0.271484 0.043945 0.074219
7 0.817383 0.320964 0.052734 0.089844
7 0.275879 0.517578 0.049805 0.087240
7 0.336426 0.509115 0.051758 0.080729
7 0.470703 0.493490 0.046875 0.083333
7 0.555664 0.500651 0.048828 0.079427
7 0.630859 0.535156 0.046875 0.088542
7 0.714355 0.546224 0.053711 0.092448
7 0.820801 0.555990 0.053711 0.093750
