7 0.022656 0.065430 0.010937 0.013672
7 0.006250 0.107422 0.021875 0.074219
7 0.125781 0.022461 0.010937 0.013672
7 0.149219 0.030273 0.010937 0.017578
7 0.410156 0.059570 0.014063 0.017578
7 0.475781 0.091797 0.014063 0.015625
7 0.414062 0.124023 0.012500 0.021484
7 0.455469 0.020508 0.007812 0.009766
7 0.652344 0.029297 0.010937 0.015625
7 0.717969 -0.041016 0.010937 0.015625
7 0.936719 -0.013672 0.057813 0.101562
7 0.941406 0.032227 0.014063 0.017578
7 0.960938 0.083984 0.015625 0.023438
7 0.991406 0.080078 0.014063 0.019531
7 0.721875 0.119141 0.012500 0.019531
7 0.972656 0.160156 0.014063 0.023438
7 0.929688 0.161133 0.015625 0.025391
7 0.831250 0.141602 0.015625 0.021484
7 0.807031 0.147461 0.017188 0.021484
7 0.829688 0.177734 0.015625 0.023438
7 0.858594 0.177734 0.017188 0.023438
7 0.723437 0.204102 0.015625 0.021484
7 0.755469 0.202148 0.014063 0.025391
7 0.963281 0.199219 0.014063 0.019531
7 0.996094 0.191406 0.014063 0.023438
7 0.975781 0.230469 0.017188 0.023438
7 0.937500 0.225586 0.015625 0.025391
7 0.903906 0.204102 0.017188 0.021484
7 0.891406 0.229492 0.032813 0.044922
7 0.876563 0.207031 0.021875 0.027344
7 0.914062 0.266602 0.015625 0.021484
7 0.949219 0.260742 0.017188 0.025391
7 0.813281 0.236328 0.014063 0.019531
7 0.785156 0.241211 0.017188 0.025391
7 0.701562 0.263672 0.012500 0.023438
7 0.902344 0.336914 0.017188 0.025391
7 0.875781 0.316406 0.020313 0.027344
7 0.823438 0.351562 0.015625 0.019531
7 0.806250 0.307617 0.015625 0.021484
7 0.740625 0.345703 0.015625 0.023438
7 0.768750 0.366211 0.015625 0.025391
7 0.748437 0.301758 0.015625 0.021484
7 0.709375 0.303711 0.015625 0.025391
7 0.654687 0.294922 0.015625 0.023438
7 0.680469 0.333984 0.014063 0.023438
7 0.607812 0.336914 0.012500 0.017578
7 0.607812 0.297852 0.015625 0.025391
7 0.620313 0.269531 0.015625 0.019531
7 0.560937 0.328125 0.018750 0.023438
7 0.531250 0.337891 0.015625 0.023438
7 0.498437 0.290039 0.018750 0.025391
7 0.538281 0.297852 0.014063 0.021484
7 0.547656 0.241211 0.014063 0.021484
7 0.587500 0.239258 0.012500 0.021484
7 0.588281 0.269531 0.014063 0.019531
7 0.475000 0.293945 0.015625 0.021484
7 0.416406 0.362305 0.020313 0.029297
7 0.366406 0.355469 0.017188 0.027344
7 0.333594 0.333984 0.020313 0.023438
7 0.302344 0.342773 0.020313 0.033203
7 0.253125 0.343750 0.021875 0.031250
7 0.220312 0.348633 0.025000 0.033203
7 0.167187 0.361328 0.021875 0.039062
7 0.110937 0.345703 0.021875 0.031250
7 0.110937 0.343750 0.021875 0.031250
7 0.150000 0.305664 0.015625 0.021484
7 0.989844 0.435547 0.029687 0.039062
7 0.850781 0.448242 0.042188 0.060547
7 0.768750 0.424805 0.028125 0.037109
7 0.744531 0.465820 0.045312 0.052734
7 0.630469 0.421875 0.026562 0.042969
7 0.630469 0.424805 0.029687 0.052734
7 0.479687 0.424805 0.028125 0.044922
7 0.380469 0.437500 0.039062 0.046875
7 0.095312 0.489258 0.043750 0.052734
7 0.191406 0.499023 0.057813 0.064453
7 0.153125 0.540039 0.050000 0.072266
7 0.302344 0.125000 0.014063 0.019531
7 0.285156 0.126953 0.010937 0.019531
7 0.260937 0.121094 0.012500 0.019531
7 0.243750 0.125000 0.012500 0.019531
7 0.200000 0.147461 0.009375 0.013672
7 0.237500 0.146484 0.009375 0.011719
7 0.262500 0.158203 0.015625 0.019531
7 0.367969 0.332031 0.017188 0.019531
7 0.646875 0.326172 0.015625 0.023438
7 0.113281 0.058594 0.023438 0.101562
