7 0.547170 0.576642 0.006289 0.010949
7 0.486897 0.828467 0.017820 0.032847
7 0.477463 0.964416 0.017820 0.034672
7 0.585954 0.947080 0.025157 0.043796
7 0.583857 0.918796 0.023061 0.041971
7 0.745283 0.860401 0.025157 0.041971
7 0.856394 0.909672 0.023061 0.038321
7 0.941824 0.858577 0.030398 0.056569
7 0.950734 0.822993 0.029350 0.047445
7 0.645178 0.819343 0.024109 0.040146
7 0.855346 0.821168 0.027254 0.051095
7 0.713312 0.838504 0.022013 0.038321
7 0.855870 0.812044 0.019916 0.036496
7 0.936583 0.785584 0.022013 0.038321
7 0.620021 0.781934 0.022013 0.034672
7 0.538260 0.766423 0.019916 0.036496
7 0.765199 0.756387 0.023061 0.034672
7 0.755241 0.711679 0.019916 0.043796
7 0.846960 0.734489 0.025157 0.045620
7 0.942872 0.750000 0.019916 0.032847
7 0.648847 0.687044 0.020964 0.045620
7 0.584906 0.250912 0.016771 0.063869
7 0.522537 0.282847 0.007338 0.014599
7 0.512055 0.282847 0.009434 0.018248
7 0.429769 0.317518 0.008386 0.014599
7 0.420335 0.332117 0.010482 0.021898
7 0.363208 0.293796 0.007338 0.014599
7 0.376310 0.303832 0.006289 0.012774
7 0.325472 0.307482 0.005241 0.009124
7 0.285639 0.311131 0.007338 0.012774
7 0.197065 0.338504 0.010482 0.016423
7 0.250000 0.385036 0.009434 0.014599
7 0.281971 0.333942 0.010482 0.018248
7 0.313941 0.359489 0.009434 0.018248
7 0.327044 0.408759 0.010482 0.018248
7 0.307652 0.210766 0.005241 0.009124
7 0.299266 0.214416 0.007338 0.012774
7 0.287736 0.218066 0.005241 0.009124
7 0.279874 0.220803 0.006289 0.010949
7 0.115304 0.318431 0.008386 0.012774
7 0.090671 0.304745 0.007338 0.014599
7 0.069706 0.310219 0.007338 0.014599
7 0.909329 0.718978 0.019916 0.040146
7 0.674528 0.708029 0.019916 0.036496
7 0.587002 0.752737 0.018868 0.038321
7 0.595388 0.723540 0.018868 0.038321
7 0.996855 0.673358 0.023061 0.047445
7 0.899895 0.665146 0.019916 0.034672
7 0.739518 0.623175 0.019916 0.034672
7 0.602725 0.677920 0.016771 0.034672
7 0.606918 0.643248 0.020964 0.038321
7 0.537736 0.701642 0.016771 0.031022
7 0.660377 0.574818 0.014675 0.032847
7 0.825996 0.490876 0.016771 0.029197
7 0.952830 0.573905 0.023061 0.034672
7 0.919287 0.536496 0.012579 0.029197
7 0.917715 0.516423 0.019916 0.036496
7 0.897275 0.539234 0.052411 0.129562
7 0.959119 0.447080 0.020964 0.032847
7 0.836478 0.379562 0.010482 0.021898
7 0.807128 0.645985 0.018868 0.036496
7 0.767296 0.551095 0.046122 0.113139
7 0.620021 0.219891 0.005241 0.009124
7 0.664570 0.654197 0.016771 0.034672
7 0.723270 0.608577 0.014675 0.023723
7 0.741614 0.561131 0.017820 0.023723
7 0.797170 0.537409 0.013627 0.023723
7 0.972222 0.604015 0.026205 0.032847
7 0.877883 0.625000 0.017820 0.031022
7 0.564990 0.685219 0.014675 0.031022
7 0.727987 0.540146 0.015723 0.029197
7 0.980084 0.468066 0.020964 0.034672
7 0.990566 0.492701 0.016771 0.032847
7 0.982704 0.564781 0.059748 0.144161
7 0.631027 0.637774 0.012579 0.023723
7 0.663522 0.652372 0.016771 0.038321
7 0.497904 0.344891 0.020964 0.094891
