7 0.013498 0.393750 0.017606 0.033333
7 0.032277 0.505208 0.015258 0.031250
7 0.067488 0.500000 0.010563 0.020833
7 0.007042 0.507292 0.014085 0.031250
7 0.078638 0.505208 0.011737 0.027083
7 0.089202 0.517708 0.014085 0.027083
7 0.125000 0.510417 0.017606 0.029167
7 0.175469 0.503125 0.015258 0.031250
7 0.213615 0.502083 0.014085 0.029167
7 0.103873 0.415625 0.015258 0.027083
7 0.147300 0.397917 0.017606 0.033333
7 0.156690 0.430208 0.012911 0.027083
7 0.028756 0.896875 0.026995 0.047917
7 0.102113 0.914583 0.025822 0.041667
7 0.109155 0.853125 0.014085 0.027083
7 0.145540 0.706250 0.021127 0.037500
7 0.196596 0.702083 0.022300 0.045833
7 0.211854 0.718750 0.019953 0.041667
7 0.235329 0.725000 0.022300 0.041667
7 0.265845 0.723958 0.012911 0.022917
7 0.289319 0.718750 0.019953 0.041667
7 0.308099 0.735417 0.022300 0.045833
7 0.318075 0.716667 0.014085 0.025000
7 0.365610 0.741667 0.022300 0.033333
7 0.384977 0.696875 0.014085 0.031250
7 0.417840 0.687500 0.014085 0.029167
7 0.431925 0.742708 0.014085 0.031250
7 0.461268 0.751042 0.018779 0.039583
7 0.463615 0.682292 0.018779 0.031250
7 0.484742 0.702083 0.018779 0.033333
7 0.517606 0.706250 0.016432 0.037500
7 0.550469 0.707292 0.018779 0.039583
7 0.555751 0.762500 0.034038 0.066667
7 0.551056 0.936458 0.034038 0.068750
7 0.644366 0.938542 0.042254 0.102083
7 0.604460 0.769792 0.028169 0.060417
7 0.623826 0.786458 0.022300 0.047917
7 0.665493 0.845833 0.030516 0.070833
7 0.678991 0.813542 0.029343 0.060417
7 0.636737 0.730208 0.026995 0.064583
7 0.688380 0.706250 0.019953 0.037500
7 0.694836 0.746875 0.025822 0.047917
7 0.724765 0.791667 0.031690 0.054167
7 0.751174 0.715625 0.018779 0.043750
7 0.766432 0.734375 0.023474 0.052083
7 0.803991 0.859375 0.037559 0.077083
7 0.837441 0.706250 0.019953 0.037500
7 0.903169 0.718750 0.015258 0.033333
7 0.294601 0.631250 0.014085 0.050000
7 0.306925 0.628125 0.012911 0.052083
7 0.316315 0.633333 0.012911 0.045833
