7 0.256481 0.412500 0.022222 0.036111
7 0.368519 0.559028 0.011111 0.023611
7 0.501852 0.477083 0.014815 0.023611
7 0.462963 0.447917 0.040741 0.084722
7 0.579167 0.439583 0.045370 0.079167
7 0.750463 0.470833 0.013889 0.027778
7 0.785185 0.458333 0.018519 0.033333
7 0.832870 0.521528 0.013889 0.023611
7 0.881019 0.458333 0.019444 0.027778
7 0.958333 0.397917 0.024074 0.054167
7 1.009259 0.227083 0.055556 0.126389
7 0.186574 0.020833 0.015741 0.025000
7 0.321296 0.075000 0.012963 0.030556
7 0.330556 0.038889 0.012963 0.025000
7 0.387963 0.105556 0.012963 0.019444
7 0.419444 0.063194 0.011111 0.020833
7 0.898148 0.423611 0.022222 0.036111
7 0.443519 -0.025694 0.012963 0.018056
7 0.508796 -0.015972 0.010185 0.015278
7 0.535185 -0.018056 0.012963 0.019444
7 0.575926 -0.011806 0.011111 0.018056
