7 -0.002356 0.782500 0.012042 0.029000
7 0.053403 0.770000 0.012565 0.034000
7 0.069372 0.789500 0.012042 0.027000
7 0.112827 0.758500 0.012042 0.029000
7 0.112304 0.762500 0.013089 0.035000
7 0.133246 0.764500 0.010995 0.025000
7 0.153665 0.745500 0.014136 0.031000
7 0.168325 0.753500 0.013089 0.031000
7 0.197644 0.770500 0.010995 0.027000
7 0.202094 0.747500 0.010471 0.025000
7 0.227487 0.736000 0.008901 0.018000
7 0.263351 0.734000 0.013613 0.030000
7 0.284817 0.720500 0.010471 0.023000
7 0.297120 0.733000 0.010995 0.024000
7 0.310471 0.716000 0.011518 0.028000
7 0.318848 0.700500 0.010471 0.021000
7 0.337435 0.713500 0.010995 0.025000
7 0.359686 0.708500 0.012565 0.029000
7 0.379058 0.675000 0.012565 0.030000
7 0.376702 0.705000 0.010995 0.024000
7 0.404712 0.685500 0.008377 0.019000
7 0.420942 0.669000 0.011518 0.026000
7 0.448168 0.689500 0.010471 0.021000
7 0.439791 0.677500 0.008377 0.025000
7 0.459424 0.671000 0.010995 0.024000
7 0.480366 0.658000 0.009948 0.022000
7 0.498429 0.656500 0.010471 0.023000
7 0.517277 0.651000 0.010471 0.024000
7 0.551571 0.647500 0.013089 0.029000
7 0.558639 0.640500 0.008377 0.019000
7 0.569895 0.643000 0.008901 0.020000
7 0.639529 0.653000 0.014136 0.030000
7 0.654974 0.628500 0.005236 0.013000
7 0.703665 0.599000 0.007330 0.016000
7 0.710733 0.626000 0.015183 0.074000
7 0.725131 0.594500 0.007330 0.017000
7 0.732723 0.593000 0.007853 0.016000
7 0.765445 0.589500 0.005236 0.009000
7 0.811257 0.573000 0.006806 0.014000
7 0.828796 0.578500 0.007330 0.013000
7 0.859948 0.558500 0.005759 0.013000
7 0.855497 0.565000 0.005236 0.012000
7 0.788220 0.600000 0.027749 0.048000
7 0.876702 0.551500 0.005759 0.011000
7 0.898429 0.583500 0.019895 0.083000
7 0.920681 0.540000 0.005759 0.010000
7 0.887173 0.598000 0.013089 0.030000
7 0.954188 0.586000 0.016230 0.036000
7 0.981675 0.608500 0.012565 0.029000
7 0.278796 0.716000 0.012042 0.030000
7 0.318325 0.731500 0.011518 0.027000
7 0.220681 0.748000 0.008901 0.024000
7 0.019895 0.772000 0.011518 0.022000
