7 0.059615 0.296548 0.046923 0.067992
7 0.246923 0.286088 0.056923 0.084728
7 0.365769 0.303870 0.060769 0.080544
7 0.523462 0.364017 0.057692 0.077406
7 0.702692 0.304393 0.063846 0.085774
7 0.854615 0.300732 0.053846 0.088912
7 0.023462 0.167887 0.006923 0.011506
7 0.043462 0.165795 0.006923 0.009414
7 0.080000 0.170502 0.007692 0.010460
7 0.129615 0.147490 0.011538 0.016736
7 0.169615 0.140690 0.010000 0.013598
7 0.211154 0.163703 0.008462 0.011506
7 0.252308 0.156381 0.007692 0.011506
7 0.255000 0.165272 0.005385 0.008368
7 0.281154 0.158996 0.006923 0.010460
7 0.891154 0.132322 0.017692 0.028243
7 0.977308 0.168410 0.005385 0.008368
7 0.962308 0.169979 0.006154 0.009414
7 0.935769 0.172071 0.006923 0.009414
7 0.943462 0.175732 0.005385 0.008368
