7 0.033333 0.457500 0.020000 0.030000
7 0.043333 0.458750 0.013333 0.022500
7 0.064167 0.476250 0.011667 0.017500
7 0.103333 0.460000 0.023333 0.040000
7 0.120000 0.463750 0.013333 0.027500
7 0.143333 0.465000 0.010000 0.015000
7 0.160000 0.462500 0.013333 0.025000
7 0.184167 0.495000 0.011667 0.025000
7 0.196667 0.461250 0.023333 0.037500
7 0.230833 0.495000 0.018333 0.035000
7 0.278333 0.448750 0.010000 0.017500
7 0.290833 0.461250 0.011667 0.022500
7 0.335000 0.466250 0.010000 0.017500
7 0.330833 0.460000 0.011667 0.020000
7 0.406667 0.456250 0.010000 0.017500
7 0.435833 0.486250 0.011667 0.017500
7 0.502500 0.458750 0.011667 0.017500
7 0.502500 0.462500 0.011667 0.020000
7 0.528333 0.461250 0.010000 0.017500
7 0.603333 0.457500 0.010000 0.015000
7 0.624167 0.447500 0.015000 0.025000
7 0.622500 0.458750 0.011667 0.017500
7 0.655000 0.443750 0.023333 0.042500
7 0.676667 0.455000 0.010000 0.015000
7 0.700833 0.462500 0.011667 0.020000
7 0.741667 0.456250 0.013333 0.022500
7 0.788333 0.458750 0.010000 0.017500
7 0.801667 0.443750 0.013333 0.022500
7 0.819167 0.443750 0.015000 0.027500
7 0.878333 0.446250 0.013333 0.022500
7 0.965000 0.445000 0.030000 0.050000
7 0.768333 0.458750 0.030000 0.052500
7 0.250833 0.467500 0.011667 0.020000
