7 0.954615 0.715935 0.029231 0.050808
7 0.903846 0.725173 0.029231 0.046189
7 0.884615 0.737875 0.024615 0.039261
7 0.812308 0.760970 0.027692 0.043880
7 0.714615 0.760970 0.032308 0.062356
7 0.766154 0.709007 0.018462 0.032333
7 0.813846 0.703233 0.018462 0.030023
7 0.990769 0.689376 0.015385 0.025404
7 0.926154 0.693995 0.015385 0.025404
7 0.887692 0.684758 0.009231 0.016166
7 0.625385 0.717090 0.013846 0.025404
7 0.640000 0.691686 0.012308 0.020785
7 0.680769 0.718245 0.016923 0.027714
7 0.613077 0.697460 0.016923 0.027714
7 0.563846 0.700924 0.013846 0.025404
7 0.512308 0.696305 0.012308 0.020785
7 0.479231 0.700924 0.013846 0.020785
7 0.451538 0.740185 0.013846 0.025404
7 0.424615 0.793303 0.015385 0.030023
7 0.395385 0.726328 0.018462 0.034642
7 0.329231 0.733256 0.018462 0.025404
7 0.285385 0.787529 0.026154 0.041570
7 0.194615 0.803695 0.038462 0.073903
7 0.100769 0.847575 0.035385 0.069284
7 0.031538 0.788684 0.029231 0.057737
7 0.146154 0.733256 0.012308 0.020785
7 0.118462 0.749423 0.012308 0.020785
7 0.230000 0.763279 0.020000 0.034642
7 0.256923 0.737875 0.015385 0.025404
7 0.215385 0.726328 0.015385 0.030023
7 0.552308 0.705543 0.012308 0.020785
