7 0.102757 0.123051 0.036759 0.061247
7 0.195489 0.226615 0.098580 0.272829
7 0.275689 0.234410 0.086884 0.257238
7 0.357978 0.133073 0.030911 0.047884
7 0.468254 0.131960 0.030911 0.054566
7 0.621972 0.192650 0.029240 0.044543
7 0.713450 0.208797 0.038429 0.065702
7 0.736424 0.124722 0.029240 0.048998
7 0.817460 0.132517 0.035923 0.051225
7 0.931913 0.134744 0.039265 0.062361
7 0.893484 0.188196 0.045948 0.071269
7 0.812448 0.201002 0.040936 0.063474
7 0.164996 0.450445 0.037594 0.059020
7 0.260234 0.459354 0.040936 0.074610
7 0.284043 0.662027 0.038429 0.065702
7 0.870927 0.031180 0.039265 0.055679
7 0.768588 0.326837 0.038429 0.067929
7 0.836675 0.409800 0.035923 0.062361
7 0.977026 0.654788 0.042607 0.075724
7 0.915205 0.589087 0.034252 0.064588
7 0.818296 0.570156 0.037594 0.069042
7 0.724728 0.572940 0.040936 0.065702
7 0.776942 0.646437 0.056809 0.076837
7 0.879699 0.679844 0.036759 0.061247
7 0.502506 0.769488 0.042607 0.082405
7 0.773183 0.754454 0.040936 0.067929
7 0.848371 0.799555 0.037594 0.062361
7 0.538847 0.458797 0.033417 0.057906
7 0.523392 0.561247 0.035923 0.062361
7 0.388889 0.407016 0.107769 0.150334
7 0.652882 0.454900 0.111111 0.139198
7 0.060150 0.226058 0.036759 0.064588
7 0.146199 0.219376 0.031746 0.057906
7 0.125313 0.026169 0.040100 0.056793
7 0.518797 0.207684 0.035088 0.052339
7 0.076441 0.407572 0.045948 0.071269
