7 0.117958 0.544792 0.005869 0.014583
7 0.151408 0.532292 0.009390 0.014583
7 0.174296 0.525000 0.008216 0.016667
7 0.197770 0.527083 0.008216 0.016667
7 0.213615 0.509375 0.009390 0.018750
7 0.262324 0.512500 0.008216 0.020833
7 0.297535 0.523958 0.008216 0.018750
7 0.303991 0.527083 0.011737 0.020833
7 0.323357 0.527083 0.008216 0.016667
7 0.356808 0.530208 0.009390 0.018750
7 0.364437 0.530208 0.008216 0.014583
7 0.560446 0.557292 0.003521 0.006250
7 0.683685 0.532292 0.008216 0.014583
7 0.731221 0.518750 0.014085 0.029167
7 0.808099 0.502083 0.012911 0.025000
7 0.245892 0.528125 0.008216 0.014583
7 0.228873 0.516667 0.009390 0.016667
