7 0.178494 0.334016 0.040792 0.086885
7 0.157133 0.230943 0.037654 0.079918
7 0.212044 0.209016 0.037413 0.073770
7 0.278904 0.164344 0.034033 0.073770
7 0.317403 0.170492 0.027516 0.057377
7 0.346247 0.203893 0.035964 0.071721
7 0.351557 0.139754 0.027275 0.060656
7 0.387400 0.159221 0.026551 0.067623
7 0.469225 0.166803 0.024137 0.058197
7 0.469225 0.166598 0.025103 0.060246
7 0.487207 0.214549 0.027758 0.064344
7 0.515930 0.161680 0.030171 0.065984
7 0.560705 0.176230 0.029930 0.074590
7 0.593531 0.239754 0.032344 0.075410
7 0.614289 0.179918 0.028482 0.061475
7 0.646754 0.153279 0.029206 0.061475
7 0.664132 0.191189 0.029689 0.061885
7 0.708545 0.215369 0.032585 0.066803
7 0.790128 0.198566 0.034516 0.076639
7 0.823678 0.206148 0.045136 0.083607
7 0.930606 0.486885 0.072653 0.099180
7 0.403452 0.251230 0.040309 0.086066
7 0.381849 0.486680 0.047791 0.115984
7 0.020758 0.182992 0.008689 0.015984
7 0.065532 0.170287 0.009413 0.017623
7 0.090031 0.173566 0.007724 0.015984
7 0.133720 0.173156 0.008207 0.015164
7 0.138064 0.151025 0.007241 0.013525
7 0.137099 0.114549 0.006276 0.013525
7 0.154357 0.181352 0.006517 0.013525
7 0.161839 0.168852 0.005552 0.009836
7 0.163046 0.149180 0.007483 0.013934
7 0.169080 0.107377 0.007483 0.013934
7 0.184045 0.121721 0.004586 0.010656
7 0.201183 0.112910 0.006034 0.011885
7 0.253560 0.101844 0.004586 0.007787
7 0.065894 0.044672 0.006758 0.012295
7 0.084359 0.043443 0.006517 0.012295
7 0.120565 0.033197 0.004103 0.007377
7 0.141685 0.038115 0.003862 0.006557
7 0.129013 0.001434 0.005069 0.008607
7 0.444726 0.106557 0.004103 0.009016
7 0.741250 0.206557 0.006276 0.013115
