7 0.287891 0.082292 0.007031 0.010417
7 0.362891 0.059896 0.008594 0.011458
7 0.396094 0.080208 0.020313 0.060417
7 0.613672 0.036458 0.008594 0.012500
7 0.644531 0.045833 0.007812 0.010417
7 0.960938 0.178646 0.065625 0.078125
7 0.896484 0.168750 0.064844 0.102083
7 0.744531 0.105729 0.046875 0.073958
7 0.608203 0.181250 0.047656 0.085417
7 0.566016 0.246875 0.058594 0.104167
7 0.535547 0.216667 0.049219 0.072917
7 0.200391 0.202083 0.044531 0.068750
7 0.190625 0.508854 0.131250 0.213542
7 0.303906 0.466146 0.106250 0.188542
7 0.440625 0.447917 0.112500 0.172917
7 0.544531 0.456771 0.075000 0.142708
7 0.540625 0.632292 0.121875 0.222917
7 0.650000 0.434896 0.103125 0.176042
7 0.663672 0.687500 0.128906 0.231250
7 0.744141 0.547917 0.122656 0.227083
7 0.817969 0.401042 0.120313 0.191667
7 0.746484 0.240625 0.052344 0.093750
