7 0.713281 0.523419 0.104688 0.199063
7 0.535156 0.537471 0.089063 0.170960
7 0.254688 0.622951 0.125000 0.210773
7 0.110937 0.552693 0.125000 0.215457
7 0.221875 0.360656 0.062500 0.126464
7 0.356250 0.542155 0.087500 0.180328
7 0.128906 0.048009 0.048438 0.091335
7 0.212500 0.060890 0.046875 0.079625
7 0.112500 0.357143 0.065625 0.110070
7 0.235937 0.282201 0.059375 0.096019
7 0.542188 0.064403 0.046875 0.091335
7 0.653125 0.077283 0.050000 0.093677
7 0.902344 0.412178 0.095312 0.126464
7 1.007031 0.464871 0.067187 0.114754
7 0.704688 0.429742 0.078125 0.128806
7 0.547656 0.322014 0.070312 0.096019
7 0.733594 0.302108 0.057813 0.103044
7 0.890625 0.333724 0.053125 0.091335
7 0.932813 0.211944 0.034375 0.053864
7 0.863281 0.298595 0.048438 0.077283
7 0.848437 0.254098 0.050000 0.081967
