7 0.011905 0.531609 0.007246 0.013410
7 0.106108 0.493295 0.034161 0.063218
7 0.202899 0.508621 0.024845 0.051724
7 0.285714 0.488506 0.020704 0.045977
7 0.301760 0.491379 0.034161 0.063218
7 0.509317 0.547893 0.010352 0.022989
7 0.535197 0.514368 0.026915 0.051724
7 0.636128 0.590038 0.009317 0.015326
7 0.683747 0.500958 0.036232 0.067050
7 0.776915 0.506705 0.027950 0.051724
7 0.721014 0.561303 0.011387 0.022989
7 0.746377 0.569923 0.010352 0.024904
7 0.957557 0.565134 0.012422 0.019157
7 0.991201 0.565134 0.011387 0.019157
