7 0.014792 0.398906 0.005000 0.008438
7 0.041458 0.384531 0.007917 0.012188
7 0.085938 0.412500 0.002708 0.005000
7 0.083542 0.409687 0.003333 0.005625
7 0.101562 0.428438 0.039792 0.140625
7 0.209375 0.395000 0.008750 0.015000
7 0.830625 0.357812 0.022083 0.030625
7 0.955729 0.360938 0.013542 0.023750
7 0.911771 0.358438 0.016875 0.026250
7 0.971354 0.425312 0.007708 0.015000
7 0.946354 0.445312 0.015625 0.062500
7 0.931042 0.442812 0.005833 0.011250
7 0.995208 0.422344 0.003750 0.005313
7 0.998646 0.428750 0.003125 0.006250
7 0.878229 0.176563 0.045625 0.081250
7 0.789062 0.176875 0.045208 0.074375
7 0.701667 0.222969 0.040833 0.082187
7 0.618958 0.205937 0.038750 0.071875
7 0.504896 0.333750 0.044375 0.081875
7 0.526667 0.206563 0.035833 0.071250
7 0.428750 0.375000 0.044167 0.079375
7 0.318437 0.393281 0.043958 0.075313
7 0.158229 0.206406 0.046042 0.081562
7 0.250104 0.201406 0.039792 0.077813
7 0.351250 0.232813 0.042083 0.071250
7 0.444896 0.223438 0.037708 0.071875
