7 0.091250 0.901653 0.007500 0.008264
7 0.293125 0.895868 0.003750 0.006612
7 0.302500 0.900826 0.005000 0.006612
7 0.302500 0.904132 0.005000 0.006612
7 0.321250 0.918182 0.010000 0.031405
7 0.345000 0.904959 0.005000 0.004959
7 0.362500 0.915702 0.012500 0.019835
7 0.376875 0.905785 0.003750 0.006612
7 0.411250 0.907438 0.007500 0.013223
7 0.426875 0.913223 0.008750 0.011570
7 0.425000 0.915702 0.010000 0.033058
7 0.401250 0.913223 0.010000 0.024793
7 0.476250 0.904132 0.005000 0.006612
7 0.542500 0.915702 0.007500 0.023140
7 0.549375 0.914050 0.008750 0.023140
7 0.723125 0.941322 0.048750 0.084298
7 0.715625 0.914050 0.011250 0.016529
