7 0.204102 0.480176 0.013672 0.023495
7 0.237305 0.453010 0.017578 0.027900
7 0.289551 0.473568 0.014648 0.024963
7 0.329102 0.454479 0.013672 0.024963
7 0.404297 0.478708 0.019531 0.029369
7 0.426758 0.479442 0.013672 0.024963
7 0.528809 0.484581 0.016602 0.026432
7 0.546387 0.468429 0.016602 0.035242
7 0.594238 0.533774 0.012695 0.024963
7 0.623535 0.485316 0.014648 0.024963
7 0.793945 0.485316 0.017578 0.030837
7 0.795410 0.484581 0.020508 0.035242
7 0.807617 0.464758 0.027344 0.045521
7 0.917969 0.462555 0.029297 0.041116
7 0.995117 0.491924 0.025391 0.055800
7 0.043457 0.564611 0.063477 0.071953
7 0.270508 0.486050 0.037109 0.064611
7 0.291992 0.567548 0.031250 0.039648
7 0.407715 0.604258 0.045898 0.080764
7 0.432129 0.588840 0.034180 0.058737
7 0.498535 0.545521 0.024414 0.036711
7 0.635254 0.535977 0.024414 0.038179
7 0.698730 0.524963 0.020508 0.030837
7 0.712891 0.610132 0.042969 0.071953
7 0.841309 0.586637 0.041992 0.066079
