7 0.483333 0.689799 0.031111 0.065217
7 0.790000 0.619565 0.033333 0.065217
7 0.865556 0.571070 0.031111 0.055184
7 0.926111 0.559365 0.034444 0.061873
7 0.833889 0.545987 0.023333 0.048495
7 0.792778 0.561873 0.027778 0.046823
7 0.757222 0.560201 0.025556 0.046823
7 0.710000 0.632107 0.031111 0.056856
7 0.730556 0.566890 0.034444 0.046823
7 0.631111 0.631271 0.028889 0.055184
7 0.678333 0.551839 0.030000 0.050167
7 0.523333 0.641304 0.033333 0.058528
7 0.595000 0.577759 0.027778 0.051839
7 0.625000 0.560201 0.023333 0.046823
7 0.643889 0.525920 0.025556 0.041806
7 0.584444 0.550167 0.024444 0.043478
7 0.553889 0.547659 0.023333 0.048495
7 0.507222 0.551003 0.023333 0.041806
7 0.470000 0.551839 0.022222 0.046823
7 0.419444 0.634615 0.034444 0.061873
7 0.445556 0.527592 0.022222 0.038462
7 0.406111 0.523411 0.025556 0.043478
7 0.372778 0.544314 0.023333 0.045151
7 0.332222 0.570234 0.022222 0.043478
7 0.329444 0.627090 0.032222 0.056856
7 0.310556 0.560201 0.021111 0.040134
7 0.287778 0.574415 0.024444 0.048495
7 0.248333 0.580268 0.023333 0.053512
7 0.263333 0.561873 0.022222 0.040134
7 0.217778 0.569398 0.024444 0.045151
7 0.192222 0.568562 0.035556 0.053512
7 0.153889 0.581104 0.034444 0.061873
7 0.114444 0.571906 0.037778 0.060201
7 0.075000 0.583612 0.038889 0.066890
