7 0.001538 0.637841 0.004615 0.007338
7 0.028846 0.626834 0.005385 0.008386
7 0.039615 0.635744 0.002308 0.003145
7 0.058462 0.634172 0.004615 0.006289
7 0.069231 0.633648 0.004615 0.007338
7 0.103077 0.636268 0.004615 0.006289
7 0.126154 0.633124 0.004615 0.006289
7 0.164231 0.635744 0.003846 0.005241
7 0.166923 0.637841 0.003077 0.005241
7 0.172692 0.648323 0.008462 0.028302
7 0.178462 0.628931 0.016923 0.027254
7 0.210000 0.638889 0.016923 0.026205
7 0.243846 0.638365 0.003077 0.004193
7 0.247692 0.648323 0.006154 0.022013
7 0.258077 0.632600 0.003846 0.005241
7 0.278077 0.622642 0.020769 0.033543
7 0.303077 0.643606 0.004615 0.012579
7 0.373846 0.635220 0.003077 0.004193
7 0.431923 0.617400 0.019231 0.031447
7 0.459615 0.625786 0.010000 0.012579
7 0.485769 0.636792 0.003846 0.005241
7 0.514231 0.621069 0.025385 0.038784
7 0.553077 0.615828 0.016923 0.026205
7 0.567308 0.608491 0.023846 0.036688
7 0.595769 0.635744 0.002308 0.003145
7 0.606923 0.637841 0.003077 0.005241
7 0.613462 0.636792 0.003846 0.005241
7 0.615769 0.635220 0.003846 0.004193
7 0.618462 0.635744 0.003077 0.005241
7 0.650000 0.635744 0.003077 0.005241
7 0.690769 0.636792 0.004615 0.005241
7 0.708462 0.631551 0.004615 0.005241
7 0.708077 0.632075 0.005385 0.006289
7 0.741154 0.584906 0.023846 0.041929
7 0.818077 0.631551 0.003846 0.005241
7 0.826538 0.635744 0.003846 0.005241
7 0.838846 0.644130 0.022308 0.040881
7 0.846923 0.609539 0.029231 0.049266
7 0.895000 0.626834 0.034615 0.050314
7 0.929231 0.574423 0.038462 0.067086
7 0.965769 0.579665 0.036154 0.050314
