7 0.021250 0.545556 0.095833 0.180000
7 0.175417 0.535556 0.114167 0.188889
7 0.417917 0.466667 0.117500 0.211111
7 0.768333 0.435556 0.150000 0.260000
7 0.965833 0.311111 0.085000 0.146667
7 0.564167 0.477222 0.088333 0.183333
7 0.674583 0.473333 0.100833 0.137778
7 0.636667 0.266111 0.105000 0.181111
7 0.826250 0.121111 0.069167 0.128889
7 0.074167 0.330556 0.110000 0.181111
7 0.192500 0.276111 0.080000 0.132222
7 0.234167 0.178889 0.083333 0.171111
7 0.415417 0.296667 0.089167 0.146667
7 0.404167 0.182778 0.078333 0.154444
7 0.484583 0.288333 0.057500 0.110000
