7 0.278070 0.768797 0.031579 0.046366
7 0.389912 0.746867 0.023684 0.050125
7 0.573684 0.926692 0.045614 0.078947
7 0.669737 0.891604 0.051754 0.088972
7 0.311842 0.630326 0.014912 0.025063
7 0.021053 0.552632 0.005263 0.007519
7 0.029825 0.553885 0.005263 0.007519
7 0.035088 0.553258 0.005263 0.008772
7 0.071491 0.562657 0.006140 0.007519
7 0.116228 0.562030 0.006140 0.008772
7 0.131140 0.560150 0.006140 0.007519
7 0.157456 0.562657 0.007895 0.012531
7 0.179386 0.561404 0.007895 0.012531
7 0.194298 0.565789 0.006140 0.011278
7 0.242105 0.568922 0.007018 0.012531
7 0.266667 0.566416 0.007018 0.012531
7 0.276754 0.577068 0.007895 0.011278
7 0.291228 0.572055 0.007018 0.011278
7 0.369737 0.585840 0.007895 0.013784
7 0.390351 0.585213 0.007018 0.012531
7 0.475439 0.587093 0.008772 0.013784
7 0.479386 0.590852 0.007895 0.013784
7 0.493421 0.585840 0.009649 0.013784
7 0.507895 0.578321 0.008772 0.013784
7 0.510965 0.598997 0.009649 0.015038
7 0.573684 0.585840 0.010526 0.013784
7 0.708772 0.606516 0.010526 0.015038
7 0.750877 0.593358 0.008772 0.013784
7 0.762281 0.584586 0.007018 0.013784
7 0.820175 0.582707 0.007018 0.012531
7 0.903947 0.708647 0.014912 0.021303
7 0.941667 0.665414 0.016667 0.025063
7 0.963596 0.573935 0.004386 0.007519
7 0.985088 0.577068 0.005263 0.008772
