7 0.013462 0.699268 0.036154 0.047071
7 0.041923 0.675209 0.033077 0.049163
7 0.240000 0.675209 0.030769 0.044979
7 0.073846 0.596234 0.013846 0.018828
7 0.114231 0.591004 0.016154 0.025105
7 0.157692 0.583682 0.016923 0.023013
7 0.193077 0.589958 0.012308 0.018828
7 0.227308 0.596757 0.013077 0.017782
7 0.212308 0.590481 0.009231 0.015690
7 0.250385 0.585774 0.010000 0.016736
7 0.266538 0.592573 0.010000 0.015690
7 0.279231 0.584728 0.012308 0.014644
7 0.293077 0.591527 0.007692 0.011506
7 0.308462 0.642782 0.013846 0.021967
7 0.324615 0.632322 0.015385 0.024059
7 0.329615 0.588912 0.008462 0.014644
7 0.355769 0.580544 0.010000 0.012552
7 0.337308 0.648013 0.022308 0.030335
7 0.364615 0.628661 0.015385 0.023013
7 0.438462 0.666841 0.030769 0.042887
7 0.423846 0.572699 0.012308 0.019874
7 0.453846 0.581590 0.010769 0.014644
7 0.483077 0.585251 0.012308 0.017782
7 0.466923 0.658473 0.026154 0.034519
7 0.520385 0.575314 0.010000 0.014644
7 0.586538 0.574268 0.028462 0.039749
7 0.610769 0.573222 0.007692 0.010460
7 0.633077 0.583682 0.007692 0.010460
7 0.631154 0.578975 0.008462 0.011506
7 0.650385 0.573745 0.006923 0.009414
7 0.667692 0.576360 0.009231 0.014644
7 0.685385 0.586820 0.007692 0.010460
7 0.756538 0.570084 0.022308 0.037657
7 0.807692 0.591004 0.018462 0.033473
7 0.890769 0.576360 0.016923 0.023013
7 0.990769 0.587866 0.023077 0.035565
7 0.847308 0.563285 0.011538 0.015690
