7 0.036657 1.008088 0.014663 0.045588
7 0.052786 1.006618 0.011730 0.033824
7 0.061584 1.000000 0.015640 0.055882
7 0.072825 0.974265 0.004888 0.007353
7 0.117791 0.971324 0.004888 0.007353
7 0.129521 0.969118 0.006843 0.008824
7 0.003910 0.927941 0.013685 0.041176
7 0.034213 0.886765 0.005865 0.008824
7 0.050831 0.911765 0.005865 0.008824
7 0.066471 0.925735 0.005865 0.010294
7 0.072336 0.933824 0.003910 0.008824
7 0.082600 0.927206 0.004888 0.007353
7 0.092864 0.920588 0.005865 0.008824
7 0.106549 0.905882 0.005865 0.008824
7 0.064516 0.925735 0.013685 0.045588
7 0.064027 0.905882 0.010753 0.038235
7 0.083578 0.868382 0.004888 0.007353
7 0.065494 0.855147 0.005865 0.007353
7 0.071848 0.853676 0.004888 0.007353
7 0.063050 0.838971 0.004888 0.007353
7 0.069404 0.855882 0.013685 0.050000
7 0.081134 0.853676 0.009775 0.045588
7 0.094330 0.841912 0.004888 0.007353
7 0.108993 0.841176 0.004888 0.008824
7 0.192082 0.928676 0.004888 0.007353
7 0.213587 0.959559 0.004888 0.007353
7 0.211144 0.953676 0.011730 0.051471
7 0.202346 0.885294 0.003910 0.005882
7 0.212610 0.905882 0.004888 0.008824
7 0.220430 0.902206 0.004888 0.007353
7 0.223851 0.788971 0.003910 0.007353
7 0.160313 0.786765 0.003910 0.005882
7 0.170577 0.783088 0.004888 0.007353
7 0.175953 0.795588 0.013685 0.026471
7 0.167644 0.737500 0.004888 0.007353
7 0.178397 0.731618 0.004888 0.007353
7 0.200880 0.743382 0.004888 0.007353
7 0.204790 0.746324 0.004888 0.007353
7 0.247801 0.686765 0.004888 0.005882
7 0.004888 0.805147 0.003910 0.007353
7 0.057185 0.788971 0.004888 0.007353
7 0.066960 0.788971 0.004888 0.007353
7 0.022483 0.783824 0.003910 0.005882
7 0.035191 0.766176 0.005865 0.008824
7 0.043988 0.773529 0.003910 0.005882
7 0.062072 0.765441 0.004888 0.007353
7 0.074780 0.763971 0.004888 0.007353
7 0.086510 0.759559 0.004888 0.007353
7 0.095797 0.759559 0.003910 0.007353
7 0.110948 0.759559 0.004888 0.007353
7 0.069892 0.758088 0.004888 0.007353
7 0.084066 0.762500 0.007820 0.033824
7 0.056696 0.776471 0.009775 0.038235
7 0.043500 0.759559 0.012708 0.039706
7 0.066471 0.741176 0.003910 0.005882
7 0.019062 0.724265 0.004888 0.007353
7 0.018573 0.722794 0.009775 0.045588
7 0.028348 0.714706 0.003910 0.005882
7 0.030792 0.706618 0.004888 0.007353
7 0.038612 0.727206 0.006843 0.010294
7 0.048876 0.729412 0.003910 0.005882
7 0.072825 0.713971 0.006843 0.010294
7 0.082111 0.727941 0.013685 0.055882
7 0.092375 0.721324 0.004888 0.007353
7 0.114370 0.707353 0.003910 0.008824
7 0.124145 0.700735 0.003910 0.007353
7 0.051808 0.679412 0.003910 0.005882
7 0.066471 0.677941 0.003910 0.005882
7 0.081623 0.690441 0.010753 0.039706
7 0.087977 0.697059 0.009775 0.041176
7 0.096285 0.703676 0.014663 0.033824
7 0.109482 0.671324 0.003910 0.007353
7 0.130010 0.684559 0.003910 0.007353
7 0.139785 0.684559 0.003910 0.007353
7 0.092864 0.658088 0.003910 0.007353
7 0.111926 0.646324 0.004888 0.007353
7 0.118768 0.637500 0.004888 0.007353
7 0.129032 0.651471 0.003910 0.005882
7 0.117302 0.655882 0.003910 0.005882
7 0.132454 0.630147 0.002933 0.004412
7 0.152981 0.639706 0.004888 0.005882
7 0.160313 0.643382 0.003910 0.007353
7 0.169599 0.630147 0.004888 0.007353
7 0.180841 0.626471 0.003910 0.005882
7 0.193060 0.630882 0.004888 0.005882
7 0.107527 0.604412 0.003910 0.005882
7 0.127077 0.605147 0.003910 0.007353
7 0.146628 0.623529 0.003910 0.005882
7 0.151026 0.612500 0.004888 0.007353
7 0.164223 0.616912 0.003910 0.007353
7 0.173509 0.608824 0.002933 0.005882
7 0.183773 0.616912 0.009775 0.033824
7 0.215543 0.611029 0.004888 0.007353
7 0.222385 0.606618 0.004888 0.007353
7 0.165200 0.595588 0.003910 0.005882
7 0.068426 0.572059 0.003910 0.005882
7 0.076735 0.587500 0.012708 0.045588
7 0.103128 0.574265 0.004888 0.007353
7 0.119257 0.583088 0.003910 0.007353
7 0.129032 0.598529 0.011730 0.032353
7 0.128055 0.566912 0.005865 0.007353
7 0.144673 0.566176 0.003910 0.005882
7 0.155425 0.583088 0.009775 0.039706
7 0.162757 0.580882 0.006843 0.032353
7 0.167155 0.584559 0.007820 0.030882
7 0.172043 0.581618 0.007820 0.036765
7 0.176442 0.579412 0.008798 0.032353
7 0.183284 0.578676 0.008798 0.033824
7 0.190127 0.585294 0.010753 0.044118
7 0.196481 0.567647 0.003910 0.005882
7 0.205279 0.569118 0.003910 0.005882
7 0.213099 0.576471 0.003910 0.005882
7 0.221896 0.572059 0.003910 0.005882
7 0.120235 0.542647 0.003910 0.005882
7 0.161290 0.544118 0.003910 0.005882
7 0.167155 0.541912 0.003910 0.007353
7 0.196481 0.555147 0.003910 0.007353
7 0.217009 0.550000 0.003910 0.005882
7 0.228739 0.562500 0.019550 0.042647
7 0.228739 0.552206 0.011730 0.036765
7 0.138807 0.515441 0.003910 0.007353
7 0.148583 0.504412 0.003910 0.005882
7 0.160313 0.524265 0.011730 0.048529
7 0.170088 0.528676 0.013685 0.048529
7 0.183284 0.523529 0.014663 0.041176
7 0.200391 0.527206 0.003910 0.007353
7 0.215543 0.515441 0.002933 0.004412
7 0.220919 0.538971 0.011730 0.039706
7 0.230205 0.516912 0.002933 0.004412
7 0.243402 0.527206 0.011730 0.042647
7 0.215543 0.523529 0.008798 0.035294
7 0.226295 0.498529 0.002933 0.005882
7 0.245846 0.486765 0.002933 0.005882
7 0.168622 0.492647 0.002933 0.005882
7 0.175953 0.495588 0.003910 0.005882
7 0.173021 0.483824 0.003910 0.005882
7 0.186706 0.490441 0.003910 0.004412
7 0.212610 0.494853 0.004888 0.007353
7 0.233627 0.491176 0.003910 0.005882
7 0.269306 0.495588 0.008798 0.035294
7 0.183773 0.466912 0.003910 0.007353
7 0.194526 0.468382 0.003910 0.007353
7 0.217498 0.472059 0.004888 0.008824
7 0.226784 0.466176 0.003910 0.005882
7 0.239492 0.464706 0.003910 0.005882
7 0.245846 0.485294 0.010753 0.038235
7 0.239492 0.455882 0.003910 0.005882
7 0.172043 0.457353 0.003910 0.005882
7 0.180841 0.454412 0.003910 0.005882
7 0.183773 0.466912 0.003910 0.007353
7 0.196481 0.447059 0.003910 0.005882
7 0.186217 0.463971 0.008798 0.033824
7 0.209189 0.447794 0.003910 0.007353
7 0.204301 0.458088 0.007820 0.039706
7 0.220430 0.447059 0.002933 0.005882
7 0.233138 0.440441 0.002933 0.004412
7 0.241447 0.455147 0.007820 0.030882
7 0.247312 0.436765 0.003910 0.005882
7 0.255621 0.458088 0.006843 0.027941
7 0.260508 0.454412 0.006843 0.032353
7 0.266862 0.438235 0.003910 0.005882
7 0.226295 0.418382 0.004888 0.007353
7 0.176931 0.407353 0.003910 0.005882
7 0.180352 0.413235 0.008798 0.038235
7 0.187683 0.419118 0.007820 0.035294
7 0.250733 0.391912 0.004888 0.007353
7 0.265885 0.409559 0.007820 0.039706
7 0.184751 0.375735 0.011730 0.039706
7 0.222385 0.377941 0.002933 0.005882
7 0.241935 0.372794 0.002933 0.004412
7 0.217986 0.386029 0.007820 0.033824
7 0.210655 0.367647 0.006843 0.038235
7 0.230694 0.370588 0.011730 0.041176
7 0.238025 0.370588 0.008798 0.038235
7 0.252199 0.326471 0.003910 0.005882
7 0.207722 0.324265 0.002933 0.004412
7 0.215054 0.337500 0.007820 0.030882
7 0.221896 0.337500 0.007820 0.033824
7 0.350440 0.268382 0.008798 0.030882
7 0.359238 0.269853 0.008798 0.033824
7 0.371457 0.252206 0.003910 0.004412
7 0.383675 0.245588 0.004888 0.005882
7 0.668133 0.944118 0.006843 0.008824
7 0.958944 0.895588 0.003910 0.005882
7 0.972141 0.925000 0.004888 0.008824
7 0.876833 0.547794 0.003910 0.007353
7 0.877322 0.533088 0.004888 0.007353
7 0.670088 0.212500 0.004888 0.007353
7 0.499022 0.177206 0.006843 0.027941
7 0.502933 0.166912 0.002933 0.004412
7 0.689638 0.130147 0.002933 0.004412
7 0.995601 0.269853 0.002933 0.004412
7 0.969208 0.259559 0.002933 0.004412
7 0.966764 0.258824 0.007820 0.029412
7 0.972630 0.257353 0.007820 0.032353
7 0.977028 0.246324 0.002933 0.004412
7 0.982405 0.255147 0.007820 0.030882
7 0.991202 0.244118 0.003910 0.005882
7 0.996579 0.228676 0.002933 0.004412
7 0.978495 0.213235 0.007820 0.029412
7 0.970674 0.215441 0.007820 0.027941
7 0.948680 0.251471 0.002933 0.005882
7 0.104106 0.547794 0.006843 0.010294
