7 0.025769 0.263021 0.017692 0.021875
7 0.156154 0.254688 0.018462 0.028125
7 0.241923 0.272396 0.019231 0.026042
7 0.343846 0.333854 0.026154 0.040625
7 0.608077 0.351562 0.020769 0.036458
7 0.584231 0.346875 0.034615 0.052083
7 0.567308 0.369792 0.031538 0.060417
7 0.521154 0.373958 0.045385 0.072917
7 0.742308 0.360417 0.033846 0.041667
7 0.708462 0.377604 0.038462 0.067708
7 0.677692 0.384375 0.036923 0.062500
7 0.877308 0.288021 0.026923 0.040625
7 0.903077 0.298958 0.020000 0.029167
7 0.985385 0.295312 0.016923 0.026042
