7 0.151538 0.591527 0.063077 0.065900
7 0.284231 0.528766 0.036154 0.055439
7 0.665769 0.616632 0.060769 0.072176
7 0.033077 0.606695 0.016923 0.027197
7 0.904615 0.623954 0.012308 0.019874
7 0.986154 0.622908 0.009231 0.015690
7 0.775000 0.628661 0.019231 0.027197
7 0.746538 0.628661 0.016154 0.020921
7 0.477308 0.644874 0.014615 0.024059
7 0.427692 0.619247 0.013846 0.023013
7 0.417308 0.654812 0.016154 0.023013
7 0.528077 0.668410 0.016154 0.025105
7 0.558846 0.606695 0.014615 0.023013
7 0.600000 0.631799 0.013846 0.018828
7 0.934615 0.662134 0.004615 0.008368
7 0.394615 0.604079 0.009231 0.015690
7 0.378077 0.666841 0.013077 0.021967
7 0.348462 0.611925 0.010769 0.016736
7 0.228846 0.645921 0.008462 0.013598
7 0.103077 0.480126 0.020000 0.020921
7 0.664231 0.618201 0.057692 0.069038
7 0.893846 0.616109 0.010769 0.016736
7 0.888462 0.628661 0.012308 0.016736
7 0.975385 0.617155 0.009231 0.012552
7 0.020385 0.610879 0.008462 0.014644
7 0.877308 0.619247 0.006923 0.010460
7 0.337308 0.614540 0.011538 0.015690
