7 0.477692 0.395921 0.030769 0.038703
7 0.490769 0.365586 0.021538 0.036611
7 0.449615 0.435669 0.019231 0.030335
7 0.410769 0.390167 0.023077 0.035565
7 0.408462 0.370816 0.026154 0.036611
7 0.364615 0.370293 0.026154 0.041841
7 0.348077 0.342050 0.025385 0.037657
7 0.274231 0.354603 0.028462 0.037657
7 0.291538 0.385983 0.026154 0.037657
7 0.240769 0.384937 0.016923 0.025105
7 0.196154 0.361402 0.029231 0.040795
7 0.134615 0.388075 0.027692 0.035565
7 0.180000 0.393305 0.023077 0.033473
7 0.209615 0.381276 0.017692 0.032427
