7 0.061267 0.504673 0.024922 0.040498
7 0.115265 0.518692 0.022845 0.034268
7 0.137591 0.514798 0.021807 0.038941
7 0.166147 0.521028 0.020768 0.038941
7 0.220665 0.528816 0.023884 0.042056
7 0.237279 0.567757 0.023884 0.042056
7 0.287124 0.563863 0.019730 0.037383
7 0.343718 0.563084 0.022845 0.045171
7 0.387331 0.570872 0.022845 0.042056
7 0.436137 0.574766 0.022845 0.043614
7 0.488577 0.570872 0.021807 0.042056
7 0.539460 0.565421 0.023884 0.040498
7 0.584112 0.570872 0.021807 0.045171
7 0.632918 0.570872 0.021807 0.038941
7 0.677570 0.573988 0.023884 0.038941
7 0.729491 0.573209 0.021807 0.043614
7 0.775701 0.535047 0.020768 0.038941
7 0.804258 0.531931 0.021807 0.038941
7 0.835929 0.523364 0.020768 0.037383
7 0.865524 0.537383 0.019730 0.040498
7 0.882658 0.517913 0.020768 0.035826
7 0.917445 0.520249 0.023884 0.040498
7 0.101765 0.498442 0.022845 0.031153
7 0.187435 0.492212 0.023884 0.040498
7 0.235202 0.507009 0.021807 0.035826
7 0.274663 0.501558 0.019730 0.037383
7 0.304258 0.504673 0.018692 0.034268
7 0.334891 0.499221 0.019730 0.035826
7 0.353063 0.523364 0.020768 0.037383
7 0.388889 0.492212 0.019730 0.034268
7 0.426272 0.481308 0.021807 0.034268
7 0.456386 0.501558 0.021807 0.040498
7 0.494289 0.489875 0.020768 0.035826
7 0.529076 0.484424 0.021807 0.040498
7 0.560228 0.507009 0.021807 0.038941
7 0.594496 0.508567 0.019730 0.038941
7 0.629803 0.510903 0.019730 0.037383
7 0.661994 0.509346 0.017653 0.037383
7 0.704050 0.502336 0.020768 0.038941
7 0.745067 0.509346 0.019730 0.034268
7 0.798027 0.447819 0.021807 0.038941
7 0.160436 0.431464 0.019730 0.034268
7 0.197300 0.433801 0.020768 0.038941
7 0.225337 0.446262 0.020768 0.038941
7 0.254933 0.435358 0.017653 0.035826
7 0.286604 0.438474 0.018692 0.035826
7 0.302700 0.447819 0.019730 0.035826
7 0.317238 0.439252 0.019730 0.034268
7 0.350467 0.441589 0.019730 0.035826
7 0.376428 0.440810 0.019730 0.037383
7 0.398235 0.436916 0.019730 0.032710
7 0.420561 0.438474 0.018692 0.035826
7 0.447040 0.432243 0.019730 0.032710
7 0.468328 0.443925 0.022845 0.037383
7 0.493769 0.434579 0.019730 0.037383
7 0.519730 0.433801 0.019730 0.035826
7 0.550363 0.434579 0.022845 0.037383
7 0.577362 0.438474 0.018692 0.035826
7 0.606438 0.445483 0.020768 0.037383
7 0.620976 0.428349 0.016615 0.034268
7 0.642783 0.441589 0.018692 0.038941
7 0.658879 0.439252 0.017653 0.034268
7 0.677570 0.446262 0.019730 0.035826
7 0.693146 0.443146 0.017653 0.032710
7 0.711838 0.457165 0.019730 0.035826
7 0.724299 0.444704 0.017653 0.035826
7 0.744548 0.454829 0.018692 0.037383
7 0.765317 0.453271 0.020768 0.034268
7 0.787643 0.508567 0.019730 0.035826
7 0.753894 0.538162 0.022845 0.038941
