7 0.077881 0.602214 0.039551 0.053385
7 0.038086 0.577799 0.007812 0.011068
7 0.078125 0.600911 0.038086 0.053385
7 0.093018 0.582031 0.009277 0.015625
7 0.142822 0.580729 0.007324 0.010417
7 0.156982 0.596029 0.019043 0.031901
7 0.198486 0.593099 0.039551 0.059896
7 0.234863 0.584310 0.006836 0.011068
7 0.239746 0.561523 0.003906 0.005859
7 0.246582 0.562500 0.003906 0.006510
7 0.279297 0.592448 0.007812 0.010417
7 0.289795 0.582031 0.007324 0.011719
7 0.301514 0.564128 0.004395 0.007161
7 0.305664 0.566732 0.004883 0.007161
7 0.324707 0.582357 0.008789 0.035807
7 0.329346 0.566732 0.004395 0.005859
7 0.351318 0.571615 0.003418 0.005208
7 0.364014 0.567383 0.003418 0.004557
7 0.379639 0.566081 0.003418 0.004557
7 0.319824 0.601888 0.027344 0.041016
7 0.394531 0.623372 0.025391 0.044922
7 0.441895 0.621745 0.029297 0.048177
7 0.494141 0.610677 0.017578 0.028646
7 0.635498 0.617188 0.029785 0.039062
7 0.470703 0.586263 0.004883 0.009766
7 0.377930 0.585286 0.008789 0.013021
7 0.380371 0.586914 0.005859 0.011068
7 0.336426 0.592448 0.010742 0.018229
7 0.801514 0.593750 0.010254 0.013021
7 0.849365 0.597005 0.007324 0.010417
7 0.895020 0.607747 0.003906 0.005859
7 0.942139 0.598633 0.007324 0.011068
7 0.514648 0.602214 0.010742 0.016927
7 0.526611 0.590820 0.008301 0.011068
7 0.542725 0.594727 0.007324 0.011068
7 0.152832 0.581706 0.006836 0.009766
