7 0.512908 0.448370 0.096467 0.092391
7 0.360054 0.339221 0.067935 0.060688
7 -0.013587 0.500453 0.084239 0.071558
7 0.216033 0.335145 0.035326 0.030797
7 0.295516 0.431612 0.042120 0.038949
7 0.388587 0.422554 0.038043 0.026268
7 0.602582 0.454257 0.042120 0.040761
7 0.701766 0.429348 0.050272 0.041667
7 0.714674 0.442935 0.057065 0.050725
7 0.800951 0.445199 0.058424 0.053442
7 0.913723 0.425725 0.058424 0.043478
7 1.084918 0.480978 0.050272 0.039855
7 0.496603 0.125906 0.028533 0.023551
7 0.350543 0.158514 0.021739 0.019928
7 0.045516 0.418931 0.033967 0.026268
7 0.947690 0.363678 0.055707 0.029891
7 0.854620 0.379982 0.046196 0.037138
7 0.857337 0.355072 0.046196 0.032609
7 0.805707 0.358696 0.048913 0.038043
7 0.750679 0.360507 0.044837 0.036232
7 0.653533 0.392210 0.040761 0.034420
7 0.684103 0.350091 0.044837 0.035326
7 0.644022 0.346014 0.040761 0.036232
7 0.639946 0.310236 0.040761 0.035326
7 0.563179 0.321105 0.031250 0.024457
7 0.481658 0.324728 0.036685 0.028080
7 0.533288 0.279891 0.033967 0.027174
7 0.590353 0.254982 0.031250 0.026268
7 0.628397 0.261322 0.036685 0.029891
7 0.708560 0.309330 0.052989 0.037138
7 0.814538 0.311594 0.044837 0.036232
7 0.950408 0.305707 0.052989 0.040761
7 0.938859 0.274909 0.040761 0.029891
7 0.879755 0.268116 0.039402 0.032609
7 0.900136 0.224638 0.036685 0.027174
7 0.974864 0.224185 0.036685 0.026268
7 0.736413 0.282609 0.038043 0.030797
7 0.703804 0.274909 0.040761 0.031703
7 0.724185 0.257246 0.032609 0.023551
7 0.707201 0.240489 0.031250 0.026268
7 0.664402 0.244112 0.027174 0.020833
7 0.522418 0.241848 0.028533 0.019928
7 0.476902 0.284420 0.029891 0.023551
