7 0.067500 0.549167 0.040000 0.065000
7 0.215625 0.518333 0.036250 0.060000
7 0.366875 0.504167 0.031250 0.051667
7 0.484375 0.485000 0.036250 0.053333
7 0.596250 0.485833 0.027500 0.045000
7 0.698750 0.470000 0.027500 0.040000
7 0.789375 0.456667 0.023750 0.033333
7 0.861875 0.430000 0.021250 0.036667
7 0.055625 0.293333 0.038750 0.046667
7 0.054375 0.295000 0.038750 0.043333
7 0.106875 0.280000 0.033750 0.046667
7 0.138750 0.290000 0.032500 0.040000
7 0.178125 0.302500 0.033750 0.045000
7 0.230625 0.297500 0.026250 0.041667
7 0.259375 0.290000 0.023750 0.036667
7 0.299375 0.280000 0.026250 0.043333
7 0.327500 0.290833 0.020000 0.035000
7 0.369375 0.302500 0.023750 0.035000
7 0.403750 0.288333 0.027500 0.043333
7 0.451875 0.302500 0.018750 0.031667
7 0.485625 0.282500 0.018750 0.025000
7 0.499375 0.317500 0.031250 0.041667
7 0.513125 0.305833 0.018750 0.031667
7 0.537500 0.303333 0.020000 0.036667
7 0.567500 0.300000 0.025000 0.033333
7 0.639375 0.324167 0.026250 0.038333
7 0.695625 0.325833 0.021250 0.035000
7 0.786250 0.450833 0.030000 0.035000
7 0.731250 0.312500 0.020000 0.035000
7 0.849375 0.375000 0.023750 0.033333
7 0.755000 0.263333 0.010000 0.016667
7 0.778750 0.271667 0.010000 0.013333
7 0.811875 0.267500 0.013750 0.018333
7 0.836875 0.258333 0.011250 0.020000
7 0.858750 0.265833 0.012500 0.021667
7 0.973125 0.255000 0.013750 0.020000
7 0.903125 0.317500 0.018750 0.028333
7 0.905625 0.340833 0.021250 0.038333
7 0.927500 0.352500 0.032500 0.045000
7 0.972500 0.335833 0.035000 0.048333
