7 0.109654 0.215348 0.064845 0.129685
7 0.193807 0.275134 0.056831 0.108864
7 0.260474 0.279893 0.051730 0.101725
7 0.347723 0.290898 0.046995 0.102320
7 0.429872 0.289114 0.046630 0.093992
7 0.518944 0.308745 0.045537 0.092802
7 0.603643 0.296550 0.045173 0.089827
7 0.665209 0.269482 0.045173 0.098751
7 0.755556 0.249851 0.046630 0.109459
7 0.882332 0.244200 0.050273 0.100535
7 0.402004 0.518739 0.057195 0.123736
7 0.506557 0.471446 0.051366 0.106484
7 0.611111 0.479179 0.055009 0.108864
7 0.712386 0.457763 0.055738 0.125521
