7 0.091667 0.383768 0.038889 0.090180
7 0.139444 0.328657 0.038889 0.084168
7 0.207778 0.380762 0.040000 0.088176
7 0.260556 0.590180 0.047778 0.098196
7 0.337222 0.590180 0.045556 0.098196
7 0.408889 0.568136 0.046667 0.094188
7 0.471111 0.589178 0.035556 0.092184
7 0.537778 0.581162 0.040000 0.092184
7 0.597222 0.575150 0.041111 0.088176
7 0.669444 0.593186 0.043333 0.092184
7 0.762222 0.715431 0.048889 0.108216
7 0.795556 0.573146 0.042222 0.100200
7 0.862222 0.532064 0.046667 0.082164
7 0.932778 0.550100 0.050000 0.098196
7 0.870000 0.442886 0.033333 0.068136
7 0.822222 0.425852 0.028889 0.070140
7 0.740556 0.370741 0.034444 0.084168
7 0.657778 0.405812 0.031111 0.062124
7 0.570000 0.429860 0.028889 0.070140
7 0.524444 0.410822 0.028889 0.068136
7 0.470000 0.381764 0.035556 0.078156
7 0.415000 0.385772 0.030000 0.082164
7 0.368889 0.371743 0.028889 0.070140
7 0.322778 0.376754 0.032222 0.072144
7 0.276667 0.375752 0.040000 0.090180
7 0.405000 0.315631 0.030000 0.062124
7 0.470556 0.283567 0.032222 0.070140
7 0.556667 0.288577 0.028889 0.060120
7 0.623333 0.298597 0.028889 0.060120
7 0.693333 0.328657 0.028889 0.060120
7 0.764444 0.310621 0.031111 0.072144
7 0.872222 0.261523 0.037778 0.086172
7 0.822222 0.281563 0.026667 0.046092
7 1.005000 0.258517 0.027778 0.052104
7 0.546667 0.387776 0.026667 0.058116
