7 0.041848 0.592320 0.011957 0.021242
7 0.070652 0.605392 0.013043 0.024510
7 0.076630 0.653595 0.009783 0.016340
7 0.091848 0.593137 0.014130 0.022876
7 0.133696 0.583333 0.013043 0.026144
7 0.163587 0.562092 0.016304 0.032680
7 0.197826 0.585784 0.013043 0.024510
7 0.225543 0.577614 0.018478 0.024510
7 0.258696 0.560458 0.015217 0.029412
7 0.286957 0.602124 0.013043 0.021242
7 0.320652 0.602124 0.013043 0.021242
7 0.309783 0.608660 0.010870 0.021242
7 0.358152 0.618464 0.007609 0.011438
7 0.387500 0.620098 0.007609 0.011438
7 0.416848 0.569444 0.014130 0.027778
7 0.454891 0.636438 0.014130 0.021242
7 0.477174 0.627451 0.013043 0.019608
7 0.494022 0.617647 0.009783 0.016340
7 0.535870 0.620915 0.010870 0.016340
7 0.563587 0.605392 0.014130 0.024510
7 0.578804 0.626634 0.009783 0.014706
7 0.584239 0.616013 0.009783 0.016340
7 0.602174 0.658497 0.008696 0.016340
7 0.626087 0.594771 0.015217 0.022876
7 0.670652 0.591503 0.013043 0.029412
7 0.693478 0.629085 0.010870 0.016340
7 0.706522 0.630719 0.008696 0.013072
7 0.735870 0.617647 0.013043 0.019608
7 0.746739 0.602124 0.015217 0.021242
7 0.767935 0.629085 0.011957 0.019608
7 0.798913 0.638072 0.010870 0.017974
7 0.804891 0.651144 0.018478 0.040850
7 0.839674 0.564542 0.018478 0.037582
7 0.891848 0.631536 0.007609 0.011438
7 0.917391 0.610294 0.015217 0.024510
7 0.967391 0.629085 0.015217 0.022876
7 0.968478 0.597222 0.019565 0.027778
7 1.000543 0.580882 0.014130 0.034314
7 0.167935 0.565359 0.014130 0.022876
7 0.286957 0.598039 0.013043 0.022876
7 0.815217 0.630719 0.008696 0.013072
