7 0.070573 0.404630 0.039062 0.085185
7 0.116667 0.480556 0.040625 0.075926
7 0.131771 0.489815 0.057292 0.088889
7 0.242969 0.402315 0.034896 0.078704
7 0.277083 0.495370 0.039583 0.079630
7 0.439063 0.446759 0.039583 0.075000
7 0.429427 0.512500 0.041146 0.091667
7 0.457813 0.505556 0.043750 0.090741
7 0.614062 0.430093 0.029167 0.062037
7 0.689844 0.436574 0.039062 0.084259
7 0.721615 0.416667 0.040104 0.081481
7 0.886198 0.417593 0.047396 0.090741
7 0.914844 0.450463 0.041146 0.086111
7 0.944010 0.431481 0.045312 0.083333
7 0.942187 0.431481 0.045833 0.087037
