7 0.056667 0.269058 0.068000 0.121076
7 0.262000 0.176009 0.012000 0.024664
7 0.294667 0.216368 0.045333 0.087444
7 0.243333 0.325112 0.014667 0.031390
7 1.004667 0.571749 0.020000 0.040359
7 0.950667 0.575112 0.018667 0.038117
7 0.854667 0.578475 0.024000 0.040359
7 0.809333 0.571749 0.018667 0.040359
7 0.698667 0.539238 0.032000 0.056054
7 0.558000 0.460762 0.041333 0.073991
7 0.500667 0.664798 0.022667 0.051570
7 0.599333 0.538117 0.033333 0.058296
7 0.532000 0.664798 0.016000 0.038117
7 0.474667 0.514574 0.016000 0.033632
7 0.872667 0.364350 0.046667 0.087444
7 0.660667 0.285874 0.046667 0.069507
7 0.441333 0.270179 0.040000 0.069507
7 0.332000 0.261211 0.053333 0.082960
7 0.330000 0.658072 0.022667 0.038117
7 0.233333 0.549327 0.016000 0.031390
7 0.248000 0.487668 0.018667 0.038117
7 0.136667 0.536996 0.017333 0.033632
7 0.136667 0.473094 0.017333 0.040359
7 0.124000 0.348655 0.016000 0.033632
7 0.314000 0.393498 0.046667 0.132287
7 0.606667 0.631166 0.018667 0.033632
