7 0.083704 0.695000 0.010370 0.006667
7 0.017778 0.704583 0.011852 0.007500
7 -0.001481 0.714167 0.035556 0.023333
7 0.172593 0.707500 0.037037 0.025000
7 0.241481 0.698750 0.011852 0.007500
7 0.240741 0.699167 0.013333 0.008333
7 0.285185 0.715417 0.025185 0.017500
7 0.338519 0.707500 0.013333 0.008333
7 0.312593 0.701667 0.014815 0.008333
7 0.450370 0.705417 0.014815 0.009167
7 0.483704 0.700417 0.016296 0.010833
7 0.398519 0.700000 0.014815 0.010000
7 0.411111 0.706667 0.019259 0.013333
7 0.405185 0.711250 0.028148 0.017500
7 0.574074 0.705833 0.016296 0.011667
7 0.605926 0.711667 0.017778 0.010000
7 0.660000 0.707500 0.019259 0.010000
7 0.709630 0.712083 0.017778 0.010833
7 0.752593 0.715000 0.011852 0.008333
7 0.747407 0.719167 0.013333 0.010000
7 0.733333 0.716250 0.020741 0.012500
7 0.796296 0.707083 0.028148 0.015833
7 0.854815 0.717917 0.011852 0.007500
7 0.903704 0.723333 0.011852 0.008333
7 0.948889 0.716667 0.016296 0.010000
7 0.995556 0.784583 0.023704 0.015833
7 0.633333 0.713333 0.010370 0.006667
