7 0.773333 0.764881 0.008889 0.014881
7 0.745000 0.802827 0.010000 0.016369
7 0.680000 0.779762 0.011111 0.017857
7 0.667778 0.795387 0.011111 0.013393
7 0.588889 0.789435 0.011111 0.013393
7 0.682778 0.749256 0.007778 0.010417
7 0.608333 0.718006 0.005556 0.007440
7 0.617778 0.700893 0.006667 0.008929
7 0.681667 0.707589 0.005556 0.007440
7 0.664444 0.735863 0.020000 0.043155
7 0.633889 0.668899 0.005556 0.007440
7 0.653889 0.688244 0.005556 0.007440
7 0.592778 0.668899 0.005556 0.007440
7 0.520000 0.682292 0.006667 0.010417
7 0.528889 0.686012 0.004444 0.005952
7 0.501667 0.683780 0.005556 0.007440
7 0.483889 0.703869 0.007778 0.008929
7 0.465000 0.715774 0.005556 0.008929
7 0.444444 0.708333 0.006667 0.008929
7 0.428333 0.732887 0.014444 0.055060
7 0.403889 0.704613 0.005556 0.007440
7 0.391667 0.709821 0.005556 0.008929
7 0.369444 0.718750 0.005556 0.008929
7 0.359444 0.722470 0.007778 0.010417
7 0.335556 0.721726 0.006667 0.008929
7 0.316667 0.721726 0.006667 0.011905
7 0.315556 0.736607 0.006667 0.008929
7 0.321111 0.781994 0.008889 0.010417
7 0.306111 0.741815 0.007778 0.010417
7 0.292222 0.739583 0.006667 0.008929
7 0.196667 0.738839 0.004444 0.007440
7 0.210000 0.771577 0.013333 0.058036
7 0.225000 0.740327 0.007778 0.010417
7 0.236111 0.745536 0.005556 0.008929
7 0.088889 0.709821 0.013333 0.017857
7 0.126111 0.749256 0.014444 0.019345
7 0.153889 0.750744 0.010000 0.013393
7 0.418889 0.677083 0.004444 0.005952
7 0.449444 0.664435 0.003333 0.004464
7 0.596667 0.622024 0.004444 0.005952
7 0.605556 0.669643 0.004444 0.005952
7 0.642778 0.705357 0.005556 0.008929
7 0.630556 0.717262 0.005556 0.008929
7 0.683333 0.690476 0.006667 0.008929
7 0.532222 0.798363 0.006667 0.010417
7 0.463889 0.825149 0.010000 0.013393
7 0.536111 0.841518 0.012222 0.016369
7 0.792222 0.587798 0.004444 0.005952
7 0.758333 0.610863 0.012222 0.025298
