7 0.071692 0.623618 0.043936 0.088456
7 0.098264 0.927466 0.085504 0.125608
7 0.144962 0.759177 0.056301 0.109244
7 0.157459 0.645290 0.051828 0.092879
7 0.283083 0.600840 0.031044 0.059708
7 0.375164 0.608359 0.023678 0.040248
7 0.428045 0.589120 0.023678 0.041575
7 0.415680 0.565458 0.012628 0.021672
7 0.464220 0.573198 0.014996 0.028306
7 0.475401 0.563025 0.011576 0.020345
7 0.501447 0.561035 0.007366 0.017249
7 0.516180 0.562141 0.007366 0.014153
7 0.528545 0.558160 0.008419 0.019460
7 0.541436 0.563025 0.009471 0.018576
7 0.487898 0.555064 0.005525 0.011499
7 0.554722 0.586245 0.012891 0.026095
7 0.571034 0.582486 0.012891 0.028306
7 0.540910 0.600177 0.016838 0.041575
7 0.587214 0.626272 0.017890 0.042459
7 0.606946 0.629146 0.016838 0.034056
7 0.599974 0.559708 0.011839 0.019018
7 0.622599 0.589341 0.012365 0.026979
7 0.640358 0.576736 0.018942 0.037152
7 0.820574 0.612782 0.029992 0.050862
7 0.585372 0.823972 0.084188 0.155683
7 0.066561 0.610792 0.022626 0.037152
