7 -0.044444 0.263542 0.076389 0.110417
7 0.113889 0.026562 0.063889 0.096875
7 0.193403 0.007812 0.065972 0.080208
7 0.264931 0.091146 0.052083 0.134375
7 0.332986 0.059896 0.056250 0.123958
7 0.439583 0.057813 0.059722 0.115625
7 0.524653 0.047917 0.056250 0.106250
7 0.620139 0.036458 0.068056 0.102083
7 0.705556 -0.034375 0.061111 0.083333
7 0.782639 0.071354 0.059722 0.115625
7 0.909028 0.030729 0.066667 0.115625
7 0.724306 0.210417 0.073611 0.139583
7 0.875694 0.173958 0.063889 0.127083
7 1.060069 0.087500 0.092361 0.129167
7 0.221528 0.431250 0.081944 0.164583
7 0.125694 0.703646 0.094444 0.194792
7 0.386806 0.464583 0.072222 0.137500
7 0.488542 0.456771 0.075694 0.140625
7 0.392708 0.719271 0.078472 0.153125
7 0.501042 0.635417 0.096528 0.189583
7 0.177083 0.142708 0.073611 0.141667
