7 0.132500 0.607880 0.012500 0.018762
7 0.205000 0.616323 0.010000 0.016886
7 0.241250 0.599437 0.015000 0.028143
7 0.258750 0.607880 0.015000 0.026266
7 0.285625 0.582552 0.018750 0.031895
7 0.315625 0.545028 0.023750 0.043152
7 0.368750 0.603189 0.015000 0.028143
7 0.398750 0.582552 0.017500 0.028143
7 0.418750 0.555347 0.027500 0.037523
7 0.533125 0.584428 0.016250 0.028143
7 0.593750 0.516886 0.025000 0.046904
7 0.668125 0.400563 0.063750 0.103189
7 0.841250 0.493433 0.032500 0.048780
7 0.868750 0.487805 0.035000 0.052533
