7 0.017083 0.830370 0.037500 0.069630
7 0.082500 0.875556 0.035000 0.080000
7 0.109583 0.851852 0.045833 0.088889
7 0.153333 0.842963 0.046667 0.094815
7 0.202917 0.813333 0.034167 0.074074
7 0.282083 0.814815 0.034167 0.068148
7 0.286250 0.854815 0.034167 0.065185
7 0.326667 0.845185 0.038333 0.078519
7 0.349583 0.774815 0.039167 0.071111
7 0.432500 0.810370 0.035000 0.077037
7 0.465833 0.851111 0.043333 0.081481
7 0.561250 0.828889 0.055833 0.117037
7 0.605833 0.802222 0.041667 0.084444
7 0.710417 0.797037 0.030833 0.071111
7 0.855417 0.798519 0.044167 0.082963
7 0.926667 0.837037 0.033333 0.068148
7 1.000417 0.808148 0.029167 0.072593
7 0.950417 0.655556 0.014167 0.031111
7 0.937500 0.624444 0.020000 0.037037
7 0.890833 0.652593 0.015000 0.034074
7 0.864167 0.636296 0.013333 0.028148
7 0.844167 0.657037 0.015000 0.028148
7 0.803750 0.657037 0.015833 0.031111
7 0.792083 0.657778 0.010833 0.023704
7 0.767083 0.669630 0.014167 0.026667
7 0.736250 0.682963 0.010833 0.020741
7 0.726250 0.671852 0.014167 0.028148
7 0.699167 0.674074 0.013333 0.023704
7 0.657083 0.676296 0.010833 0.025185
7 0.617917 0.677778 0.010833 0.022222
7 0.605000 0.693333 0.010000 0.020741
7 0.582500 0.696296 0.010000 0.020741
7 0.573750 0.694074 0.009167 0.016296
7 0.551250 0.703704 0.007500 0.020741
7 0.519583 0.708889 0.010833 0.019259
7 0.499583 0.708889 0.005833 0.013333
7 0.475000 0.732593 0.006667 0.016296
7 0.489167 0.731111 0.008333 0.016296
7 0.457083 0.732593 0.005833 0.010370
7 0.441667 0.725185 0.008333 0.016296
7 0.419167 0.741481 0.010000 0.019259
