7 -0.003077 0.503661 0.033846 0.061715
7 0.045000 0.460251 0.019231 0.027197
7 0.121923 0.489017 0.019231 0.028243
7 0.186538 0.480126 0.017692 0.027197
7 0.239231 0.472803 0.032308 0.046025
7 0.366154 0.472280 0.036923 0.051255
7 0.275000 0.472280 0.014615 0.021967
7 0.308846 0.472803 0.017692 0.027197
7 0.389231 0.482741 0.015385 0.026151
7 0.434615 0.470188 0.015385 0.026151
7 0.461538 0.476987 0.012308 0.023013
7 0.480385 0.480649 0.013077 0.024059
7 0.509231 0.459728 0.013846 0.019874
7 0.509615 0.472280 0.014615 0.026151
7 0.538077 0.480126 0.014615 0.025105
7 0.595385 0.479079 0.013846 0.020921
7 0.654615 0.656904 0.024615 0.037657
7 0.621538 0.419979 0.024615 0.042887
7 0.659231 0.459205 0.015385 0.025105
7 0.696923 0.482218 0.029231 0.046025
7 0.755000 0.459728 0.013077 0.021967
7 0.799615 0.458159 0.016154 0.023013
7 0.807308 0.452406 0.016154 0.021967
7 0.866154 0.475941 0.026154 0.041841
7 0.935769 0.467050 0.013077 0.019874
