7 0.972168 0.455485 0.059570 0.087440
7 0.791504 0.392687 0.047852 0.089030
7 0.656738 0.302862 0.045898 0.093800
7 0.461914 0.294913 0.052734 0.087440
7 0.588867 0.222576 0.050781 0.111288
7 0.372559 0.252782 0.041992 0.095390
7 0.249512 0.317170 0.063477 0.093800
7 0.130371 0.193959 0.043945 0.085851
7 0.235840 0.218601 0.057617 0.087440
7 -0.032227 0.310811 0.056641 0.100159
7 0.364258 0.149444 0.042969 0.098569
7 0.356445 0.031002 0.035156 0.062003
7 0.484375 0.108903 0.039062 0.093800
7 0.560547 0.015103 0.046875 0.065183
7 0.708008 0.137520 0.050781 0.100159
7 0.835938 0.216216 0.050781 0.079491
7 1.026855 0.096979 0.040039 0.060413
7 0.938477 0.027027 0.041016 0.066773
7 0.862305 0.007949 0.029297 0.041335
7 0.829590 0.021463 0.036133 0.058824
7 0.734375 0.016693 0.035156 0.049285
7 0.684082 0.100954 0.038086 0.077901
7 0.660645 0.054849 0.036133 0.071542
7 0.541504 -0.116057 0.030273 0.044515
