7 0.986875 0.538100 0.013750 0.022578
7 0.866250 0.545626 0.007500 0.011289
7 0.866250 0.546096 0.008750 0.012230
7 0.686562 0.556444 0.008125 0.012230
7 0.603750 0.571966 0.008750 0.013170
7 0.589063 0.573848 0.004375 0.007526
7 0.563750 0.572437 0.008750 0.014111
7 0.488438 0.473189 0.034375 0.060207
7 0.435312 0.584666 0.003125 0.006585
7 0.412813 0.587959 0.003125 0.003763
7 0.389062 0.579022 0.008125 0.014111
7 0.355938 0.578081 0.008125 0.014111
7 0.337500 0.586077 0.006250 0.011289
7 0.329375 0.584196 0.006250 0.009407
7 0.304375 0.590310 0.006250 0.010348
7 0.291875 0.593133 0.005000 0.008467
7 0.263125 0.609595 0.012500 0.020696
7 0.242188 0.589370 0.008125 0.014111
7 0.225000 0.593603 0.007500 0.013170
7 0.199063 0.561618 0.013125 0.022578
7 0.167500 0.506585 0.036250 0.053622
7 0.136563 0.505644 0.036875 0.057385
7 0.097812 0.579022 0.005625 0.008467
7 0.089688 0.588429 0.008125 0.012230
7 0.049375 0.588899 0.008750 0.011289
7 0.013125 0.594073 0.008750 0.014111
7 0.003438 0.583725 0.008125 0.014111
