7 0.061035 0.578331 0.004883 0.008785
7 0.040039 0.578331 0.005859 0.008785
7 0.026855 0.561493 0.004883 0.007321
7 0.040039 0.593704 0.005859 0.010249
7 0.016113 0.595900 0.006836 0.011713
7 0.187500 0.658858 0.017578 0.035139
7 0.287109 0.515373 0.035156 0.049780
7 0.304688 0.527818 0.023438 0.039531
7 0.361816 0.516105 0.024414 0.036603
7 0.394043 0.535871 0.028320 0.046852
7 0.411621 0.526354 0.020508 0.036603
7 0.438965 0.540996 0.030273 0.057101
7 0.458984 0.533675 0.017578 0.030747
7 0.485352 0.525622 0.031250 0.049780
7 0.489258 0.512445 0.033203 0.061493
7 0.519531 0.527818 0.015625 0.036603
7 0.547852 0.515373 0.025391 0.049780
7 0.578613 0.513177 0.022461 0.036603
7 0.627930 0.496340 0.039062 0.067350
7 0.661621 0.546852 0.030273 0.048316
7 0.671875 0.525622 0.019531 0.029283
7 0.707031 0.521230 0.029297 0.046852
7 0.745605 0.517570 0.038086 0.054173
7 0.785156 0.550512 0.029297 0.046852
7 0.785645 0.515373 0.024414 0.040996
7 0.826660 0.548316 0.030273 0.048316
7 0.906738 0.530747 0.045898 0.051245
