7 0.732653 0.556068 0.046939 0.064516
7 0.517347 0.543779 0.040816 0.070661
7 0.402551 0.549155 0.062245 0.087558
7 0.255102 0.529186 0.034694 0.062980
7 0.146939 0.536866 0.042857 0.072197
7 0.148980 0.534562 0.038776 0.067588
7 0.259694 0.426267 0.013265 0.023041
7 0.375000 0.493088 0.015306 0.024578
7 0.423980 0.524578 0.023469 0.044547
7 0.497959 0.500768 0.022449 0.036866
7 0.558673 0.531490 0.029592 0.055300
7 0.689286 0.473118 0.011224 0.018433
7 0.758163 0.556068 0.022449 0.043011
7 0.765306 0.510753 0.008163 0.016897
7 0.791327 0.496160 0.009184 0.015361
7 0.925000 0.532258 0.013265 0.023041
7 0.978571 0.500000 0.012245 0.019969
7 0.953061 0.531490 0.014286 0.021505
7 0.997959 0.541475 0.014286 0.026114
