7 0.270020 0.599609 0.061523 0.105469
7 0.426270 0.604818 0.055664 0.097656
7 0.508301 0.616536 0.051758 0.089844
7 0.579102 0.582682 0.056641 0.089844
7 0.676270 0.600260 0.059570 0.093750
7 0.805664 0.603516 0.066406 0.105469
7 0.111816 0.339193 0.059570 0.082031
7 0.215332 0.347656 0.051758 0.078125
7 0.341309 0.298828 0.053711 0.087240
7 0.443359 0.294271 0.050781 0.085938
7 0.542969 0.335938 0.048828 0.083333
7 0.649902 0.352214 0.049805 0.074219
7 0.714355 0.343750 0.047852 0.078125
7 0.840332 0.311198 0.063477 0.096354
7 0.029297 0.425130 0.011719 0.014323
