7 0.870385 0.393606 0.163846 0.227463
7 0.599231 0.368973 0.084615 0.140461
7 0.453846 0.254193 0.069231 0.112159
7 0.417308 0.301887 0.028462 0.048218
7 0.369615 0.331761 0.028462 0.055556
7 0.331538 0.327568 0.030769 0.051363
7 0.303462 0.426101 0.016154 0.026205
7 0.575385 0.268868 0.044615 0.078616
7 0.678846 0.328616 0.039231 0.055556
7 0.732308 0.354822 0.016923 0.026205
7 0.970769 0.399371 0.018462 0.027254
7 0.990000 0.393082 0.016923 0.027254
7 0.786154 0.345912 0.036923 0.054507
7 0.313462 0.344340 0.014615 0.022013
7 0.836538 0.384696 0.099231 0.184486
