7 0.043878 0.101633 0.020408 0.050817
7 -0.006122 0.048094 0.022449 0.041742
7 0.133673 0.099819 0.067347 0.156080
7 0.198469 0.127042 0.025510 0.058076
7 0.189286 0.000000 0.019388 0.039927
7 0.242347 0.010889 0.021429 0.036298
7 0.288265 -0.000907 0.021429 0.038113
7 0.318878 0.037205 0.023469 0.052632
7 0.317347 0.090744 0.024490 0.043557
7 0.270408 0.137931 0.065306 0.145191
7 0.376531 0.144283 0.063265 0.150635
7 0.483163 0.156987 0.058163 0.128857
7 0.557143 0.129764 0.051020 0.136116
7 0.596429 0.216878 0.062245 0.154265
7 0.696429 0.165154 0.060204 0.152450
7 0.803571 0.090744 0.066327 0.152450
7 0.436224 0.450091 0.058163 0.137931
7 0.435714 0.451906 0.059184 0.134301
7 0.503061 0.483666 0.065306 0.154265
7 0.318367 0.042650 0.022449 0.045372
7 0.440816 -0.137931 0.020408 0.039927
7 0.500000 0.000907 0.024490 0.045372
7 0.540306 -0.033575 0.027551 0.045372
7 0.612755 -0.039020 0.025510 0.041742
7 0.797449 -0.054446 0.029592 0.054446
7 0.867857 -0.090744 0.019388 0.032668
7 0.948980 0.234120 0.032653 0.068966
7 0.930612 0.006352 0.026531 0.034483
7 0.909184 0.061706 0.020408 0.043557
7 0.643878 -0.049002 0.024490 0.047187
