7 0.136667 0.211250 0.060000 0.102500
7 0.213333 0.185000 0.050000 0.090000
7 0.343333 0.185000 0.053333 0.105000
7 0.450833 0.140000 0.048333 0.100000
7 0.578333 0.137500 0.050000 0.100000
7 0.700000 0.152500 0.046667 0.100000
7 0.801667 0.216250 0.050000 0.102500
7 0.909167 0.186250 0.058333 0.107500
7 0.860000 0.388750 0.056667 0.112500
7 0.727500 0.381250 0.055000 0.107500
7 0.579167 0.381250 0.055000 0.107500
7 0.453333 0.410000 0.043333 0.100000
7 0.340000 0.422500 0.053333 0.095000
7 0.218333 0.422500 0.056667 0.110000
7 0.114167 0.370000 0.058333 0.110000
