7 0.792683 0.222500 0.058537 0.125000
7 0.718902 0.276250 0.042683 0.107500
7 0.687805 0.468750 0.041463 0.112500
7 0.654268 0.235000 0.037805 0.100000
7 0.621951 0.237500 0.034146 0.085000
7 0.548780 0.223750 0.026829 0.067500
7 0.581707 0.281250 0.031707 0.082500
7 0.543902 0.286250 0.029268 0.087500
7 0.492073 0.403750 0.035366 0.092500
7 0.490854 0.282500 0.030488 0.085000
7 0.469512 0.232500 0.029268 0.060000
7 0.406098 0.257500 0.029268 0.070000
7 0.376220 0.242500 0.030488 0.070000
7 0.349390 0.243750 0.032927 0.077500
7 0.262195 0.230000 0.034146 0.090000
7 0.211585 0.268750 0.045122 0.107500
7 0.251829 0.466250 0.047561 0.122500
7 0.321341 0.487500 0.040244 0.105000
7 0.392073 0.451250 0.037805 0.092500
7 0.426829 0.312500 0.034146 0.090000
7 0.296951 0.277500 0.035366 0.085000
7 0.356098 0.316250 0.036585 0.087500
7 0.923171 0.237500 0.007317 0.015000
7 0.940244 0.253750 0.007317 0.017500
7 0.754268 0.250000 0.006098 0.015000
