7 0.173182 0.520194 0.030000 0.048465
7 0.152727 0.479806 0.038182 0.054927
7 0.332727 0.562197 0.027273 0.051696
7 0.440000 0.333603 0.023636 0.056543
7 0.490909 0.261712 0.038182 0.051696
7 0.571818 0.265751 0.025455 0.046850
7 0.522273 0.349758 0.020909 0.043619
7 0.529545 0.471729 0.024545 0.051696
7 0.653636 0.584006 0.027273 0.053312
7 0.925455 0.434572 0.025455 0.054927
7 0.910455 0.440226 0.037273 0.050081
7 0.986818 0.106624 0.019091 0.048465
7 0.946818 0.033926 0.020909 0.042003
7 0.870455 0.111470 0.019091 0.048465
7 0.918182 -0.132472 0.025455 0.045234
7 0.971364 -0.131664 0.022727 0.037157
7 0.848182 0.038772 0.020000 0.048465
7 0.814545 0.110662 0.021818 0.053312
7 0.751364 0.112278 0.019091 0.046850
7 0.777727 0.028271 0.019091 0.033926
7 0.703636 0.116317 0.018182 0.048465
7 0.725455 0.033118 0.018182 0.040388
7 0.665000 0.027464 0.022727 0.038772
7 0.650909 0.114701 0.020000 0.051696
7 0.639545 -0.031502 0.015455 0.027464
7 0.615909 0.035541 0.019091 0.042003
7 0.601364 0.121971 0.019091 0.046850
7 0.564091 0.035541 0.022727 0.045234
7 0.558182 0.116317 0.018182 0.032310
7 0.500909 0.113893 0.021818 0.050081
7 0.510000 0.045234 0.021818 0.048465
7 0.510000 0.045234 0.021818 0.048465
7 0.456364 0.042003 0.054545 0.084006
7 0.439091 0.034733 0.021818 0.043619
7 0.448182 0.101777 0.020000 0.045234
7 0.394091 0.119548 0.017273 0.048465
7 0.379545 -0.012116 0.017273 0.027464
7 0.312727 0.051696 0.018182 0.042003
7 0.338182 0.116317 0.020000 0.042003
7 0.275000 0.121971 0.020909 0.046850
7 0.195455 0.108239 0.021818 0.051696
7 0.191818 0.029079 0.020000 0.042003
7 0.119091 0.028271 0.021818 0.046850
7 0.136364 0.114701 0.021818 0.045234
7 0.080000 0.111470 0.021818 0.051696
7 0.242727 0.072698 0.052727 0.161551
7 0.020455 0.102585 0.020909 0.043619
7 0.933636 0.122779 0.020000 0.045234
