7 0.197750 0.460112 0.022000 0.034831
7 0.069625 0.481648 0.028750 0.029963
7 0.277750 0.476217 0.006500 0.011610
7 0.318625 0.463296 0.009250 0.014981
7 0.344250 0.469850 0.010000 0.016105
7 0.374250 0.473034 0.008500 0.013483
7 0.383125 0.473408 0.009750 0.016479
7 0.303250 0.476030 0.007500 0.011236
7 0.271000 0.480712 0.005500 0.010112
7 0.032625 0.485768 0.009750 0.013483
7 0.252375 0.478652 0.003750 0.005993
7 0.283875 0.480524 0.005250 0.008989
7 0.349625 0.475655 0.004750 0.008989
7 0.357375 0.473221 0.003250 0.005618
