7 0.210976 0.228750 0.095122 0.207500
7 0.209756 0.227500 0.097561 0.205000
7 0.384146 0.313750 0.078049 0.202500
7 0.437805 0.283750 0.068293 0.162500
7 0.596341 0.273750 0.095122 0.197500
7 0.520732 0.276250 0.060976 0.162500
7 0.175610 0.236250 0.063415 0.142500
7 0.325000 0.225000 0.071951 0.185000
7 0.385976 0.310000 0.067073 0.190000
7 0.675610 0.297500 0.053659 0.145000
7 0.871341 0.252500 0.081707 0.155000
7 0.910366 0.325000 0.076829 0.200000
7 0.826829 0.295000 0.056098 0.155000
7 0.733537 0.261250 0.084146 0.197500
7 0.732927 0.242500 0.080488 0.170000
