7 0.002492 0.741150 0.011628 0.017699
7 0.110465 0.735619 0.014950 0.024336
7 0.161960 0.725664 0.014950 0.017699
7 0.182724 0.735619 0.009967 0.015487
7 0.205150 0.728982 0.011628 0.015487
7 0.338040 0.733407 0.008306 0.011062
7 0.361296 0.773230 0.028239 0.077434
7 0.315615 0.762168 0.019934 0.077434
7 0.485880 0.736726 0.018272 0.022124
7 0.523256 0.747788 0.013289 0.026549
7 0.585548 0.766593 0.021595 0.033186
7 0.648671 0.766593 0.021595 0.028761
7 0.708472 0.752212 0.011628 0.013274
7 0.753322 0.751106 0.014950 0.024336
7 0.882060 0.733407 0.019934 0.028761
7 0.899502 0.730088 0.011628 0.017699
7 0.931894 0.732301 0.013289 0.022124
7 0.965116 0.741150 0.013289 0.022124
7 0.990033 0.723451 0.013289 0.017699
7 1.000000 0.734513 0.013289 0.017699
