7 0.043664 0.429167 0.039384 0.048333
7 0.138699 0.395000 0.041096 0.046667
7 0.159247 0.411667 0.034247 0.040000
7 0.299658 0.430833 0.034247 0.038333
7 0.362158 0.417500 0.032534 0.045000
7 0.365582 0.416667 0.035959 0.046667
7 0.437500 0.265833 0.063356 0.075000
7 0.506849 0.437500 0.037671 0.045000
7 0.594178 0.428333 0.030822 0.043333
7 0.667808 0.442500 0.034247 0.048333
7 0.735445 0.452500 0.029110 0.028333
7 0.772260 0.435833 0.037671 0.051667
7 0.842466 0.408333 0.041096 0.056667
7 0.904110 0.405000 0.044521 0.056667
7 0.978596 0.415833 0.042808 0.048333
