7 0.735566 0.716906 0.170901 0.107194
7 0.814088 0.714029 0.113164 0.107194
7 0.396074 0.782734 0.187067 0.113669
7 -0.043303 0.625180 0.118938 0.094964
7 0.104503 0.523741 0.107390 0.087770
7 0.914550 0.531655 0.096998 0.071942
7 0.930716 0.517986 0.073903 0.064748
7 0.766166 0.515468 0.091224 0.065468
7 0.622402 0.506475 0.073903 0.064748
7 0.286952 0.488489 0.095843 0.073381
7 0.468822 0.448201 0.078522 0.060432
7 0.163972 0.374460 0.064665 0.055396
7 0.349307 0.389928 0.054273 0.043165
7 0.534642 0.374101 0.057737 0.040288
7 0.789838 0.457194 0.076212 0.061151
7 0.923210 0.426259 0.061201 0.053957
7 0.668014 0.443525 0.063510 0.062590
7 0.727483 0.406115 0.069284 0.052518
7 0.890300 0.365827 0.050808 0.045324
7 0.778868 0.382374 0.051963 0.045324
7 0.944573 0.383094 0.048499 0.035252
7 0.849307 0.358993 0.042725 0.034532
7 0.751732 0.365468 0.053118 0.038849
7 0.819861 0.346043 0.050808 0.041727
7 0.843533 0.291367 0.061201 0.031655
7 0.721132 0.328777 0.042725 0.033094
7 0.615473 0.331655 0.050808 0.040288
7 0.553695 0.330935 0.056582 0.037410
7 0.451501 0.370863 0.057737 0.039568
7 0.326790 0.370144 0.050808 0.036691
7 0.131640 0.349640 0.064665 0.048921
7 0.057159 0.341727 0.049654 0.046043
7 0.060046 0.312590 0.055427 0.042446
7 0.276559 0.359712 0.042725 0.030216
7 0.535797 0.325899 0.043880 0.030216
7 0.461894 0.340288 0.039261 0.030216
7 0.297921 0.317626 0.046189 0.033813
7 0.251732 0.330216 0.048499 0.031655
7 0.041570 0.304676 0.046189 0.033813
7 0.517321 0.298561 0.046189 0.034532
7 0.689954 0.316906 0.042725 0.030935
7 0.261547 0.303957 0.045035 0.035252
