7 0.829102 0.186676 0.082031 0.139092
7 0.727539 0.169107 0.046875 0.086384
7 0.689453 0.160322 0.029297 0.054173
7 0.990234 0.530747 0.132812 0.300146
7 0.946777 0.423865 0.051758 0.077599
7 0.609375 0.166911 0.033203 0.049780
7 0.554688 0.081991 0.031250 0.058565
7 0.496094 0.333821 0.054688 0.096633
7 0.493652 0.206442 0.049805 0.093704
7 0.423828 0.146413 0.058594 0.096633
7 0.297363 0.174231 0.034180 0.052709
7 0.189453 0.161054 0.076172 0.152269
7 0.223145 0.124451 0.051758 0.105417
7 0.211426 0.518302 0.219727 0.371889
