7 0.059771 0.646972 0.096674 0.106352
7 0.270790 0.873708 0.077963 0.155096
7 0.519751 0.665436 0.066528 0.146233
7 0.733888 0.807238 0.072765 0.125554
7 0.953222 0.756278 0.079002 0.135894
7 0.919439 0.663959 0.059252 0.116691
7 0.833160 0.531758 0.059252 0.085672
7 0.952703 0.521418 0.061331 0.088626
7 0.933992 0.350812 0.044699 0.087149
7 1.003638 0.316100 0.040541 0.067947
7 0.920478 0.295421 0.038462 0.073855
7 0.942308 0.303545 0.030146 0.048744
7 0.957380 0.273264 0.039501 0.059084
7 1.000520 0.211226 0.036383 0.064993
7 0.975052 0.175037 0.033264 0.060561
7 0.918919 0.193501 0.037422 0.062038
7 0.833680 0.463811 0.039501 0.073855
7 0.835759 0.357459 0.045738 0.088626
7 0.848753 0.211226 0.034304 0.062038
7 0.621622 0.658789 0.068607 0.103397
7 0.652807 0.570162 0.062370 0.115214
7 0.710499 0.536928 0.053015 0.090103
7 0.502079 0.621861 0.068607 0.109306
7 0.235967 0.837518 0.095634 0.144756
7 0.246362 0.680207 0.072765 0.101920
7 0.262994 0.644018 0.056133 0.094535
7 0.135135 0.546529 0.047817 0.097489
7 0.120062 0.451994 0.050936 0.076809
7 0.225052 0.420975 0.046778 0.088626
7 0.136175 0.389956 0.045738 0.073855
7 0.090437 0.346381 0.047817 0.072378
7 0.015593 0.432792 0.041580 0.082718
7 0.026507 0.293944 0.046778 0.073855
7 0.041580 0.252585 0.043659 0.073855
7 0.151247 0.196455 0.032225 0.050222
7 0.259875 0.290251 0.031185 0.060561
7 0.407484 0.459380 0.051975 0.100443
7 0.475572 0.477843 0.055094 0.098966
7 0.581601 0.471935 0.050936 0.093058
7 0.682432 0.343427 0.042620 0.087149
7 0.573285 0.292467 0.050936 0.070901
7 0.462058 0.316839 0.042620 0.075332
7 0.497921 0.419498 0.041580 0.076809
7 0.423597 0.396603 0.055094 0.096012
7 0.380457 0.395126 0.037422 0.078287
7 0.355509 0.344904 0.041580 0.078287
7 0.363306 0.303545 0.036383 0.069424
7 0.405405 0.330133 0.031185 0.060561
7 0.780665 0.320532 0.035343 0.073855
7 0.746881 0.275480 0.038462 0.072378
7 0.898129 0.158050 0.029106 0.059084
7 0.384615 0.097489 0.033264 0.050222
7 0.339397 0.118907 0.028067 0.048744
7 0.515073 0.204579 0.036383 0.063516
7 0.567568 0.214919 0.033264 0.066470
7 0.095634 0.160266 0.033264 0.060561
7 0.366424 0.217873 0.032225 0.060561
7 0.351871 0.152142 0.030146 0.056130
7 0.388254 0.166913 0.023909 0.047267
7 0.385135 0.263663 0.034304 0.063516
7 0.412162 0.228951 0.030146 0.050222
7 0.458940 0.196455 0.032225 0.050222
7 0.575364 0.333826 0.055094 0.073855
7 0.541580 0.284343 0.031185 0.063516
7 0.248441 0.347120 0.039501 0.076809
