7 0.053711 0.281938 0.037109 0.064611
7 0.122559 0.300294 0.032227 0.060206
7 0.195312 0.313510 0.033203 0.063142
7 0.266113 0.276065 0.036133 0.058737
7 0.360840 0.392070 0.038086 0.070485
7 0.463867 0.371512 0.041016 0.076358
7 0.557617 0.403084 0.035156 0.071953
7 0.666504 0.411894 0.040039 0.077827
7 0.806641 0.331865 0.039062 0.067548
7 0.885742 0.313510 0.035156 0.066079
7 0.870605 0.361968 0.032227 0.066079
7 0.930176 0.352423 0.032227 0.061674
7 0.452148 0.234949 0.037109 0.064611
7 0.501465 0.276799 0.034180 0.069016
7 0.553223 0.241557 0.040039 0.071953
7 0.622559 0.233480 0.036133 0.061674
