7 0.802778 0.642063 0.087778 0.268254
7 0.854444 0.553175 0.061111 0.192063
7 0.960278 0.357143 0.030556 0.098413
7 0.820556 0.245238 0.051111 0.147619
7 0.885833 0.258730 0.013889 0.041270
7 0.743889 0.319048 0.025556 0.092063
7 0.686111 0.312698 0.021111 0.076190
7 0.652500 0.316667 0.021667 0.061905
7 0.604444 0.307937 0.018889 0.066667
7 0.554167 0.437302 0.048333 0.147619
7 0.435556 0.491270 0.060000 0.198413
7 0.044167 0.519841 0.066111 0.214286
7 0.143333 0.473810 0.054444 0.153968
7 0.190556 0.393651 0.032222 0.101587
7 0.096667 0.352381 0.033333 0.111111
7 0.031111 0.175397 0.024444 0.068254
7 0.096944 0.200000 0.023889 0.073016
7 0.285556 0.323016 0.022222 0.080952
7 0.358611 0.395238 0.036111 0.149206
7 0.351389 0.238889 0.030556 0.096825
7 0.323611 0.180159 0.033889 0.093651
7 0.447778 0.194444 0.032222 0.112698
7 0.553333 0.168254 0.035556 0.101587
7 0.479722 0.303175 0.020556 0.066667
7 0.418333 0.208730 0.007778 0.026984
7 0.485556 0.200794 0.010000 0.030159
7 0.516111 0.190476 0.008889 0.034921
7 0.502222 0.250794 0.011111 0.038095
7 0.181667 0.217460 0.007778 0.028571
7 0.137500 0.216667 0.007222 0.020635
7 0.948056 0.331746 0.029444 0.104762
7 0.466111 0.419048 0.058889 0.120635
