7 0.109444 0.775348 0.034444 0.067594
7 -0.003333 0.621272 0.013333 0.025845
7 0.047778 0.633201 0.017778 0.033797
7 0.075000 0.561630 0.007778 0.013917
7 0.111111 0.570577 0.006667 0.015905
7 0.103889 0.566600 0.010000 0.015905
7 0.124444 0.569583 0.008889 0.013917
7 0.151111 0.570577 0.006667 0.011928
7 0.148333 0.564612 0.007778 0.015905
7 0.170556 0.547714 0.007778 0.013917
7 0.188333 0.594433 0.018889 0.087475
7 0.195556 0.556660 0.008889 0.015905
7 0.213333 0.545726 0.008889 0.013917
7 0.222222 0.551690 0.006667 0.013917
7 0.218333 0.578529 0.007778 0.015905
7 0.236111 0.546720 0.007778 0.011928
7 0.240000 0.601392 0.015556 0.085487
7 0.253889 0.555666 0.007778 0.017893
7 0.288333 0.567594 0.007778 0.013917
7 0.278889 0.564612 0.008889 0.015905
7 0.351111 0.514911 0.004444 0.007952
7 0.359444 0.522863 0.007778 0.039761
7 0.745000 0.552684 0.016667 0.079523
7 0.762222 0.553678 0.015556 0.077535
7 0.806667 0.512922 0.006667 0.011928
7 0.828333 0.549702 0.023333 0.077535
7 0.847778 0.533797 0.006667 0.009940
7 0.936667 0.533797 0.006667 0.009940
7 0.948889 0.563618 0.015556 0.081511
7 0.121111 0.626243 0.015556 0.027833
