7 0.195833 0.696115 0.006667 0.011278
7 0.192083 0.683584 0.007500 0.011278
7 0.216250 0.643484 0.005833 0.008772
7 0.218750 0.637845 0.007500 0.012531
7 0.248333 0.671053 0.005000 0.011278
7 0.255417 0.642857 0.005833 0.010025
7 0.270833 0.644110 0.006667 0.010025
7 0.287500 0.647243 0.006667 0.011278
7 0.283333 0.644737 0.005000 0.008772
7 0.287917 0.639098 0.005833 0.010025
7 0.338333 0.649749 0.006667 0.011278
7 0.355000 0.654762 0.006667 0.008772
7 0.365000 0.664160 0.006667 0.010025
7 0.412500 0.691103 0.005000 0.006266
7 0.448333 0.689850 0.003333 0.006266
7 0.457500 0.687970 0.005000 0.007519
7 0.471667 0.690476 0.005000 0.007519
7 0.489583 0.644737 0.004167 0.006266
7 0.548333 0.671053 0.005000 0.006266
7 0.595833 0.731203 0.006667 0.008772
7 0.521250 0.785714 0.007500 0.012531
7 0.553750 0.796992 0.007500 0.012531
7 0.460417 0.904762 0.009167 0.015038
7 0.477917 0.889724 0.007500 0.012531
7 0.669167 0.885965 0.006667 0.010025
7 0.698750 0.883459 0.009167 0.015038
7 0.792917 0.817043 0.007500 0.012531
7 0.823750 0.860276 0.007500 0.011278
7 0.890833 0.932957 0.008333 0.013784
7 0.570417 0.695489 0.012500 0.040100
7 0.499167 0.614035 0.003333 0.005013
7 0.495833 0.608396 0.005000 0.006266
7 0.471667 0.606516 0.003333 0.007519
7 0.464167 0.609023 0.003333 0.005013
7 0.454167 0.610276 0.003333 0.005013
7 0.439167 0.605263 0.003333 0.005013
7 0.434167 0.619048 0.008333 0.035088
7 0.356667 0.598997 0.008333 0.030075
7 0.354167 0.597744 0.010000 0.030075
7 0.298333 0.577694 0.003333 0.005013
7 0.344167 0.577694 0.008333 0.030075
7 0.352083 0.566416 0.002500 0.005013
7 0.412500 0.569549 0.003333 0.006266
7 0.281250 0.629073 0.005833 0.007519
