7 0.093988 0.398750 0.066046 0.105000
7 0.286622 0.240000 0.056732 0.107500
7 0.408129 0.420000 0.055885 0.107500
7 0.520745 0.245625 0.088061 0.131250
7 0.925487 0.056875 0.060965 0.113750
7 0.002964 0.266250 0.027942 0.055000
7 0.080017 0.225000 0.026249 0.050000
7 0.146063 0.213125 0.026249 0.041250
7 0.276461 0.161250 0.026249 0.045000
7 0.001693 0.136250 0.027096 0.050000
7 0.061389 0.148125 0.026249 0.051250
7 0.143099 0.102500 0.032176 0.042500
7 0.208721 0.047500 0.027942 0.045000
7 0.288315 0.005625 0.024555 0.036250
7 0.422523 0.064375 0.025402 0.041250
7 0.496613 0.015000 0.026249 0.042500
7 0.628281 0.045000 0.027096 0.045000
7 0.696020 0.032500 0.030483 0.042500
7 0.753175 0.024375 0.026249 0.048750
7 0.818374 -0.001250 0.029636 0.042500
7 0.110500 0.101875 0.024555 0.043750
7 0.131668 0.043125 0.026249 0.041250
7 0.190093 0.011875 0.026249 0.036250
7 0.344200 0.065000 0.026249 0.045000
7 0.289585 0.003750 0.027096 0.040000
7 0.543607 0.085625 0.084674 0.263750
