7 0.023047 0.500694 0.007031 0.012500
7 0.035156 0.532639 0.012500 0.065278
7 0.048438 0.505556 0.006250 0.011111
7 0.057813 0.500694 0.004687 0.009722
7 0.171875 0.533333 0.006250 0.011111
7 0.175391 0.517361 0.007031 0.015278
7 0.255078 0.526389 0.005469 0.008333
7 0.221094 0.520833 0.004687 0.008333
7 0.201172 0.520139 0.005469 0.009722
7 0.319531 0.529861 0.009375 0.018056
7 0.344141 0.531250 0.005469 0.012500
7 0.379688 0.523611 0.009375 0.019444
7 0.748437 0.594444 0.012500 0.027778
7 0.375391 0.700694 0.052344 0.095833
7 0.474219 0.763889 0.051562 0.108333
7 0.632031 0.734028 0.057813 0.106944
7 0.662500 0.925000 0.095312 0.161111
7 0.959375 0.587500 0.015625 0.027778
7 1.001562 0.581250 0.021875 0.051389
7 0.951172 0.811111 0.092969 0.230556
7 0.890234 0.810417 0.049219 0.098611
7 0.923047 0.668056 0.025781 0.055556
