7 0.369400 0.388312 0.111581 0.197403
7 0.181319 0.335065 0.076923 0.155844
7 0.936602 0.148052 0.042265 0.070130
7 0.871513 0.254545 0.050719 0.103896
7 0.718935 0.203896 0.044801 0.093506
7 0.078191 0.157792 0.046492 0.092208
7 0.271767 0.182468 0.026205 0.058442
7 0.397295 0.160390 0.050719 0.100000
7 0.520287 0.192857 0.036348 0.066234
7 0.453931 0.322727 0.033812 0.058442
7 0.649197 0.163636 0.020287 0.036364
7 0.835165 0.221429 0.032122 0.050649
7 0.939560 0.147403 0.046492 0.066234
7 0.806847 0.166883 0.022823 0.048052
7 0.547337 0.218182 0.019442 0.038961
7 0.584531 0.213636 0.021133 0.035065
7 0.434911 0.185065 0.021133 0.042857
7 0.415469 0.198701 0.019442 0.033766
7 0.417160 0.312338 0.029586 0.048052
7 0.177092 0.164935 0.021133 0.038961
7 0.357566 0.196753 0.025359 0.055844
7 0.367287 0.139610 0.026205 0.048052
7 0.743026 0.155195 0.016906 0.027273
7 0.711327 0.194156 0.021133 0.035065
7 0.229501 0.168831 0.009298 0.015584
7 0.226543 0.244156 0.013525 0.025974
7 0.134404 0.181818 0.033812 0.057143
7 0.057481 0.341558 0.023669 0.036364
7 0.052832 0.179870 0.031276 0.055844
7 0.677092 0.211039 0.016906 0.032468
7 0.632713 0.238961 0.016061 0.023377
