7 0.970041 0.440217 0.015496 0.027950
7 0.949380 0.451087 0.013430 0.023292
7 0.919938 0.444488 0.017562 0.027174
7 0.903151 0.446040 0.011880 0.020963
7 0.918905 0.445652 0.015496 0.026398
7 0.842200 0.463509 0.013946 0.021739
7 0.816632 0.438276 0.011364 0.024068
7 0.762138 0.460792 0.011880 0.020963
7 0.757490 0.462345 0.009814 0.017857
7 0.722624 0.449146 0.014463 0.025621
7 0.693182 0.471273 0.009298 0.017081
7 0.548295 0.461180 0.013946 0.023292
7 0.553719 0.453416 0.012397 0.023292
7 0.510847 0.457686 0.018595 0.030280
7 0.463843 0.348991 0.044421 0.072205
7 0.423037 0.449146 0.013430 0.033385
7 0.392820 0.437500 0.023244 0.041149
7 0.378616 0.447593 0.024793 0.042702
7 0.128099 0.465839 0.012397 0.023292
7 0.215909 0.466227 0.012397 0.020963
7 0.222107 0.467391 0.008264 0.020186
7 0.235537 0.473214 0.010331 0.022516
7 0.247417 0.465839 0.014463 0.023292
7 0.250517 0.465450 0.010331 0.022516
7 0.187500 0.421584 0.012397 0.020186
7 0.169421 0.404503 0.011364 0.017081
7 0.123450 0.380435 0.011364 0.020186
7 0.087810 0.359084 0.012397 0.019410
7 0.100723 0.360248 0.011364 0.020186
7 0.108729 0.364907 0.008781 0.015528
7 0.122159 0.365683 0.011880 0.018634
7 0.033574 0.313665 0.011364 0.020186
7 0.043905 0.324534 0.010331 0.015528
