7 0.790000 0.313295 0.050769 0.076301
7 0.726538 0.449133 0.054615 0.084393
7 0.728462 0.358382 0.041538 0.085549
7 0.622692 0.562428 0.040769 0.082081
7 0.623846 0.445087 0.036923 0.071676
7 0.514615 0.605202 0.035385 0.075145
7 0.534615 0.499422 0.043077 0.083237
7 0.524231 0.424855 0.036154 0.063584
7 0.510769 0.360694 0.032308 0.060116
7 0.523846 0.427746 0.035385 0.055491
7 0.411923 0.416763 0.033077 0.061272
7 0.385769 0.464162 0.028462 0.058960
7 0.348846 0.463584 0.031538 0.062428
7 0.374615 0.667052 0.032308 0.057803
7 0.278846 0.640462 0.040769 0.062428
7 0.298462 0.468786 0.035385 0.070520
7 0.231923 0.468786 0.036154 0.068208
7 0.188462 0.506358 0.038462 0.071676
7 0.168846 0.440462 0.036154 0.078613
7 0.466154 0.463006 0.029231 0.061272
