7 0.335294 0.570367 0.002745 0.005156
7 0.305392 0.574613 0.002549 0.003943
7 0.378725 0.583258 0.003333 0.005460
7 0.385882 0.584319 0.002745 0.005156
7 0.435196 0.583258 0.003333 0.005460
7 0.461765 0.591598 0.005490 0.017895
7 0.528137 0.602972 0.003333 0.006066
7 0.580588 0.592053 0.004706 0.010312
7 0.592647 0.596755 0.004510 0.010009
7 0.560490 0.599788 0.016667 0.030634
7 0.717549 0.608432 0.006078 0.010919
7 0.741765 0.601608 0.005490 0.010616
7 0.820196 0.610555 0.009020 0.015772
7 0.841569 0.611010 0.007451 0.016682
7 0.917549 0.631028 0.020588 0.045193
7 0.914706 0.812254 0.031765 0.058235
7 0.765784 0.740522 0.032353 0.042766
7 0.644706 0.712163 0.027843 0.059448
7 0.344216 0.798453 0.026078 0.038520
7 0.485000 0.712618 0.016275 0.028814
7 0.368725 0.633758 0.011961 0.026388
7 0.354118 0.628602 0.009020 0.020928
7 0.305000 0.608887 0.008039 0.013649
7 0.269216 0.607522 0.006667 0.012132
7 0.273039 0.587200 0.005686 0.011526
7 0.269216 0.607370 0.005490 0.011829
7 0.255098 0.610555 0.010588 0.015772
7 0.257745 0.578405 0.004902 0.008493
7 0.248824 0.585987 0.005490 0.009099
7 0.245294 0.607825 0.007059 0.012739
7 0.221667 0.602517 0.004118 0.006976
7 0.232157 0.602214 0.003922 0.006976
7 0.242157 0.599636 0.004706 0.007279
7 0.260784 0.619654 0.014902 0.042463
7 0.225882 0.596148 0.003529 0.006369
7 0.229608 0.596755 0.003529 0.005763
7 0.225686 0.586594 0.003137 0.005460
7 0.216863 0.587200 0.003529 0.006673
7 0.209020 0.598120 0.003922 0.006066
7 0.209118 0.595238 0.003725 0.006976
7 0.207745 0.586594 0.002941 0.006066
7 0.201765 0.592053 0.002745 0.004853
7 0.189804 0.625569 0.012157 0.017895
7 0.172353 0.618441 0.009804 0.019412
7 0.198922 0.603882 0.004118 0.008493
7 0.188725 0.602062 0.004510 0.008493
7 0.192941 0.601001 0.003922 0.007583
7 0.182157 0.592053 0.004314 0.007886
7 0.175882 0.588414 0.003529 0.006066
7 0.166275 0.589475 0.005882 0.011222
7 0.158333 0.585836 0.002941 0.005156
7 0.159804 0.603427 0.004314 0.008189
7 0.148824 0.590082 0.005490 0.010616
7 0.141765 0.590537 0.005490 0.010312
7 0.138137 0.585532 0.002941 0.005763
7 0.152745 0.601608 0.005882 0.031241
7 0.131373 0.589475 0.003137 0.005763
7 -0.001176 0.593115 0.030196 0.059145
7 0.027255 0.570215 0.004314 0.010919
7 0.035784 0.570367 0.012353 0.019715
7 0.055294 0.567486 0.009804 0.017592
7 0.067353 0.579315 0.004902 0.010312
7 0.076176 0.578101 0.005686 0.010919
7 0.095784 0.579618 0.004902 0.007279
7 0.101176 0.578405 0.005098 0.008493
7 0.082255 0.681680 0.013529 0.025781
7 0.120196 0.572490 0.017647 0.034880
