7 0.531738 0.706408 0.045898 0.071535
7 0.842285 0.467958 0.055664 0.086438
7 0.699219 0.402385 0.046875 0.092399
7 0.614258 0.521610 0.048828 0.074516
7 0.962402 0.359165 0.026367 0.047690
7 0.851074 0.408346 0.036133 0.053651
7 0.809570 0.382265 0.037109 0.081967
7 0.755859 0.383010 0.019531 0.038748
7 0.624023 0.371088 0.023438 0.041729
7 0.593262 0.353204 0.034180 0.068554
7 0.532715 0.333830 0.018555 0.035768
7 0.519043 0.377794 0.047852 0.093890
7 0.422363 0.379285 0.041992 0.070045
7 0.438477 0.330849 0.031250 0.056632
7 0.383789 0.355440 0.015625 0.022355
7 0.321289 0.349478 0.042969 0.076006
7 0.322266 0.337556 0.039062 0.067064
7 0.226562 0.383010 0.037109 0.068554
7 0.253906 0.380030 0.031250 0.056632
7 0.267090 0.330104 0.024414 0.043219
7 0.148926 0.374814 0.032227 0.061103
7 0.171875 0.364382 0.023438 0.040238
7 0.118164 0.372578 0.025391 0.044709
7 0.069824 0.413562 0.040039 0.064083
7 0.057129 0.362891 0.034180 0.055142
7 0.027832 0.372578 0.024414 0.047690
