7 0.222656 0.326823 0.044922 0.078125
7 0.277832 0.322266 0.040039 0.066406
7 0.370605 0.270833 0.049805 0.083333
7 0.495605 0.318359 0.045898 0.084635
7 0.588867 0.293620 0.048828 0.084635
7 0.712402 0.352865 0.043945 0.065104
7 0.788574 0.357422 0.043945 0.069010
7 0.854492 0.563802 0.058594 0.088542
7 0.756836 0.569010 0.058594 0.096354
7 0.617676 0.555990 0.055664 0.088542
7 0.497559 0.616536 0.057617 0.100260
7 0.303711 0.595703 0.054688 0.092448
7 0.226562 0.609375 0.054688 0.101562
7 0.989258 0.373698 0.031250 0.039062
7 0.937988 0.384115 0.026367 0.036458
7 0.891113 0.389974 0.026367 0.042969
7 0.825195 0.353516 0.025391 0.037760
7 0.049805 0.408203 0.019531 0.027344
7 0.693848 0.352865 0.030273 0.044271
7 0.863281 0.370443 0.023438 0.040365
7 0.967773 0.391927 0.019531 0.026042
