7 0.836777 0.618863 0.043388 0.069767
7 0.779959 0.612403 0.035124 0.062016
7 0.898760 0.789406 0.012397 0.020672
7 0.702479 0.616279 0.035124 0.051680
7 0.683368 0.587855 0.029959 0.046512
7 0.597624 0.574935 0.029959 0.051680
7 0.583161 0.617571 0.029959 0.049096
7 0.603306 0.632429 0.030992 0.050388
7 0.508264 0.633075 0.033058 0.062016
7 0.475207 0.609173 0.028926 0.050388
7 0.445764 0.626615 0.023760 0.036176
7 0.403926 0.609819 0.028926 0.051680
7 0.368285 0.594961 0.027893 0.047804
7 0.298037 0.622093 0.023760 0.032300
7 0.267045 0.638243 0.019628 0.028424
7 0.207128 0.597545 0.025826 0.040052
7 0.177169 0.529070 0.032025 0.047804
7 0.143079 0.490310 0.042355 0.068475
7 0.089876 0.494186 0.035124 0.058140
7 0.039256 0.437984 0.045455 0.069767
