7 0.813333 0.700917 0.024444 0.040367
7 0.853889 0.658716 0.021111 0.033028
7 0.695556 0.687156 0.020000 0.038532
7 0.720556 0.657798 0.016667 0.031193
7 0.757222 0.656881 0.016667 0.025688
7 0.613889 0.658716 0.021111 0.040367
7 0.448333 0.662385 0.030000 0.051376
7 0.280000 0.640367 0.017778 0.033028
7 0.235556 0.610092 0.017778 0.027523
7 0.171111 0.619266 0.015556 0.027523
7 0.139444 0.601835 0.014444 0.025688
7 0.123889 0.602752 0.012222 0.023853
7 0.035556 0.629358 0.015556 0.025688
7 0.321667 0.603670 0.016667 0.029358
7 0.351111 0.633945 0.015556 0.023853
7 0.377778 0.632110 0.008889 0.016514
7 0.408333 0.661468 0.010000 0.016514
7 0.420556 0.634862 0.012222 0.022018
7 0.480556 0.629358 0.010000 0.018349
7 0.507778 0.649541 0.011111 0.022018
7 0.537778 0.655046 0.015556 0.025688
7 0.570556 0.636697 0.014444 0.025688
7 0.580000 0.641284 0.013333 0.023853
7 0.990000 0.690826 0.020000 0.031193
7 0.950000 0.689908 0.015556 0.029358
7 0.933889 0.661468 0.016667 0.023853
7 0.897778 0.655046 0.008889 0.014679
7 0.833333 0.640367 0.011111 0.018349
7 0.870000 0.664220 0.013333 0.025688
7 0.777222 0.663303 0.012222 0.020183
7 0.728889 0.653211 0.015556 0.029358
7 0.004444 0.613761 0.008889 0.056881
7 0.013889 0.596330 0.005556 0.007339
7 0.032222 0.612844 0.015556 0.055046
7 0.038889 0.597248 0.004444 0.009174
7 0.067778 0.597248 0.008889 0.016514
7 0.097222 0.590826 0.007778 0.011009
7 0.077778 0.606422 0.008889 0.012844
7 0.186111 0.611927 0.010000 0.020183
7 0.208333 0.609174 0.010000 0.018349
7 0.269444 0.608257 0.007778 0.012844
7 0.389444 0.624771 0.010000 0.016514
7 0.648889 0.642202 0.006667 0.014679
7 0.640556 0.643119 0.005556 0.009174
7 0.619444 0.633945 0.010000 0.016514
7 0.466667 0.643119 0.011111 0.056881
7 0.475556 0.636697 0.008889 0.014679
7 0.495556 0.629358 0.006667 0.011009
7 0.528333 0.633028 0.010000 0.018349
7 0.871111 0.663303 0.011111 0.020183
7 0.612222 0.646789 0.011111 0.016514
7 0.547222 0.636697 0.007778 0.014679
7 0.024444 0.608257 0.011111 0.049541
