7 0.462500 0.407080 0.187500 0.095133
7 0.129688 0.845686 0.087500 0.069690
7 0.166406 0.823009 0.076563 0.075221
7 0.221875 0.766040 0.068750 0.067478
7 0.107031 0.709071 0.064062 0.061947
7 0.240625 0.695243 0.068750 0.058628
7 0.118750 0.640487 0.062500 0.055310
7 0.272656 0.636062 0.067187 0.057522
7 0.112500 0.581858 0.056250 0.055310
7 0.344531 0.589049 0.060937 0.043142
7 0.211719 0.477876 0.054688 0.048673
7 0.149219 0.383296 0.060937 0.047566
7 0.278125 0.362279 0.071875 0.054204
7 0.398438 0.359513 0.084375 0.057522
7 0.079687 0.289823 0.053125 0.044248
7 0.005469 0.291482 0.129688 0.248894
7 0.097656 0.250000 0.048438 0.044248
7 0.159375 0.162058 0.056250 0.049779
7 0.217969 0.109513 0.060937 0.053097
7 0.114062 0.064712 0.053125 0.043142
7 0.417969 0.160398 0.051562 0.044248
7 0.422656 0.117257 0.048438 0.046460
7 0.418750 0.066925 0.062500 0.051991
7 0.576562 0.073009 0.059375 0.044248
7 0.924219 0.816925 0.079687 0.065265
7 0.914844 0.731748 0.060937 0.056416
7 0.962500 0.639934 0.071875 0.067478
7 0.923438 0.595133 0.075000 0.059735
7 0.938281 0.477323 0.073438 0.063053
7 1.002344 0.432522 0.064062 0.059735
7 0.954688 0.383296 0.071875 0.058628
7 0.939063 0.324115 0.056250 0.050885
7 0.254688 0.424779 0.065625 0.057522
