7 0.187500 0.843673 0.006481 0.009568
7 0.176273 0.850309 0.005324 0.006790
7 0.136690 0.843364 0.006250 0.010185
7 0.330093 0.837191 0.005556 0.008951
7 0.338310 0.841204 0.003935 0.007716
7 0.260417 0.841512 0.005093 0.007716
7 0.268403 0.846142 0.004398 0.007099
7 0.218171 0.842593 0.004398 0.007407
7 0.220486 0.842747 0.005787 0.008951
7 0.228935 0.845679 0.005093 0.007407
7 0.796759 0.818673 0.009722 0.015123
7 0.624884 0.428704 0.071528 0.260494
7 0.687616 0.599383 0.018287 0.112963
7 0.700926 0.598302 0.021296 0.113272
