7 0.948462 0.448113 0.024615 0.034591
7 0.735385 0.425052 0.024615 0.036688
7 0.633077 0.440252 0.024615 0.041929
7 0.599231 0.427149 0.029231 0.049266
7 0.510385 0.422432 0.033077 0.054507
7 0.445000 0.465933 0.020769 0.030398
7 0.385000 0.439727 0.030000 0.051363
7 0.327692 0.425052 0.030769 0.047170
7 0.307692 0.451258 0.030769 0.040881
7 0.879615 0.517296 0.006923 0.011530
7 0.844231 0.479036 0.008462 0.012579
7 0.855385 0.484801 0.006154 0.009434
7 0.830000 0.486373 0.006154 0.010482
7 0.820385 0.490042 0.005385 0.009434
7 0.779615 0.494235 0.006923 0.011530
7 0.768462 0.484277 0.007692 0.012579
7 0.480385 0.490042 0.005385 0.007338
7 0.553077 0.489518 0.006154 0.008386
7 0.563462 0.490566 0.005385 0.008386
7 0.567692 0.491090 0.004615 0.007338
7 0.196538 0.487945 0.006923 0.009434
7 0.209615 0.491090 0.006923 0.009434
7 0.178077 0.492138 0.006923 0.011530
7 0.047308 0.487945 0.006923 0.009434
7 0.065000 0.487421 0.006923 0.010482
7 0.050385 0.491614 0.005385 0.008386
7 0.085769 0.488994 0.005385 0.009434
7 0.090769 0.490042 0.006154 0.009434
7 0.008077 0.432390 0.039231 0.057652
7 0.148077 0.406709 0.039231 0.067086
