7 0.067488 0.490625 0.017606 0.077083
7 0.012911 0.466667 0.011737 0.020833
7 0.046362 0.458333 0.010563 0.016667
7 0.046362 0.495833 0.026995 0.041667
7 0.035798 0.522917 0.034038 0.045833
7 0.051643 0.591667 0.046948 0.100000
7 0.102113 0.485417 0.025822 0.041667
7 0.125000 0.478125 0.012911 0.022917
7 0.123826 0.550000 0.026995 0.045833
7 0.130869 0.689583 0.062207 0.087500
7 0.180164 0.629167 0.031690 0.054167
7 0.198357 0.541667 0.035211 0.062500
7 0.154343 0.501042 0.019953 0.035417
7 0.183099 0.461458 0.014085 0.027083
7 0.217723 0.465625 0.017606 0.031250
7 0.225939 0.508333 0.019953 0.041667
7 0.267019 0.471875 0.012911 0.022917
7 0.272887 0.525000 0.024648 0.045833
7 0.287559 0.507292 0.018779 0.039583
7 0.302230 0.473958 0.015258 0.027083
7 0.322183 0.480208 0.010563 0.018750
7 0.332746 0.551042 0.026995 0.052083
7 0.364437 0.497917 0.017606 0.029167
7 0.378521 0.494792 0.015258 0.027083
7 0.382629 0.481250 0.016432 0.054167
7 0.412559 0.550000 0.043427 0.095833
7 0.434272 0.476042 0.014085 0.027083
7 0.491784 0.529167 0.018779 0.037500
7 0.529343 0.521875 0.016432 0.035417
7 0.521127 0.498958 0.014085 0.031250
7 0.540493 0.505208 0.012911 0.027083
7 0.606808 0.556250 0.030516 0.062500
7 0.590376 0.481250 0.011737 0.020833
7 0.612089 0.503125 0.017606 0.031250
7 0.611502 0.478125 0.011737 0.022917
7 0.631455 0.494792 0.014085 0.022917
7 0.649648 0.488542 0.012911 0.022917
7 0.674296 0.519792 0.019953 0.039583
7 0.661385 0.465625 0.005869 0.010417
7 0.703638 0.507292 0.019953 0.031250
7 0.705399 0.481250 0.009390 0.016667
7 0.727113 0.476042 0.010563 0.018750
7 0.774648 0.490625 0.009390 0.018750
7 0.794601 0.491667 0.007042 0.012500
7 0.815141 0.477083 0.008216 0.016667
7 0.985329 0.503125 0.010563 0.018750
7 0.949531 0.487500 0.009390 0.020833
7 0.934272 0.489583 0.009390 0.016667
7 0.912559 0.486458 0.010563 0.022917
7 0.890258 0.504167 0.008216 0.016667
7 0.867958 0.500000 0.008216 0.016667
7 0.845657 0.489583 0.008216 0.016667
7 0.849178 0.536458 0.022300 0.039583
7 0.983568 0.653125 0.056338 0.093750
7 0.968897 0.535417 0.024648 0.108333
