7 0.316080 0.458445 0.013065 0.018767
7 0.370352 0.458445 0.011055 0.016086
7 0.112563 0.453753 0.016080 0.025469
7 0.142714 0.428954 0.022111 0.032172
7 0.189447 0.455764 0.013065 0.018767
7 0.234673 0.458445 0.017085 0.024129
7 0.262814 0.461796 0.013065 0.017426
7 0.361809 0.469169 0.008040 0.010724
7 0.350251 0.467158 0.007035 0.009383
7 0.340704 0.471850 0.006030 0.008043
7 0.928643 0.439678 0.006030 0.008043
7 0.946231 0.445040 0.007035 0.008043
7 0.951759 0.441019 0.006030 0.008043
7 0.494472 0.359249 0.054271 0.067024
