7 0.317871 0.217009 0.036133 0.070381
7 0.356934 0.214809 0.036133 0.065982
7 0.387695 0.228006 0.035156 0.068915
7 0.420410 0.219941 0.034180 0.061584
7 0.466309 0.254399 0.032227 0.063050
7 0.478027 0.197214 0.034180 0.065982
7 0.507812 0.244868 0.031250 0.061584
7 0.541992 0.253666 0.027344 0.058651
7 0.555176 0.195015 0.034180 0.058651
7 0.581543 0.250000 0.034180 0.065982
7 0.624512 0.207478 0.030273 0.057185
7 0.626953 0.256598 0.033203 0.058651
7 0.673340 0.299853 0.034180 0.060117
7 0.726562 0.301320 0.035156 0.065982
7 0.734375 0.335044 0.033203 0.060117
7 0.788086 0.346041 0.037109 0.070381
7 0.721191 0.390029 0.032227 0.064516
7 0.655273 0.442815 0.033203 0.061584
7 0.829590 0.318915 0.036133 0.057185
7 0.873047 0.318915 0.031250 0.060117
7 0.886230 0.337977 0.034180 0.065982
7 0.908691 0.299120 0.034180 0.070381
7 0.900391 0.378299 0.039062 0.067449
7 0.807617 0.383431 0.039062 0.068915
7 0.741699 0.524194 0.038086 0.074780
7 0.638672 0.518328 0.039062 0.074780
7 0.575195 0.396628 0.037109 0.071848
7 0.545410 0.513196 0.038086 0.073314
7 0.512695 0.392229 0.035156 0.063050
7 0.467773 0.595308 0.037109 0.067449
7 0.446289 0.381232 0.035156 0.064516
7 0.386230 0.367302 0.034180 0.063050
7 0.320312 0.576979 0.037109 0.074780
7 0.317871 0.391496 0.034180 0.067449
7 0.077637 0.272727 0.036133 0.061584
7 0.142578 0.293255 0.033203 0.058651
7 0.200684 0.290323 0.032227 0.067449
7 0.253418 0.264663 0.032227 0.054252
7 0.098145 0.325513 0.038086 0.070381
7 0.156738 0.365103 0.034180 0.067449
7 0.244629 0.363636 0.040039 0.067449
