7 0.025658 0.788538 0.040789 0.075099
7 0.154605 0.738142 0.038158 0.065217
7 0.176974 0.920949 0.035526 0.055336
7 0.200000 0.728261 0.021053 0.033597
7 0.230263 0.742095 0.026316 0.045455
7 0.290132 0.722332 0.017105 0.029644
7 0.295395 0.742095 0.017105 0.029644
7 0.325658 0.724308 0.027632 0.049407
7 0.382237 0.717391 0.025000 0.043478
7 0.471711 0.803360 0.017105 0.029644
7 0.530263 0.742095 0.018421 0.033597
7 0.622368 0.739130 0.034211 0.063241
7 0.733553 0.742095 0.022368 0.041502
7 0.734211 0.733202 0.026316 0.031621
7 0.776316 0.717391 0.010526 0.015810
7 0.790789 0.727273 0.010526 0.019763
7 0.846053 0.732213 0.021053 0.033597
7 0.863816 0.745059 0.017105 0.027668
7 0.880263 0.712451 0.018421 0.025692
7 0.928289 0.724308 0.025000 0.041502
7 0.958553 0.732213 0.022368 0.037549
7 0.706579 0.730237 0.010526 0.017787
7 0.444737 0.741107 0.015789 0.023715
7 0.415789 0.727273 0.013158 0.019763
7 0.256579 0.786561 0.015789 0.027668
7 0.505263 0.725296 0.010526 0.019763
7 0.693421 0.737154 0.010526 0.015810
7 0.907237 0.728261 0.014474 0.025692
