7 0.707031 0.403396 0.156250 0.289227
7 0.042188 0.455504 0.110937 0.231850
7 0.285547 0.080211 0.028906 0.057377
7 0.346094 0.074941 0.034375 0.058548
7 0.440234 0.072014 0.038281 0.064403
7 0.498437 0.096019 0.039062 0.063232
7 0.177344 0.156323 0.032813 0.057377
7 0.139844 0.104215 0.023438 0.037471
7 0.141016 0.125293 0.036719 0.072600
7 0.638281 0.098361 0.048438 0.077283
7 0.608203 0.087237 0.035156 0.064403
7 0.739844 0.091335 0.037500 0.072600
7 0.919922 0.059719 0.036719 0.063232
7 0.991016 0.149883 0.024219 0.170960
7 0.693750 0.207845 0.051562 0.324356
7 0.150781 0.552693 0.046875 0.077283
7 0.193359 0.771663 0.058594 0.112412
7 0.112891 0.434426 0.039844 0.077283
7 0.268750 0.543326 0.039062 0.072600
7 0.362891 0.554450 0.044531 0.071429
7 0.498828 0.525761 0.046094 0.077283
7 0.441797 0.433841 0.046094 0.090164
7 0.831641 0.527518 0.052344 0.090164
7 0.962891 0.586066 0.127344 0.343091
7 0.997656 0.322014 0.037500 0.084309
7 0.884766 0.341335 0.046094 0.106557
7 0.787500 0.341920 0.039062 0.074941
7 0.562500 0.327869 0.040625 0.084309
7 0.369531 0.379391 0.042188 0.067916
7 0.303125 0.439110 0.039062 0.070258
7 0.254688 0.347775 0.037500 0.067916
7 0.228125 0.435597 0.045312 0.077283
7 0.179688 0.344262 0.040625 0.063232
7 0.100000 0.343677 0.037500 0.073770
7 0.710938 0.529274 0.043750 0.067916
7 0.857812 0.433841 0.048438 0.092506
7 0.480469 0.372951 0.034375 0.066745
