7 0.133281 0.602403 0.004732 0.003135
7 0.155363 0.605538 0.017350 0.019854
7 0.182177 0.609195 0.011041 0.016719
7 0.188486 0.612853 0.014196 0.021944
7 0.202681 0.604493 0.004732 0.003135
7 0.231073 0.602926 0.011041 0.018809
7 0.300473 0.601881 0.014196 0.022989
7 0.313880 0.602403 0.012618 0.024033
7 0.324132 0.602403 0.014196 0.021944
7 0.350158 0.600836 0.012618 0.022989
7 0.101735 0.643156 0.014196 0.024033
7 0.081230 0.638454 0.007886 0.004180
7 0.053628 0.649425 0.012618 0.009404
7 0.051262 0.656740 0.014196 0.009404
7 0.089117 0.654127 0.011041 0.006270
7 0.129338 0.659875 0.018927 0.011494
7 0.234227 0.658307 0.011041 0.008359
7 0.260252 0.649948 0.012618 0.008359
7 0.237382 0.655695 0.020505 0.024033
7 0.287066 0.667189 0.037855 0.024033
7 0.369874 0.628004 0.020505 0.016719
7 0.395110 0.624347 0.004732 0.003135
7 0.381703 0.630094 0.012618 0.022989
7 0.391956 0.597179 0.007886 0.005225
7 0.395899 0.611285 0.018927 0.014629
7 0.409306 0.600836 0.011041 0.022989
7 0.418770 0.601358 0.011041 0.021944
7 0.451893 0.600313 0.014196 0.019854
7 0.452681 0.608673 0.015773 0.015674
7 0.493691 0.601881 0.012618 0.020899
7 0.500000 0.595611 0.006309 0.004180
7 0.522082 0.601881 0.012618 0.020899
7 0.534700 0.599269 0.012618 0.024033
7 0.546530 0.601358 0.014196 0.021944
7 0.660883 0.621212 0.015773 0.026123
7 0.677445 0.614420 0.007886 0.004180
7 0.678233 0.602403 0.012618 0.021944
7 0.692429 0.594566 0.006309 0.004180
7 0.699527 0.601358 0.011041 0.024033
7 0.709779 0.601881 0.012618 0.025078
7 0.718454 0.601881 0.014196 0.025078
7 0.870662 0.613375 0.006309 0.004180
7 0.850946 0.611808 0.007886 0.005225
7 0.887224 0.609718 0.011041 0.024033
7 0.876183 0.609195 0.014196 0.022989
7 0.847003 0.611808 0.012618 0.019854
7 0.879338 0.652560 0.014196 0.009404
7 0.857256 0.650993 0.017350 0.014629
7 0.998423 0.648380 0.028391 0.024033
7 0.909306 0.649948 0.029968 0.022989
7 0.899054 0.655172 0.022082 0.018809
7 0.820189 0.636364 0.028391 0.018809
7 0.731861 0.627482 0.053628 0.038662
7 0.332808 0.644201 0.050473 0.036573
7 0.447950 0.632184 0.047319 0.031348
7 0.563091 0.624869 0.053628 0.039707
7 0.629338 0.667712 0.041009 0.029258
7 0.631703 0.599791 0.011041 0.020899
7 0.626972 0.603448 0.011041 0.021944
7 0.646688 0.604493 0.009464 0.021944
7 0.654574 0.603971 0.012618 0.022989
7 0.660883 0.603971 0.009464 0.020899
7 0.557571 0.602403 0.007886 0.011494
7 0.477129 0.620690 0.011041 0.020899
7 0.465300 0.619122 0.009464 0.019854
7 0.197161 0.697492 0.028391 0.082550
7 0.170347 0.657262 0.012618 0.008359
