7 0.533203 0.847731 0.101562 0.184480
7 0.100098 0.844070 0.116211 0.188873
7 0.768066 0.851391 0.061523 0.101025
7 0.826660 0.879941 0.051758 0.096633
7 0.919434 0.783309 0.051758 0.102489
7 0.975098 0.670571 0.045898 0.081991
7 0.213867 0.862372 0.052734 0.093704
7 0.335938 0.792826 0.052734 0.103953
7 0.187500 0.761347 0.058594 0.087848
7 0.254883 0.723280 0.048828 0.096633
7 0.404785 0.728404 0.061523 0.098097
7 0.556152 0.681552 0.036133 0.062958
7 0.689941 0.707174 0.040039 0.070278
7 0.763184 0.756955 0.049805 0.093704
7 0.863281 0.710102 0.042969 0.073206
7 0.806152 0.721816 0.040039 0.064422
7 0.887695 0.634700 0.041016 0.060029
7 0.865723 0.592972 0.036133 0.061493
7 0.766602 0.590776 0.035156 0.062958
7 0.684570 0.652269 0.035156 0.062958
7 0.676758 0.613470 0.039062 0.073206
7 0.254883 0.663250 0.037109 0.076135
7 0.323242 0.625183 0.041016 0.076135
7 0.353027 0.638360 0.030273 0.064422
7 0.403320 0.631772 0.037109 0.071742
7 0.473633 0.580527 0.023438 0.036603
7 0.422363 0.576867 0.024414 0.046852
7 0.561523 0.549780 0.027344 0.045388
7 0.534180 0.551977 0.025391 0.046852
7 0.653320 0.549048 0.023438 0.043924
7 0.768555 0.549780 0.025391 0.051245
7 0.805664 0.547584 0.015625 0.026354
7 0.790039 0.562958 0.013672 0.024890
7 0.719727 0.524158 0.021484 0.035139
7 0.751465 0.534407 0.018555 0.035139
7 0.760254 0.510981 0.018555 0.029283
7 0.694824 0.500000 0.022461 0.039531
7 0.631836 0.554905 0.027344 0.046852
7 0.591309 0.551245 0.024414 0.036603
7 0.501465 0.513177 0.020508 0.027818
7 0.424805 0.538067 0.021484 0.036603
7 0.378906 0.505857 0.013672 0.027818
