7 0.040625 0.851875 0.026250 0.038750
7 0.053125 0.774375 0.026250 0.038750
7 0.380625 0.847500 0.028750 0.040000
7 0.372500 0.780000 0.027500 0.037500
7 0.063125 0.559375 0.023750 0.033750
7 0.132500 0.568750 0.022500 0.035000
7 0.190000 0.552500 0.025000 0.032500
7 0.255625 0.557500 0.026250 0.035000
7 0.323750 0.553750 0.022500 0.037500
7 0.394375 0.547500 0.023750 0.035000
7 0.471250 0.538125 0.025000 0.033750
7 0.546875 0.539375 0.021250 0.036250
7 0.612500 0.558125 0.022500 0.033750
7 0.683125 0.539375 0.023750 0.036250
7 0.756875 0.550000 0.023750 0.032500
7 0.823750 0.556875 0.025000 0.033750
7 0.889375 0.557500 0.023750 0.032500
7 0.963750 0.573750 0.022500 0.035000
