7 0.037000 0.436500 0.067333 0.095000
7 0.162000 0.483500 0.061333 0.079000
7 0.098333 0.411500 0.035333 0.065000
7 0.155333 0.402500 0.030667 0.057000
7 0.247667 0.439000 0.047333 0.074000
7 0.359000 0.410500 0.064667 0.129000
7 0.576333 0.382500 0.056667 0.097000
7 0.578000 0.384500 0.052000 0.095000
7 0.238000 0.399000 0.034667 0.064000
7 0.321000 0.373500 0.031333 0.055000
7 0.281000 0.364000 0.019333 0.032000
7 0.484333 0.398500 0.034000 0.075000
7 0.656000 0.339500 0.040000 0.069000
7 0.704667 0.376500 0.056000 0.095000
7 0.769000 0.362000 0.043333 0.070000
7 0.854667 0.337000 0.044000 0.072000
7 0.935667 0.332000 0.040667 0.070000
7 0.537000 0.308500 0.018000 0.029000
