7 0.014231 0.478654 0.028462 0.302135
7 0.021538 0.270936 0.030769 0.041051
7 0.092308 0.236864 0.032308 0.038588
7 0.121154 0.257389 0.037692 0.041872
7 0.097308 0.299672 0.050000 0.068966
7 0.151923 0.254516 0.045385 0.057471
7 0.183462 0.268062 0.031538 0.043514
7 0.225385 0.286125 0.046154 0.064860
7 0.248462 0.399836 0.052308 0.068966
7 0.314615 0.268473 0.040000 0.059113
7 0.402308 0.340312 0.044615 0.061576
7 0.481154 0.322250 0.050000 0.071429
7 0.404231 0.380542 0.050000 0.058292
7 0.674615 0.392036 0.053846 0.082923
7 0.698462 0.375616 0.050769 0.082923
7 0.834615 0.441708 0.044615 0.067323
7 0.831923 0.279967 0.036154 0.045977
7 0.979231 0.161330 0.015385 0.022167
7 0.908077 0.150246 0.013077 0.014778
7 0.894615 0.157225 0.015385 0.017241
7 0.613077 0.153530 0.013846 0.013136
7 0.580385 0.160099 0.010000 0.013136
7 0.564615 0.151067 0.012308 0.013136
7 0.550769 0.150246 0.015385 0.014778
7 0.535769 0.155583 0.013077 0.015599
7 0.504615 0.159278 0.012308 0.014778
7 0.433077 0.190887 0.013846 0.015599
7 0.021923 0.163793 0.010000 0.012315
7 0.013846 0.168719 0.010769 0.012315
