7 0.981707 0.422500 0.019512 0.050000
7 0.910366 0.441250 0.018293 0.047500
7 0.771951 0.436250 0.017073 0.037500
7 0.747561 0.440000 0.017073 0.040000
7 0.717073 0.360000 0.014634 0.040000
7 0.718902 0.308750 0.015854 0.037500
7 0.670122 0.312500 0.015854 0.035000
7 0.808537 0.258750 0.012195 0.032500
7 0.841463 0.250000 0.014634 0.035000
7 0.879268 0.257500 0.012195 0.035000
7 0.909756 0.297500 0.017073 0.040000
7 0.979878 0.302500 0.013415 0.035000
7 0.961585 0.245000 0.013415 0.035000
7 1.001829 0.342500 0.032927 0.245000
7 0.923780 0.252500 0.010976 0.030000
7 0.939634 0.133750 0.008537 0.022500
7 0.970122 0.128750 0.010976 0.032500
7 0.889634 0.100000 0.010976 0.025000
7 0.817073 0.151250 0.009756 0.022500
7 0.784146 0.150000 0.012195 0.025000
7 0.809146 0.033750 0.010976 0.022500
7 0.857927 0.031250 0.010976 0.022500
7 0.417073 0.082500 0.009756 0.020000
7 0.376220 0.063750 0.008537 0.017500
7 0.289634 0.105000 0.008537 0.015000
7 0.275610 0.115000 0.007317 0.015000
7 0.248780 0.107500 0.009756 0.020000
7 0.196341 0.146250 0.007317 0.017500
7 0.222561 0.186250 0.025610 0.122500
7 0.297561 0.421250 0.012195 0.032500
7 0.271951 0.443750 0.012195 0.032500
7 0.237805 0.440000 0.012195 0.035000
7 0.184756 0.446250 0.013415 0.032500
7 0.128049 0.468750 0.014634 0.037500
7 0.093902 0.490000 0.012195 0.035000
7 0.050000 0.503750 0.012195 0.037500
7 0.000000 0.475000 0.012195 0.040000
7 0.214024 0.398750 0.010976 0.022500
7 0.154268 0.326250 0.008537 0.022500
7 0.138415 0.305000 0.008537 0.025000
7 0.096951 0.343750 0.010976 0.027500
7 0.122561 0.351250 0.010976 0.027500
7 0.131098 0.408750 0.013415 0.032500
7 0.165244 0.423750 0.010976 0.027500
7 0.015854 0.316250 0.009756 0.027500
7 0.042073 0.343750 0.013415 0.027500
7 0.059146 0.335000 0.010976 0.025000
7 0.084756 0.413750 0.013415 0.037500
7 0.087195 0.328750 0.008537 0.022500
7 0.690244 0.166250 0.009756 0.022500
7 0.667683 0.175000 0.010976 0.025000
7 0.748780 0.062500 0.007317 0.015000
7 0.673780 0.121250 0.023171 0.132500
7 0.650610 0.075000 0.008537 0.020000
7 0.619512 0.078750 0.009756 0.017500
7 0.596341 0.072500 0.009756 0.025000
7 0.029878 0.457500 0.010976 0.025000
7 0.801829 0.836250 0.179268 0.272500
7 0.611585 0.820000 0.101220 0.255000
7 0.206707 0.987500 0.223171 0.415000
7 0.420732 0.821250 0.136585 0.297500
7 0.132927 0.750000 0.121951 0.215000
