7 0.136667 0.486250 0.050000 0.062500
7 0.185000 0.472500 0.030000 0.050000
7 0.232500 0.451250 0.025000 0.042500
7 0.282500 0.441250 0.021667 0.037500
7 0.304167 0.428750 0.018333 0.032500
7 0.330000 0.436250 0.013333 0.027500
7 0.353333 0.430000 0.013333 0.025000
7 0.474167 0.415000 0.011667 0.020000
7 0.520000 0.418750 0.013333 0.022500
7 0.555833 0.420000 0.011667 0.020000
7 1.008333 0.522500 0.046667 0.085000
7 0.903333 0.465000 0.046667 0.065000
7 0.815833 0.467500 0.031667 0.045000
7 0.787500 0.451250 0.025000 0.042500
7 0.693333 0.442500 0.020000 0.030000
7 0.647500 0.427500 0.018333 0.030000
