7 0.929688 0.679619 0.011719 0.019062
7 0.858887 0.687683 0.010742 0.017595
7 0.829590 0.683284 0.012695 0.020528
7 0.758789 0.717009 0.013672 0.020528
7 0.739258 0.675220 0.011719 0.019062
7 0.549316 0.673021 0.016602 0.029326
7 0.544922 0.664956 0.019531 0.027859
7 0.500977 0.681085 0.017578 0.033724
7 0.442383 0.661290 0.015625 0.023460
7 0.427734 0.664956 0.013672 0.030792
7 0.411621 0.670821 0.014648 0.027859
7 0.364746 0.686217 0.012695 0.026393
7 0.380371 0.667155 0.010742 0.020528
7 0.369141 0.664223 0.013672 0.023460
7 0.341797 0.678886 0.015625 0.026393
7 0.319336 0.672287 0.015625 0.024927
7 0.324707 0.667155 0.012695 0.026393
7 0.295898 0.667889 0.017578 0.021994
7 0.279297 0.672287 0.015625 0.027859
7 0.282227 0.649560 0.013672 0.026393
