7 0.076896 0.413074 0.031601 0.052015
7 0.172928 0.416354 0.033357 0.059513
7 0.278792 0.395267 0.014045 0.024836
7 0.310744 0.371603 0.013343 0.020619
7 0.339361 0.399016 0.017907 0.029522
7 0.483497 0.387769 0.019663 0.033271
7 0.561622 0.377694 0.024228 0.041237
7 0.602528 0.399485 0.053371 0.081068
7 0.820751 0.369728 0.043188 0.071228
7 0.347612 0.401828 0.011938 0.019213
7 0.344803 0.379100 0.009831 0.014995
7 0.371840 0.382849 0.009831 0.014995
7 0.384305 0.404873 0.010183 0.015933
7 0.381320 0.420572 0.009129 0.014527
7 0.417662 0.368557 0.008778 0.014527
7 0.420997 0.398547 0.010534 0.018276
7 0.442591 0.373946 0.008076 0.014058
7 0.472963 0.400422 0.009831 0.015464
7 0.682584 0.371837 0.010534 0.016401
7 0.695049 0.363636 0.009480 0.014058
7 0.719277 0.373711 0.009480 0.017338
7 0.745084 0.375586 0.009129 0.015464
7 0.777212 0.370431 0.010885 0.016401
7 0.793890 0.368322 0.008427 0.014058
7 0.809691 0.368088 0.010534 0.016401
7 0.841468 0.366448 0.010885 0.017807
7 0.866573 0.375117 0.008427 0.014527
7 0.876756 0.363871 0.009831 0.016401
7 0.896770 0.373243 0.009129 0.015464
7 0.912219 0.370197 0.009129 0.014995
7 0.959094 0.371134 0.008076 0.015933
