7 0.005371 0.163690 0.018555 0.035714
7 0.006348 0.118304 0.032227 0.147321
7 0.035156 0.073661 0.021484 0.043155
7 0.060059 0.043155 0.014648 0.026786
7 0.100586 0.054315 0.021484 0.034226
7 0.165039 0.023810 0.021484 0.035714
7 0.144531 0.029018 0.015625 0.025298
7 0.089844 0.154018 0.066406 0.156250
7 0.207031 0.078125 0.023438 0.040179
7 0.215820 0.031994 0.019531 0.034226
7 0.241211 0.017113 0.019531 0.031250
7 0.266602 0.007440 0.019531 0.029762
7 0.304199 0.001488 0.016602 0.026786
7 0.479004 -0.005952 0.014648 0.023810
7 0.449219 0.009673 0.017578 0.028274
7 0.421387 0.008929 0.018555 0.029762
7 0.400391 0.093006 0.052734 0.114583
7 0.373535 0.023810 0.014648 0.020833
7 0.342285 0.041667 0.012695 0.020833
7 0.286133 0.090774 0.041016 0.127976
7 0.270020 0.090774 0.024414 0.041667
7 0.371582 0.083333 0.022461 0.038690
7 0.033691 0.288690 0.030273 0.050595
7 0.136230 0.232143 0.018555 0.026786
7 0.119141 0.317708 0.027344 0.055060
7 0.173340 0.249256 0.032227 0.049107
7 0.215332 0.280506 0.024414 0.046131
7 0.253906 0.266369 0.025391 0.044643
7 0.327148 0.220982 0.023438 0.043155
7 0.354492 0.206101 0.023438 0.043155
7 0.390137 0.205357 0.020508 0.038690
7 0.428223 0.171875 0.020508 0.040179
7 0.468262 0.154018 0.022461 0.040179
7 0.532227 0.150298 0.019531 0.038690
7 0.590332 0.094494 0.020508 0.037202
7 0.620605 0.084821 0.016602 0.032738
7 0.619141 0.084821 0.019531 0.035714
7 0.650391 0.079613 0.019531 0.034226
7 0.688965 0.075149 0.020508 0.034226
7 0.721191 0.055804 0.016602 0.034226
7 0.771484 0.077381 0.019531 0.029762
7 0.803711 0.092262 0.015625 0.035714
7 0.786621 0.114583 0.022461 0.035714
7 0.754395 0.107143 0.020508 0.032738
7 0.732910 0.152530 0.024414 0.043155
7 0.718750 0.130952 0.019531 0.035714
7 0.674805 0.151042 0.021484 0.037202
7 0.646484 0.152530 0.023438 0.040179
7 0.601074 0.166667 0.022461 0.044643
7 0.570312 0.167411 0.025391 0.043155
7 0.557617 0.218750 0.023438 0.041667
7 0.521973 0.238839 0.024414 0.043155
7 0.477539 0.244048 0.021484 0.038690
7 0.441895 0.262649 0.024414 0.037202
7 0.401855 0.276786 0.022461 0.041667
7 0.351562 0.297619 0.021484 0.038690
7 0.308594 0.323661 0.023438 0.034226
7 0.211914 0.394345 0.025391 0.041667
7 0.178711 0.400298 0.027344 0.047619
7 0.150879 0.505208 0.040039 0.171131
7 0.115723 0.422619 0.028320 0.044643
7 0.060059 0.466518 0.030273 0.046131
7 -0.011719 0.487351 0.021484 0.040179
7 0.030762 0.488839 0.030273 0.049107
7 0.409668 0.507440 0.016602 0.038690
7 0.127930 0.576637 0.035156 0.058036
7 0.036621 0.846726 0.036133 0.071429
7 0.106934 0.886161 0.030273 0.049107
7 0.173340 0.799107 0.038086 0.065476
7 0.234863 0.723214 0.034180 0.071429
7 0.283203 0.679315 0.039062 0.058036
7 0.386719 0.615327 0.033203 0.063988
7 0.448242 0.670387 0.025391 0.058036
7 0.464355 0.577381 0.034180 0.053571
7 0.558594 0.511161 0.027344 0.046131
7 0.551270 0.490327 0.034180 0.061012
7 0.604004 0.483631 0.028320 0.047619
7 0.650879 0.456101 0.030273 0.052083
7 0.670410 0.416667 0.028320 0.059524
7 0.728516 0.391369 0.027344 0.056548
7 0.769043 0.372768 0.026367 0.046131
7 0.803223 0.357143 0.028320 0.050595
7 0.845215 0.323661 0.030273 0.055060
7 0.872070 0.304315 0.023438 0.043155
7 0.932617 0.198661 0.027344 0.049107
7 0.947754 0.138393 0.024414 0.041667
7 0.941406 0.304315 0.021484 0.037202
7 0.960938 0.250744 0.023438 0.037202
7 0.988770 0.263393 0.016602 0.029762
7 0.997559 0.150298 0.018555 0.032738
7 0.986328 0.122768 0.015625 0.031250
7 0.985352 0.367560 0.021484 0.032738
7 0.962402 0.392113 0.022461 0.034226
7 0.930664 0.411458 0.031250 0.040179
7 0.884766 0.472470 0.035156 0.055060
7 0.847168 0.497024 0.028320 0.047619
7 0.820801 0.535714 0.028320 0.044643
7 0.782715 0.595982 0.028320 0.049107
7 0.740723 0.473958 0.024414 0.046131
7 0.711426 0.624256 0.032227 0.052083
7 0.675293 0.654018 0.036133 0.063988
7 0.619141 0.688244 0.031250 0.049107
7 0.560547 0.739583 0.037109 0.059524
7 0.525879 0.804315 0.030273 0.052083
7 0.484863 0.816220 0.032227 0.052083
7 0.384766 0.875744 0.041016 0.063988
7 0.297852 0.914435 0.041016 0.066964
7 0.679688 0.128720 0.017578 0.028274
7 0.078613 0.080357 0.020508 0.032738
7 0.321289 0.093750 0.048828 0.139881
