7 0.918620 0.587891 0.022135 0.035156
7 0.985677 0.552734 0.023438 0.085938
7 0.955078 0.508789 0.014323 0.025391
7 0.896484 0.528320 0.014323 0.021484
7 0.814453 0.520508 0.011719 0.021484
7 0.783854 0.532227 0.010417 0.017578
7 0.335938 0.531250 0.010417 0.015625
7 0.792969 0.558594 0.015625 0.097656
7 0.317057 0.536133 0.009115 0.013672
7 0.272135 0.532227 0.007812 0.013672
7 0.273438 0.532227 0.013021 0.017578
7 0.240885 0.530273 0.010417 0.013672
7 0.152995 0.557617 0.019531 0.076172
7 0.117188 0.539062 0.010417 0.011719
7 0.100260 0.536133 0.007812 0.013672
7 0.110677 0.556641 0.013021 0.062500
7 0.130208 0.541016 0.020833 0.054688
7 0.077474 0.536133 0.006510 0.009766
7 0.067708 0.549805 0.013021 0.064453
7 0.050781 0.535156 0.005208 0.011719
7 0.038411 0.561523 0.019531 0.072266
