7 0.816132 0.703532 0.024284 0.050186
7 0.749783 0.676580 0.018213 0.048327
7 0.735906 0.681227 0.018213 0.042751
7 0.767997 0.687732 0.014744 0.040892
7 0.893755 0.588290 0.016479 0.035316
7 0.953166 0.612454 0.012142 0.027881
7 0.973981 0.548327 0.010408 0.022305
7 0.886817 0.564126 0.011275 0.027881
7 0.848222 0.560409 0.012142 0.024164
7 0.820035 0.541822 0.011275 0.024164
7 0.801821 0.553903 0.011275 0.026022
7 0.746314 0.508364 0.006071 0.013011
7 0.756288 0.497212 0.006938 0.016729
7 0.773634 0.495353 0.005204 0.013011
7 0.794883 0.518587 0.006071 0.014870
7 0.764094 0.619888 0.015611 0.039033
7 0.693842 0.492565 0.005204 0.011152
7 0.708586 0.497212 0.005204 0.009294
7 0.717259 0.519517 0.013877 0.065056
7 0.751518 0.489777 0.011275 0.046468
7 0.745447 0.471190 0.004337 0.009294
7 0.772767 0.472119 0.005204 0.011152
7 0.290113 0.546468 0.009540 0.026022
7 0.238942 0.515799 0.007806 0.016729
7 0.218994 0.498141 0.006071 0.014870
7 0.210755 0.491636 0.006938 0.016729
7 0.130529 0.553903 0.011275 0.026022
7 0.138768 0.515799 0.008673 0.016729
7 0.098005 0.509294 0.008673 0.022305
7 0.071119 0.528810 0.012142 0.020446
7 0.034258 0.545539 0.011275 0.020446
7 0.012142 0.551115 0.008673 0.024164
7 0.169124 0.512082 0.008673 0.016729
7 0.274068 0.490706 0.005204 0.011152
7 0.293148 0.490706 0.005204 0.011152
7 0.317433 0.482342 0.003469 0.009294
7 0.323504 0.481413 0.003469 0.007435
7 0.342585 0.498141 0.005204 0.011152
7 0.339983 0.474907 0.003469 0.009294
7 0.350390 0.480483 0.005204 0.013011
7 0.363833 0.468401 0.004337 0.007435
7 0.381613 0.483271 0.005204 0.011152
7 0.388985 0.475836 0.004337 0.011152
7 0.732871 0.473978 0.003469 0.007435
7 0.728101 0.469331 0.002602 0.005576
7 0.718127 0.482342 0.008673 0.042751
7 0.707719 0.470260 0.003469 0.007435
7 0.689072 0.462825 0.004337 0.007435
7 0.682567 0.483271 0.003469 0.007435
7 0.092368 0.556691 0.025152 0.120818
7 0.003903 0.578067 0.025152 0.189591
7 0.024284 0.512082 0.008673 0.016729
7 0.049870 0.537175 0.007806 0.018587
7 0.055941 0.526022 0.009540 0.018587
7 0.201214 0.504647 0.006938 0.016729
7 0.448395 0.477695 0.006938 0.040892
7 0.436687 0.472119 0.006071 0.037175
7 0.421509 0.486059 0.008673 0.039033
7 0.633565 0.451673 0.006071 0.026022
7 0.863833 0.510223 0.008673 0.020446
7 0.191240 0.539963 0.006071 0.013011
7 0.400694 0.488848 0.008673 0.048327
7 0.442324 0.474907 0.005204 0.031599
7 0.373807 0.490706 0.008673 0.044610
7 0.383348 0.468401 0.003469 0.007435
