7 0.966309 0.356155 0.049805 0.098202
7 0.905273 0.316044 0.031250 0.059474
7 0.853516 0.325035 0.033203 0.066390
7 0.833496 0.275242 0.032227 0.060858
7 0.764160 0.251037 0.030273 0.053942
7 0.719238 0.424620 0.063477 0.118949
7 0.759766 0.331950 0.050781 0.077455
7 0.656250 0.282158 0.031250 0.049793
7 0.654785 0.350622 0.053711 0.103734
7 0.632324 0.230290 0.018555 0.026279
7 0.602539 0.253804 0.023438 0.034578
7 0.474609 0.228907 0.017578 0.026279
7 0.435547 0.207469 0.015625 0.027663
7 0.472656 0.272476 0.035156 0.063624
7 0.393555 0.224758 0.013672 0.026279
7 0.414551 0.248271 0.026367 0.051176
7 0.364258 0.240664 0.017578 0.030429
7 0.408203 0.301521 0.039062 0.063624
7 0.366211 0.303596 0.042969 0.076072
7 0.340820 0.261411 0.031250 0.058091
7 0.218750 0.245505 0.025391 0.037344
7 0.218262 0.258645 0.026367 0.038728
7 0.224121 0.307746 0.034180 0.065007
7 0.159180 0.282849 0.029297 0.048409
7 0.152344 0.258645 0.021484 0.035961
7 0.101562 0.259336 0.042969 0.067773
7 0.029785 0.327801 0.053711 0.091286
