7 0.035000 0.726465 0.006000 0.010657
7 0.053500 0.751332 0.015000 0.053286
7 0.050000 0.730906 0.004000 0.008881
7 0.159500 0.730906 0.017000 0.030195
7 0.222000 0.750444 0.018000 0.030195
7 0.202500 0.744227 0.015000 0.021314
7 0.231500 0.724689 0.009000 0.017762
7 0.270000 0.755773 0.008000 0.019538
7 0.266000 0.729130 0.006000 0.012433
7 0.345500 0.757549 0.013000 0.023091
7 0.389500 0.736234 0.011000 0.023091
7 0.412000 0.750444 0.016000 0.033748
7 0.430000 0.735346 0.012000 0.024867
7 0.439500 0.758437 0.007000 0.014210
7 0.521000 0.769982 0.010000 0.019538
7 0.581000 0.751332 0.008000 0.017762
7 0.596500 0.749556 0.009000 0.017762
7 0.565000 0.749556 0.006000 0.014210
7 0.645500 0.759325 0.007000 0.012433
7 0.673000 0.774423 0.010000 0.017762
7 0.697500 0.798401 0.007000 0.015986
7 0.718500 0.785080 0.011000 0.021314
7 0.756500 0.751332 0.009000 0.017762
7 0.767000 0.749556 0.010000 0.024867
7 0.778000 0.739787 0.010000 0.019538
7 0.808500 0.775311 0.013000 0.023091
7 0.851000 0.782416 0.010000 0.023091
7 0.874500 0.791297 0.011000 0.019538
7 0.725000 0.744227 0.008000 0.014210
7 0.717500 0.746892 0.007000 0.012433
