7 0.016250 0.303843 0.032500 0.023235
7 0.347500 0.225201 0.030000 0.028597
7 0.350000 0.224754 0.035000 0.029491
7 0.436875 0.226095 0.028750 0.026810
7 0.462500 0.206434 0.062500 0.062556
7 0.702500 0.180071 0.072500 0.077748
7 0.776250 0.217158 0.065000 0.058981
7 0.881250 0.270777 0.062500 0.058981
7 0.062500 0.486595 0.105000 0.086685
7 0.148125 0.499553 0.113750 0.107239
7 0.325000 0.500000 0.077500 0.063450
7 0.449375 0.357909 0.083750 0.079535
7 0.740000 0.496425 0.177500 0.149240
7 0.830000 0.441019 0.112500 0.083110
