7 0.721875 0.304307 0.096250 0.147940
7 0.640625 0.268727 0.071250 0.121723
7 0.273125 0.234082 0.066250 0.104869
7 0.040625 0.200375 0.043750 0.086142
7 0.133750 0.211610 0.040000 0.067416
7 0.981250 0.224719 0.027500 0.048689
7 0.902500 0.218165 0.037500 0.069288
7 0.765625 0.224719 0.036250 0.052434
7 0.843750 0.259363 0.030000 0.061798
7 0.820625 0.208801 0.036250 0.080524
7 0.529375 0.250000 0.036250 0.065543
7 0.577500 0.251873 0.035000 0.058052
7 0.469375 0.247191 0.038750 0.059925
7 0.398125 0.267790 0.033750 0.067416
7 0.378125 0.353933 0.026250 0.056180
7 0.345625 0.270599 0.028750 0.054307
7 0.334375 0.235019 0.033750 0.054307
7 0.228750 0.284644 0.032500 0.059925
7 0.198125 0.285581 0.031250 0.065543
7 0.528750 0.250000 0.032500 0.058052
