7 0.029615 0.601775 0.016154 0.026096
7 0.064231 0.590292 0.014615 0.024008
7 0.106538 0.583507 0.031538 0.050104
7 0.166154 0.558455 0.035385 0.052192
7 0.240385 0.536013 0.036154 0.057411
7 0.314615 0.521921 0.043077 0.060543
7 0.381538 0.572025 0.029231 0.048017
7 0.459231 0.554280 0.038462 0.058455
7 0.478077 0.558455 0.031538 0.041754
7 0.516923 0.550104 0.029231 0.043841
7 0.565769 0.566284 0.036154 0.053236
7 0.595385 0.526618 0.029231 0.051148
7 0.685385 0.536534 0.026154 0.052192
7 0.708077 0.536013 0.031538 0.053236
7 0.737692 0.550626 0.024615 0.034447
7 0.758846 0.561065 0.019231 0.028184
7 0.965769 0.533925 0.033077 0.049061
