7 0.300714 0.510165 0.035714 0.092757
7 0.357857 0.503812 0.030000 0.072427
7 0.437143 0.507624 0.035714 0.077510
7 0.515714 0.485388 0.031429 0.086404
7 0.564643 0.489835 0.036429 0.080051
7 0.717857 0.486658 0.035714 0.086404
7 0.785000 0.488564 0.028571 0.082592
7 0.856786 0.496823 0.033571 0.081321
7 0.075357 0.217281 0.036429 0.086404
7 0.107143 0.185515 0.034286 0.078780
7 0.167500 0.242058 0.032143 0.080051
7 0.226786 0.195680 0.033571 0.083863
7 0.296071 0.213469 0.032143 0.076239
7 0.360000 0.210292 0.031429 0.072427
7 0.405714 0.247776 0.032857 0.073698
7 0.476071 0.198221 0.030714 0.073698
7 0.526786 0.182973 0.032143 0.081321
7 0.577857 0.216645 0.031429 0.074968
7 0.637857 0.214740 0.031429 0.078780
7 0.701429 0.189962 0.032857 0.080051
7 0.756429 0.250953 0.032857 0.077510
7 0.817857 0.167090 0.037143 0.077510
7 0.877143 0.226175 0.032857 0.083863
7 0.961786 0.185515 0.036429 0.078780
7 0.587857 0.006989 0.022857 0.039390
7 0.903929 -0.019695 0.023571 0.047014
7 0.635714 0.498094 0.034286 0.076239
