7 0.765137 0.418033 0.067383 0.122951
7 0.670898 0.431011 0.060547 0.107923
7 0.562012 0.471995 0.057617 0.099727
7 0.454590 0.441940 0.057617 0.096995
7 0.349121 0.426230 0.063477 0.103825
7 0.114746 0.195355 0.055664 0.095628
7 0.222168 0.233607 0.047852 0.084699
7 0.316895 0.275956 0.047852 0.084699
7 0.383789 0.282787 0.046875 0.079235
7 0.476562 0.267077 0.048828 0.077869
7 0.558105 0.250683 0.045898 0.080601
7 0.655273 0.254781 0.046875 0.077869
7 0.750488 0.247951 0.055664 0.086066
7 0.842285 0.245219 0.049805 0.083333
