7 0.057122 0.890695 0.019288 0.038736
7 0.108605 0.904942 0.019585 0.031612
7 0.189614 0.907836 0.020178 0.035619
7 0.211276 0.872663 0.018398 0.039181
7 0.272255 0.807881 0.032938 0.059216
7 0.556231 0.824354 0.045994 0.069902
7 0.604303 0.902939 0.018694 0.033838
7 0.679822 0.908059 0.012463 0.026269
7 0.700297 0.888914 0.019585 0.037845
7 0.735460 0.911621 0.017507 0.028050
7 0.788576 0.920971 0.017507 0.030721
7 0.790504 0.880899 0.018398 0.036064
7 0.857122 0.866429 0.029970 0.051647
7 0.945549 0.866207 0.018694 0.035174
7 0.407715 0.502894 0.057567 0.126002
7 0.177893 0.520926 0.050742 0.095280
