7 0.038281 0.527778 0.020313 0.040741
7 0.058854 0.613426 0.008333 0.019444
7 0.100000 0.602778 0.009375 0.020370
7 0.123698 0.591667 0.009896 0.022222
7 0.164062 0.600463 0.009375 0.017593
7 0.271615 0.462500 0.026562 0.052778
7 0.273438 0.617593 0.008333 0.018519
7 0.495573 0.556944 0.014063 0.032407
7 0.542708 0.520833 0.021875 0.045370
7 0.582812 0.506019 0.017708 0.043519
7 0.627083 0.554167 0.015625 0.032407
7 0.673438 0.566667 0.012500 0.027778
7 0.721875 0.549537 0.012500 0.028704
7 0.818229 0.643981 0.008333 0.013889
7 0.822396 0.647685 0.006250 0.012037
7 0.844010 0.606019 0.011979 0.023148
7 0.853385 0.592130 0.010937 0.026852
7 0.873958 0.567593 0.013542 0.024074
7 0.890365 0.634722 0.008854 0.017593
7 0.920052 0.586111 0.013021 0.031481
