7 0.005196 0.614748 0.008083 0.005036
7 0.023672 0.613669 0.008083 0.005755
7 0.035797 0.608993 0.009238 0.005036
7 0.060046 0.613669 0.009238 0.005755
7 0.083718 0.616187 0.008083 0.005036
7 0.094688 0.628417 0.018476 0.032374
7 0.106236 0.626978 0.016166 0.033813
7 0.124134 0.617266 0.005774 0.004317
7 0.137991 0.613309 0.005774 0.003597
7 0.148383 0.622302 0.019630 0.027338
7 0.163972 0.612230 0.006928 0.004317
7 0.174942 0.611871 0.008083 0.005036
7 0.180139 0.612950 0.006928 0.004317
7 0.189376 0.615108 0.006928 0.005755
7 0.203233 0.614388 0.006928 0.004317
7 0.219977 0.615108 0.005774 0.004317
7 0.247691 0.617626 0.005774 0.003597
7 0.758083 0.615468 0.005774 0.003597
7 0.773095 0.614748 0.005774 0.003597
7 0.987298 0.629137 0.016166 0.028058
