7 0.026500 0.561468 0.049000 0.102752
7 0.112000 0.845872 0.038000 0.080734
7 0.065500 0.408257 0.027000 0.060550
7 0.087500 0.711927 0.033000 0.073394
7 0.078000 0.611009 0.026000 0.069725
7 0.087500 0.519266 0.025000 0.055046
7 0.101500 0.577064 0.027000 0.056881
7 0.148000 0.399083 0.022000 0.045872
7 0.199500 0.391743 0.027000 0.053211
7 0.238500 0.399083 0.025000 0.045872
7 0.278000 0.392661 0.020000 0.044037
7 0.311000 0.395413 0.020000 0.049541
7 0.349500 0.405505 0.019000 0.047706
7 0.376500 0.398165 0.019000 0.047706
7 0.425500 0.398165 0.017000 0.036697
7 0.447000 0.406422 0.018000 0.038532
7 0.466500 0.411927 0.015000 0.034862
7 0.489000 0.411927 0.016000 0.034862
7 0.509500 0.402752 0.015000 0.034862
7 0.525000 0.408257 0.014000 0.031193
7 0.529500 0.400917 0.015000 0.031193
7 0.556000 0.400917 0.016000 0.031193
7 0.567500 0.404587 0.013000 0.031193
7 0.581000 0.404587 0.014000 0.031193
7 0.608000 0.408257 0.014000 0.031193
7 0.625000 0.397248 0.014000 0.031193
7 0.638500 0.395413 0.013000 0.027523
7 0.658000 0.391743 0.014000 0.027523
7 0.676000 0.389908 0.012000 0.027523
7 0.715500 0.394495 0.013000 0.029358
7 0.715500 0.394495 0.013000 0.029358
7 0.751000 0.387156 0.018000 0.029358
7 0.787500 0.388073 0.013000 0.027523
7 0.768000 0.385321 0.012000 0.025688
7 0.812500 0.398165 0.017000 0.029358
7 0.831000 0.398165 0.010000 0.022018
7 0.863500 0.387156 0.011000 0.025688
7 0.889500 0.391743 0.013000 0.027523
7 0.885000 0.431193 0.014000 0.025688
7 0.897000 0.433945 0.012000 0.027523
7 0.844000 0.442202 0.014000 0.025688
7 0.828500 0.442202 0.011000 0.025688
7 0.814000 0.439450 0.012000 0.027523
7 0.808000 0.450459 0.012000 0.027523
7 0.775500 0.444954 0.015000 0.031193
7 0.791000 0.489908 0.030000 0.117431
7 0.762500 0.444037 0.013000 0.029358
7 0.735500 0.447706 0.013000 0.029358
7 0.709500 0.452294 0.015000 0.031193
7 0.676500 0.467890 0.015000 0.036697
7 0.642000 0.466972 0.016000 0.034862
7 0.652500 0.457798 0.017000 0.034862
7 0.610000 0.465138 0.014000 0.031193
7 0.600500 0.465138 0.017000 0.038532
7 0.572500 0.464220 0.015000 0.033028
7 0.555500 0.475229 0.017000 0.033028
7 0.527500 0.478899 0.017000 0.036697
7 0.486000 0.477064 0.016000 0.040367
7 0.435500 0.487156 0.015000 0.034862
7 0.432500 0.505505 0.021000 0.038532
7 0.327000 0.489908 0.024000 0.051376
7 0.220500 0.512844 0.021000 0.053211
7 0.324000 0.605505 0.024000 0.055046
7 0.307500 0.643119 0.023000 0.053211
7 0.338000 0.779817 0.024000 0.055046
7 0.162500 0.543119 0.057000 0.110092
7 0.250000 0.572477 0.056000 0.124771
7 0.373500 0.528440 0.037000 0.077064
7 0.475500 0.716514 0.029000 0.053211
7 0.415000 0.585321 0.024000 0.047706
7 0.440500 0.574312 0.023000 0.044037
7 0.488000 0.578899 0.020000 0.042202
7 0.537500 0.689908 0.023000 0.058716
7 0.557500 0.594495 0.023000 0.051376
7 0.540500 0.577064 0.023000 0.042202
7 0.657500 0.584404 0.033000 0.056881
7 0.636500 0.570642 0.025000 0.047706
7 0.701000 0.562385 0.022000 0.045872
7 0.700000 0.561468 0.024000 0.047706
7 0.722000 0.554128 0.022000 0.051376
7 0.745000 0.542202 0.022000 0.045872
7 0.773500 0.534862 0.019000 0.045872
7 0.824000 0.527523 0.022000 0.045872
7 0.825000 0.527523 0.022000 0.045872
7 0.861000 0.525688 0.022000 0.042202
7 0.994500 0.531193 0.011000 0.023853
7 0.980000 0.496330 0.012000 0.023853
7 0.955500 0.464220 0.011000 0.025688
7 0.950500 0.506422 0.019000 0.036697
7 0.950000 0.492661 0.014000 0.027523
7 0.915000 0.522018 0.016000 0.034862
7 0.916000 0.520183 0.018000 0.034862
7 0.885500 0.537615 0.019000 0.040367
