7 0.017692 0.433168 0.004615 0.006931
7 0.060000 0.448020 0.013846 0.018812
7 0.145000 0.441584 0.005385 0.007921
7 0.153846 0.457921 0.013846 0.044554
7 0.196538 0.312376 0.042308 0.058416
7 0.280000 0.451485 0.035385 0.047525
7 0.323077 0.427723 0.055385 0.063366
7 0.452308 0.436139 0.036923 0.052475
7 0.388462 0.444059 0.006154 0.018812
7 0.417308 0.439109 0.006923 0.008911
7 0.428846 0.437624 0.005385 0.007921
7 0.436923 0.446040 0.004615 0.004950
7 0.522308 0.441584 0.006154 0.007921
7 0.530769 0.441089 0.007692 0.010891
7 0.568077 0.460396 0.017692 0.029703
7 0.569615 0.446535 0.006923 0.009901
7 0.593846 0.466832 0.016923 0.024752
7 0.590769 0.437129 0.004615 0.006931
7 0.622692 0.438119 0.003846 0.004950
7 0.627308 0.458911 0.014615 0.020792
7 0.636154 0.437129 0.003077 0.004950
7 0.641923 0.440099 0.003846 0.004950
7 0.690385 0.447030 0.020769 0.034653
7 0.708462 0.441584 0.053846 0.057426
7 0.745385 0.436139 0.007692 0.010891
7 0.764615 0.452475 0.010769 0.041584
7 0.782692 0.437129 0.003846 0.004950
7 0.789615 0.451980 0.008462 0.028713
7 0.815769 0.438119 0.003846 0.004950
7 0.894615 0.438614 0.004615 0.005941
7 0.917308 0.443069 0.010000 0.010891
7 0.939231 0.439109 0.007692 0.010891
7 0.953462 0.441584 0.008462 0.009901
7 0.965385 0.439604 0.009231 0.009901
7 0.973846 0.436634 0.009231 0.011881
7 1.000000 0.438614 0.006154 0.009901
7 0.601154 0.447525 0.023846 0.035644
