7 0.412097 0.143545 0.111290 0.148362
7 0.837097 0.355491 0.141935 0.152216
7 0.978226 0.454721 0.050000 0.073218
7 0.735484 0.526975 0.012903 0.017341
7 0.375806 0.323699 0.083871 0.123314
7 0.019355 0.614644 0.012903 0.019268
7 0.036290 0.615607 0.011290 0.017341
7 0.041935 0.593449 0.016129 0.019268
7 0.089516 0.605010 0.011290 0.015414
7 0.095161 0.552987 0.012903 0.015414
7 0.111290 0.610790 0.009677 0.015414
7 0.125000 0.583815 0.011290 0.015414
7 0.149194 0.578998 0.011290 0.017341
7 0.171774 0.587669 0.011290 0.015414
7 0.204839 0.588632 0.012903 0.017341
7 0.190323 0.583815 0.012903 0.019268
7 0.240323 0.569364 0.012903 0.017341
7 0.283871 0.544316 0.012903 0.017341
7 0.066129 0.643545 0.025806 0.065511
