7 0.113281 0.503896 0.023438 0.041558
7 0.170410 0.483117 0.022461 0.036364
7 0.215820 0.479221 0.021484 0.036364
7 0.259277 0.489610 0.020508 0.038961
7 0.313477 0.481169 0.019531 0.035065
7 0.358398 0.464935 0.021484 0.036364
7 0.402832 0.457143 0.022461 0.033766
7 0.438477 0.467532 0.017578 0.031169
7 0.480957 0.454545 0.018555 0.033766
7 0.520996 0.451948 0.020508 0.033766
7 0.559082 0.463636 0.020508 0.033766
7 0.596191 0.470130 0.022461 0.036364
7 0.641602 0.464286 0.023438 0.035065
7 0.694336 0.437662 0.021484 0.036364
7 0.740723 0.445455 0.022461 0.033766
7 0.794434 0.437662 0.026367 0.036364
7 0.832031 0.421429 0.027344 0.042857
7 0.887207 0.427922 0.024414 0.035065
7 0.834961 0.348701 0.025391 0.040260
7 0.794922 0.348052 0.021484 0.036364
7 0.756836 0.361688 0.019531 0.037662
7 0.722168 0.370130 0.020508 0.038961
7 0.730469 0.322078 0.021484 0.036364
7 0.667969 0.407143 0.017578 0.037662
7 0.638184 0.406494 0.022461 0.036364
7 0.587891 0.379221 0.019531 0.036364
7 0.541992 0.381169 0.021484 0.035065
7 0.490234 0.419481 0.019531 0.033766
7 0.435059 0.435714 0.020508 0.029870
7 0.383789 0.420779 0.019531 0.031169
7 0.489258 0.415584 0.021484 0.036364
7 0.338867 0.432468 0.021484 0.036364
7 0.307617 0.432468 0.021484 0.036364
7 0.275879 0.438312 0.022461 0.035065
7 0.220215 0.444805 0.022461 0.029870
7 0.164551 0.442208 0.022461 0.035065
7 0.146973 0.364935 0.022461 0.038961
7 0.216309 0.376623 0.020508 0.036364
7 0.253906 0.373377 0.023438 0.037662
7 0.294922 0.360390 0.019531 0.035065
7 0.347168 0.367532 0.020508 0.033766
7 0.387695 0.348701 0.019531 0.032468
7 0.438477 0.363636 0.019531 0.031169
7 0.480957 0.343506 0.022461 0.037662
7 0.571289 0.362338 0.021484 0.038961
7 0.689941 0.325325 0.020508 0.032468
7 0.646484 0.331169 0.021484 0.038961
7 0.601562 0.335065 0.019531 0.031169
7 0.526855 0.334416 0.018555 0.032468
7 0.459961 0.313636 0.023438 0.032468
7 0.395996 0.329221 0.020508 0.032468
7 0.329590 0.346753 0.016602 0.031169
7 0.342285 0.314286 0.020508 0.033766
7 0.293945 0.328571 0.021484 0.031169
7 0.256836 0.333117 0.021484 0.035065
7 0.226074 0.360390 0.018555 0.032468
7 0.193359 0.322727 0.021484 0.035065
