7 0.027143 0.615548 0.022857 0.056924
7 0.043810 0.661852 0.023810 0.050977
7 0.013333 0.403993 0.025714 0.058624
7 0.082143 0.254885 0.050000 0.112150
7 0.122857 0.418012 0.023810 0.049278
7 0.157381 0.457519 0.023333 0.046729
7 0.173333 0.435854 0.025714 0.059473
7 0.209762 0.437553 0.025238 0.056075
7 0.257619 0.305862 0.044762 0.115548
7 0.320714 0.414613 0.023333 0.057774
7 0.344048 0.426508 0.027143 0.056075
7 0.355000 0.466865 0.024286 0.055225
7 0.403571 0.421835 0.026190 0.043331
7 0.442619 0.253186 0.043333 0.112150
7 0.508333 0.398046 0.021429 0.053526
7 0.527381 0.441376 0.026190 0.051827
7 0.565476 0.455395 0.025238 0.056075
7 0.628810 0.313509 0.036667 0.086661
7 0.665238 0.516568 0.040952 0.073067
7 0.695952 0.400170 0.027143 0.057774
7 0.764524 0.219626 0.046190 0.119796
7 0.820952 0.643585 0.023810 0.055225
7 0.859762 0.420986 0.025238 0.048428
7 0.858810 0.423534 0.025238 0.051827
7 0.906190 0.290569 0.041905 0.107052
