7 0.889375 0.299852 0.078750 0.115214
7 0.702500 0.507386 0.027500 0.042836
7 0.766250 0.611521 0.012500 0.017725
7 0.845625 0.567208 0.021250 0.035451
7 0.967500 0.487445 0.022500 0.035451
7 0.570000 0.386263 0.057500 0.090103
7 0.506250 0.395126 0.045000 0.072378
7 0.238125 0.457903 0.051250 0.082718
7 0.321250 0.630724 0.027500 0.041359
7 0.313750 0.548744 0.027500 0.042836
7 0.005000 0.505170 0.052500 0.076809
7 0.063125 0.604136 0.053750 0.082718
7 0.023750 0.415805 0.050000 0.072378
7 0.141250 0.449040 0.055000 0.079764
7 0.128750 0.437962 0.052500 0.063516
7 0.190000 0.500739 0.047500 0.067947
7 0.239375 0.461595 0.058750 0.078287
