7 0.007500 0.498124 0.012500 0.024390
7 0.045625 0.505629 0.016250 0.028143
7 0.055625 0.507505 0.013750 0.024390
7 0.089375 0.518762 0.011250 0.020638
7 0.100625 0.509381 0.013750 0.024390
7 0.140000 0.509381 0.012500 0.020638
7 0.149375 0.507505 0.013750 0.028143
7 0.111875 0.543152 0.021250 0.031895
7 0.252500 0.524390 0.012500 0.024390
7 0.252500 0.524390 0.015000 0.028143
7 0.313750 0.538462 0.025000 0.048780
7 0.193125 0.392120 0.038750 0.067542
7 0.390625 0.490619 0.011250 0.020638
7 0.370000 0.455910 0.022500 0.041276
7 0.447500 0.442777 0.035000 0.075047
7 0.489375 0.516886 0.013750 0.020638
7 0.506875 0.530019 0.011250 0.020638
7 0.529375 0.515947 0.013750 0.022514
7 0.555625 0.513133 0.018750 0.028143
7 0.586250 0.471857 0.020000 0.039400
7 0.606875 0.501876 0.016250 0.031895
7 0.616250 0.520638 0.015000 0.024390
7 0.635000 0.504690 0.015000 0.026266
7 0.650000 0.524390 0.015000 0.028143
7 0.676875 0.504690 0.013750 0.022514
7 0.715625 0.507505 0.016250 0.031895
7 0.746875 0.506567 0.016250 0.033771
7 0.786875 0.595685 0.013750 0.024390
7 0.778125 0.514071 0.013750 0.018762
7 0.730625 0.465291 0.013750 0.026266
7 0.713750 0.480300 0.015000 0.026266
7 0.690000 0.508443 0.012500 0.022514
7 0.651250 0.503752 0.015000 0.028143
7 0.690000 0.472795 0.015000 0.026266
7 0.674375 0.474672 0.013750 0.022514
7 0.640625 0.465291 0.013750 0.026266
7 0.616875 0.466229 0.013750 0.028143
7 0.606250 0.455910 0.012500 0.022514
7 0.571250 0.473734 0.012500 0.020638
7 0.558750 0.475610 0.012500 0.024390
7 0.542500 0.484053 0.012500 0.022514
7 0.521875 0.493433 0.013750 0.022514
7 0.510625 0.480300 0.011250 0.022514
7 0.500625 0.472795 0.011250 0.018762
7 0.488750 0.455910 0.010000 0.018762
7 0.479375 0.436210 0.011250 0.020638
7 0.491250 0.439024 0.010000 0.015009
7 0.515625 0.439962 0.013750 0.020638
7 0.535000 0.446529 0.010000 0.018762
7 0.548125 0.453096 0.011250 0.020638
7 0.568750 0.449343 0.012500 0.020638
7 0.578125 0.452158 0.011250 0.018762
7 0.536250 0.424015 0.012500 0.022514
7 0.556875 0.423077 0.013750 0.024390
7 0.580000 0.417448 0.012500 0.020638
7 0.546250 0.409944 0.010000 0.016886
7 0.566875 0.425891 0.008750 0.018762
7 0.566250 0.388368 0.010000 0.018762
7 0.586250 0.402439 0.012500 0.020638
7 0.616250 0.423077 0.012500 0.024390
7 0.628750 0.429644 0.015000 0.026266
7 0.640000 0.427767 0.012500 0.022514
7 0.649375 0.422139 0.011250 0.022514
7 0.653750 0.444653 0.010000 0.022514
7 0.661250 0.455910 0.015000 0.022514
7 0.673750 0.439962 0.012500 0.024390
7 0.685000 0.453096 0.012500 0.024390
7 0.711250 0.453096 0.012500 0.024390
7 0.731875 0.442777 0.013750 0.022514
7 0.711250 0.449343 0.012500 0.024390
7 0.698125 0.427767 0.013750 0.026266
7 0.677500 0.409944 0.012500 0.020638
7 0.589375 0.383677 0.011250 0.016886
7 0.607500 0.382739 0.012500 0.022514
7 0.598125 0.373358 0.011250 0.018762
7 0.610625 0.358349 0.011250 0.018762
7 0.632500 0.378049 0.012500 0.024390
7 0.651250 0.384615 0.010000 0.018762
7 0.671875 0.389306 0.013750 0.020638
7 0.679375 0.363039 0.011250 0.020638
7 0.705000 0.362101 0.012500 0.022514
7 0.718750 0.385553 0.010000 0.020638
7 0.718125 0.403377 0.011250 0.022514
7 0.728750 0.417448 0.012500 0.020638
7 0.742500 0.425891 0.012500 0.022514
7 0.753750 0.434334 0.015000 0.028143
7 0.766250 0.427767 0.012500 0.018762
7 0.771875 0.419325 0.016250 0.028143
7 0.754375 0.399625 0.011250 0.022514
7 0.737500 0.383677 0.012500 0.020638
7 0.740625 0.350844 0.013750 0.022514
7 0.718125 0.342402 0.013750 0.020638
7 0.741250 0.334897 0.012500 0.020638
7 0.788125 0.331144 0.011250 0.020638
7 0.816875 0.317073 0.013750 0.022514
7 0.790000 0.374296 0.040000 0.076923
7 0.853750 0.124765 0.090000 0.178236
7 0.989375 0.483114 0.033750 0.054409
7 0.976875 0.414634 0.018750 0.026266
7 0.977500 0.393058 0.015000 0.024390
7 0.967500 0.376173 0.015000 0.028143
7 0.992500 0.373358 0.015000 0.022514
7 0.963125 0.333021 0.016250 0.020638
7 0.990625 0.335835 0.013750 0.026266
7 0.978750 0.333021 0.015000 0.024390
7 0.953750 0.292683 0.015000 0.026266
7 0.978125 0.286116 0.013750 0.024390
7 0.638125 0.453096 0.013750 0.024390
