7 0.326446 0.209627 0.046488 0.065217
7 0.275052 0.321817 0.031508 0.070652
7 0.408833 0.303571 0.033574 0.062112
7 0.424587 0.337345 0.017562 0.031832
7 0.506198 0.295807 0.028926 0.049689
7 0.532800 0.325311 0.033574 0.060559
7 0.553461 0.324534 0.027376 0.055901
7 0.569473 0.298525 0.022211 0.038043
7 0.602273 0.325311 0.021694 0.037267
7 0.613636 0.334627 0.028926 0.043478
7 0.663481 0.338121 0.021178 0.041149
7 0.644370 0.317935 0.029442 0.039596
7 0.830579 0.344332 0.021694 0.028727
7 0.953771 0.345885 0.025310 0.025621
7 0.114411 0.328416 0.018079 0.035714
7 0.051653 0.302019 0.018595 0.032609
7 0.079545 0.288820 0.018595 0.031056
7 0.125517 0.292314 0.018595 0.036491
7 0.079287 0.289208 0.017045 0.028727
