7 0.370476 0.542000 0.047619 0.080000
7 0.465238 0.252000 0.042857 0.080000
7 0.758571 0.452000 0.040952 0.064000
7 0.947619 0.870000 0.020952 0.052000
7 0.405714 0.400000 0.017143 0.048000
7 0.113333 0.112000 0.007619 0.020000
7 0.145238 0.131000 0.008571 0.022000
7 0.042381 0.082000 0.008571 0.020000
7 0.017143 0.087000 0.007619 0.022000
7 0.057619 0.094000 0.008571 0.020000
7 0.224762 0.174000 0.009524 0.024000
7 0.282381 0.210000 0.008571 0.024000
7 0.303333 0.225000 0.008571 0.018000
7 0.326190 0.241000 0.008571 0.022000
7 0.357143 0.248000 0.007619 0.020000
7 0.375714 0.267000 0.006667 0.018000
7 0.394286 0.274000 0.007619 0.020000
7 0.418095 0.266000 0.007619 0.016000
7 0.536190 0.360000 0.007619 0.020000
7 0.530476 0.340000 0.009524 0.024000
7 0.570476 0.363000 0.007619 0.018000
7 0.559524 0.361000 0.006667 0.018000
7 0.579048 0.358000 0.007619 0.016000
7 0.597619 0.365000 0.008571 0.018000
7 0.936667 0.768000 0.012381 0.028000
7 0.962381 0.783000 0.010476 0.026000
7 0.984286 0.805000 0.010476 0.026000
7 0.998095 0.793000 0.009524 0.026000
7 0.818095 0.715000 0.009524 0.026000
7 0.796667 0.726000 0.010476 0.028000
7 0.772857 0.716000 0.010476 0.024000
7 0.696190 0.668000 0.013333 0.036000
7 0.657143 0.620000 0.009524 0.028000
7 0.071429 0.254000 0.011429 0.024000
7 0.031429 0.263000 0.009524 0.026000
7 0.011429 0.300000 0.011429 0.032000
7 0.009524 0.207000 0.011429 0.026000
7 0.003333 0.265000 0.008571 0.030000
7 0.028095 0.232000 0.010476 0.028000
7 0.179524 0.246000 0.008571 0.024000
7 0.133810 0.206000 0.010476 0.024000
7 0.134286 0.269000 0.009524 0.026000
7 0.245238 0.195000 0.010476 0.022000
7 0.260000 0.217000 0.007619 0.018000
7 0.160476 0.154000 0.008571 0.020000
7 0.183810 0.158000 0.009524 0.020000
7 0.199524 0.176000 0.008571 0.024000
7 0.208571 0.192000 0.009524 0.024000
7 0.506190 0.328000 0.008571 0.020000
7 0.340000 0.263000 0.007619 0.014000
7 0.022857 0.077000 0.009524 0.022000
7 0.006667 0.123000 0.009524 0.026000
7 0.004762 0.096000 0.009524 0.024000
7 0.979524 0.536000 0.006667 0.016000
7 0.977143 0.558000 0.007619 0.020000
7 0.809048 0.610000 0.008571 0.020000
7 0.094762 0.361000 0.012381 0.030000
7 0.349524 0.499000 0.011429 0.026000
7 0.073810 0.112000 0.008571 0.020000
7 0.024762 0.122000 0.011429 0.024000
7 0.044286 0.133000 0.008571 0.022000
7 0.597143 0.432000 0.026667 0.108000
7 0.622381 0.381000 0.006667 0.018000
7 0.791429 0.467000 0.007619 0.022000
7 0.785714 0.472000 0.007619 0.016000
7 0.710000 0.441000 0.006667 0.018000
7 0.674762 0.432000 0.006667 0.020000
7 0.660000 0.435000 0.007619 0.018000
