7 0.051562 0.376768 0.031250 0.054545
7 0.132031 0.378788 0.039062 0.062626
7 0.186719 0.331313 0.017188 0.032323
7 0.225000 0.338384 0.021875 0.030303
7 0.269531 0.407071 0.054688 0.086869
7 0.313281 0.371717 0.032813 0.052525
7 0.397656 0.344444 0.010937 0.014141
7 0.409375 0.379798 0.031250 0.048485
7 0.452344 0.354545 0.026562 0.046465
7 0.519531 0.366667 0.042188 0.074747
7 0.497656 0.331313 0.023438 0.028283
7 0.565625 0.336364 0.028125 0.038384
7 0.650781 0.390909 0.039062 0.062626
7 0.647656 0.312121 0.032813 0.050505
7 0.688281 0.333333 0.032813 0.044444
7 0.732031 0.364646 0.029687 0.038384
7 0.766406 0.318182 0.032813 0.042424
7 0.737500 0.410101 0.037500 0.060606
7 0.824219 0.392929 0.051562 0.082828
7 0.845313 0.400000 0.037500 0.056566
7 1.000000 0.360606 0.025000 0.050505
