7 0.024471 0.438244 0.018519 0.014881
7 0.013062 0.445685 0.013558 0.012401
7 0.055721 0.457713 0.003638 0.002728
7 0.125331 0.449281 0.013889 0.010665
7 0.175430 0.446181 0.030754 0.030258
7 0.214782 0.454737 0.028108 0.025050
7 0.257771 0.450273 0.050595 0.043403
7 0.334821 0.394593 0.128638 0.141865
7 0.598876 0.376116 0.142857 0.145585
7 0.440311 0.454613 0.037368 0.038194
7 0.515377 0.463418 0.030093 0.034970
7 0.734127 0.449157 0.018519 0.015873
7 0.784557 0.458333 0.035384 0.028770
7 0.852348 0.477059 0.035384 0.034474
7 0.793816 0.448909 0.021495 0.018353
7 0.817956 0.454861 0.013558 0.011409
7 0.838128 0.451513 0.007606 0.008185
7 0.927249 0.447669 0.021164 0.018353
7 0.971065 0.435640 0.062500 0.045387
