7 0.998500 0.703264 0.007000 0.015430
7 0.989000 0.706528 0.010000 0.019585
7 0.884500 0.720475 0.014333 0.029674
7 0.857167 0.727003 0.015000 0.034421
7 0.831833 0.710682 0.014333 0.031454
7 0.868667 0.698813 0.006667 0.012463
7 0.789167 0.696439 0.005000 0.011276
7 0.752833 0.706528 0.010333 0.020772
7 0.755000 0.710089 0.011333 0.023145
7 0.680000 0.697626 0.012667 0.029080
7 0.536833 0.683086 0.017000 0.036795
7 0.303000 0.681306 0.004667 0.008309
7 0.314167 0.676261 0.004333 0.008902
7 0.320000 0.682493 0.003333 0.005935
7 0.161667 0.667656 0.008000 0.015430
7 0.093167 0.660831 0.007000 0.013650
7 0.087667 0.666469 0.006667 0.013056
7 0.065000 0.669436 0.008000 0.014243
7 0.040167 0.673887 0.015000 0.030267
7 0.004500 0.669139 0.007000 0.017211
7 0.366833 0.691988 0.003667 0.007122
7 0.385000 0.685757 0.002000 0.004154
7 0.475000 0.689318 0.002000 0.004154
7 0.483667 0.688131 0.002000 0.004154
7 0.505833 0.689318 0.002333 0.004154
7 0.514667 0.689318 0.002000 0.004154
7 0.693333 0.693769 0.004000 0.008309
7 0.706167 0.697033 0.003667 0.007715
7 0.711667 0.693175 0.004000 0.008309
7 0.717833 0.694659 0.005000 0.011276
7 0.730167 0.694362 0.004333 0.008309
7 0.735000 0.695252 0.004000 0.007715
