7 0.859222 0.770833 0.164522 0.244281
7 0.372396 0.766136 0.138787 0.235703
7 0.051777 0.697100 0.119485 0.226716
7 0.162224 0.554739 0.081189 0.117647
7 0.329504 0.520833 0.051164 0.078431
7 0.545496 0.537990 0.053002 0.087418
7 0.780944 0.540645 0.069240 0.094363
7 0.928615 0.635825 0.091912 0.136846
7 0.894608 0.483456 0.040441 0.043709
7 0.015778 0.473243 0.035846 0.046160
7 0.049479 0.462623 0.029718 0.042892
7 0.096967 0.511438 0.048100 0.067810
7 0.252604 0.501838 0.038909 0.052696
7 0.368107 0.498570 0.032169 0.053513
7 0.385263 0.474265 0.034007 0.050654
7 0.141697 0.470792 0.030944 0.051879
7 0.289062 0.453023 0.022978 0.035131
7 0.322917 0.450368 0.020833 0.029820
7 0.385876 0.474060 0.032169 0.048611
7 0.462929 0.460989 0.021446 0.030637
7 0.506893 0.474060 0.022978 0.032271
7 0.494945 0.410539 0.012561 0.022876
7 0.603860 0.495098 0.033701 0.053105
7 0.679534 0.508987 0.034926 0.055556
7 0.980699 0.484886 0.034926 0.055556
7 0.980852 0.483864 0.036458 0.051879
7 0.955270 0.460580 0.022672 0.027369
7 0.892923 0.409518 0.017463 0.026552
7 0.843290 0.468137 0.025429 0.030229
7 0.814491 0.465482 0.020527 0.030637
7 0.757047 0.466708 0.021446 0.034722
7 0.778339 0.460580 0.022978 0.031454
7 0.699449 0.451185 0.021446 0.031454
7 0.728707 0.456291 0.018076 0.024510
7 0.591452 0.465278 0.024816 0.035131
7 0.624081 0.477124 0.025123 0.039216
7 0.666054 0.460580 0.021446 0.032271
7 0.682445 0.453227 0.014400 0.020833
7 0.666513 0.447712 0.015012 0.022876
7 0.885876 0.462827 0.025429 0.026961
7 0.681679 0.453023 0.013480 0.020425
