7 0.019097 0.540365 0.018904 0.029803
7 0.030382 0.521267 0.012539 0.025174
7 0.083719 0.520978 0.012346 0.018229
7 0.205247 0.513310 0.008873 0.017361
7 0.202160 0.502170 0.008873 0.016493
7 0.243731 0.497541 0.020255 0.036169
7 0.280961 0.493200 0.017940 0.033275
7 0.317901 0.489294 0.022377 0.035301
7 0.376736 0.471499 0.021219 0.036748
7 0.426890 0.490451 0.019290 0.030671
7 0.486786 0.520110 0.020255 0.026331
7 0.552566 0.457321 0.019483 0.036169
7 0.588638 0.502025 0.021026 0.030093
7 0.646123 0.471788 0.021798 0.031539
7 0.694734 0.459780 0.020255 0.034722
7 0.759549 0.483507 0.022184 0.035301
7 0.823399 0.468461 0.022955 0.039931
7 0.250579 0.478009 0.009259 0.018519
7 0.386767 0.473958 0.006559 0.016204
7 0.408372 0.478443 0.007330 0.014757
7 0.440297 0.467448 0.008681 0.016493
7 0.459587 0.480903 0.006752 0.012731
7 0.474441 0.476562 0.006366 0.013889
7 0.493152 0.475550 0.006752 0.013600
7 0.510513 0.470341 0.007909 0.015914
7 0.526910 0.476128 0.007137 0.013021
7 0.568673 0.473958 0.007330 0.013310
7 0.594039 0.469618 0.006752 0.013310
7 0.416667 0.360243 0.005015 0.008102
7 0.422164 0.348380 0.005208 0.009259
7 0.425251 0.359954 0.004437 0.008681
7 0.445602 0.345341 0.004630 0.008391
7 0.464506 0.346354 0.005401 0.008102
7 0.484568 0.347946 0.004244 0.007812
7 0.495081 0.348958 0.004823 0.008681
7 0.512346 0.346644 0.004630 0.009259
7 0.524595 0.347078 0.004051 0.007234
7 0.498650 0.317853 0.005401 0.009549
7 0.538194 0.324074 0.004244 0.008102
7 0.584587 0.344039 0.005208 0.009838
7 0.597126 0.347078 0.005980 0.008970
7 0.602238 0.353154 0.005787 0.009549
7 0.621914 0.345631 0.005401 0.009549
7 0.644097 0.344618 0.005015 0.009259
7 0.650367 0.323061 0.004437 0.007812
7 0.660108 0.338831 0.004630 0.008102
7 0.667921 0.344473 0.004823 0.008970
7 0.683738 0.346644 0.004437 0.008102
7 0.692805 0.355469 0.005208 0.009549
7 0.703800 0.344907 0.005594 0.009259
7 0.749614 0.347946 0.003858 0.006655
7 0.760320 0.365596 0.004437 0.007812
7 0.770544 0.379340 0.010995 0.034722
7 0.635031 0.473669 0.005401 0.008681
