7 0.706818 0.563830 0.010606 0.016548
7 0.681818 0.553191 0.009091 0.014184
7 0.653788 0.548463 0.010606 0.018913
7 0.642424 0.544917 0.009091 0.016548
7 0.622727 0.546099 0.009091 0.014184
7 0.576515 0.553191 0.010606 0.018913
7 0.557576 0.553191 0.009091 0.014184
7 0.524242 0.540189 0.009091 0.016548
7 0.503030 0.580378 0.024242 0.096927
7 0.488636 0.526005 0.010606 0.016548
7 0.428030 0.543735 0.007576 0.014184
7 0.466667 0.544917 0.009091 0.016548
7 0.446212 0.528369 0.007576 0.011820
7 0.434091 0.528369 0.007576 0.011820
7 0.425758 0.510638 0.006061 0.009456
7 0.406818 0.524823 0.007576 0.014184
7 0.368182 0.535461 0.015152 0.026005
7 0.249242 0.548463 0.010606 0.018913
7 0.400000 0.516548 0.006061 0.011820
7 0.456061 0.528369 0.009091 0.011820
7 0.602273 0.535461 0.007576 0.011820
