7 0.015869 0.570312 0.046387 0.088542
7 0.096191 0.493924 0.058594 0.126736
7 0.130615 0.602431 0.032715 0.059028
7 0.155273 0.541667 0.030273 0.060764
7 0.132324 0.487847 0.013672 0.022569
7 0.167725 0.496094 0.014160 0.026910
7 0.216309 0.498264 0.018555 0.187500
7 0.252441 0.484809 0.010742 0.023438
7 0.304443 0.519531 0.026855 0.047743
7 0.271973 0.512153 0.023438 0.036458
7 0.354004 0.528212 0.046875 0.098090
7 0.382568 0.610677 0.036621 0.217882
7 0.369873 0.534722 0.024902 0.055556
7 0.413818 0.491753 0.018066 0.037326
7 0.437500 0.529080 0.019531 0.037326
7 0.481934 0.576389 0.023438 0.050347
7 0.466797 0.503472 0.013672 0.024306
7 0.477783 0.494792 0.012207 0.022569
7 0.485352 0.516493 0.012695 0.020833
7 0.508057 0.499132 0.010254 0.019097
7 0.515869 0.501736 0.009277 0.020833
7 0.554199 0.533854 0.020508 0.029514
7 0.580566 0.499132 0.010742 0.022569
7 0.730225 0.515625 0.012207 0.022569
7 0.736816 0.507378 0.008789 0.018229
7 0.763428 0.536892 0.025879 0.051215
7 0.784912 0.520399 0.018066 0.032118
7 0.802002 0.496094 0.017090 0.026910
7 0.842285 0.534288 0.023438 0.039062
7 0.873291 0.503906 0.006348 0.011285
7 0.890625 0.507812 0.010742 0.022569
7 0.898438 0.518663 0.015625 0.028646
7 0.904541 0.562934 0.026855 0.051215
7 0.942383 0.544271 0.041016 0.086806
