7 0.710385 0.222280 0.045385 0.067992
7 0.935000 0.248954 0.011538 0.016736
7 0.993846 0.260460 0.009231 0.012552
7 0.966538 0.264644 0.008462 0.014644
7 0.899615 0.260460 0.006923 0.012552
7 0.842308 0.257845 0.007692 0.011506
7 0.881154 0.251569 0.006923 0.011506
7 0.828077 0.247908 0.006923 0.008368
7 0.816154 0.247385 0.007692 0.011506
7 0.794615 0.256799 0.006154 0.011506
7 0.777692 0.247385 0.007692 0.011506
7 0.760000 0.237971 0.009231 0.011506
7 0.733846 0.245293 0.007692 0.011506
7 0.745000 0.237971 0.006923 0.011506
7 0.806923 0.248954 0.006154 0.008368
7 0.670385 0.242155 0.006923 0.011506
7 0.660769 0.240586 0.010769 0.016736
7 0.648462 0.236402 0.012308 0.018828
7 0.603846 0.250000 0.010769 0.018828
7 0.583077 0.250523 0.010769 0.015690
7 0.567308 0.242155 0.010000 0.015690
7 0.538846 0.243201 0.011538 0.017782
7 0.505000 0.240063 0.010000 0.017782
7 0.485385 0.242155 0.013846 0.017782
7 0.463462 0.248954 0.011538 0.016736
7 0.405769 0.242155 0.013077 0.019874
7 0.382308 0.238494 0.012308 0.023013
7 0.350769 0.245293 0.016923 0.028243
7 0.309231 0.253661 0.013846 0.026151
7 0.298077 0.252615 0.014615 0.026151
7 0.234615 0.229603 0.018462 0.034519
7 0.180385 0.220188 0.020769 0.034519
7 0.128077 0.236925 0.017692 0.028243
7 0.062308 0.241632 0.023077 0.031381
7 0.014615 0.223326 0.015385 0.026151
7 0.026154 0.241632 0.016923 0.027197
7 0.084231 0.236925 0.011538 0.019874
7 0.318462 0.231695 0.007692 0.011506
