7 0.309583 0.417460 0.040833 0.088889
7 0.383333 0.503175 0.040000 0.085714
7 0.440417 0.163492 0.047500 0.117460
7 0.572500 0.507143 0.038333 0.100000
7 0.650833 0.428571 0.041667 0.107937
7 0.225833 0.207937 0.018333 0.047619
7 0.301250 0.103175 0.010833 0.019048
7 0.340417 0.141270 0.014167 0.025397
7 0.520000 0.177778 0.023333 0.053968
7 0.513333 0.153175 0.018333 0.049206
7 0.569167 0.138889 0.015000 0.030159
7 0.564583 0.154762 0.010833 0.023810
7 0.689167 0.179365 0.006667 0.012698
7 0.704167 0.142063 0.008333 0.017460
7 0.719167 0.141270 0.008333 0.019048
7 0.723750 0.221429 0.015833 0.042857
7 0.733750 0.219841 0.014167 0.039683
7 0.754583 0.146825 0.009167 0.020635
