7 0.830078 0.745974 0.113281 0.215227
7 0.552246 0.766471 0.032227 0.057101
7 0.526367 0.767936 0.033203 0.051245
7 0.450195 0.743045 0.013672 0.021962
7 0.374512 0.759883 0.026367 0.055637
7 0.282227 0.739385 0.037109 0.076135
7 0.164062 0.756955 0.029297 0.055637
7 0.098633 0.763543 0.023438 0.045388
7 0.042969 0.743777 0.031250 0.043924
7 0.729980 0.726940 0.012695 0.021962
7 0.701172 0.727672 0.009766 0.020498
7 0.655273 0.729136 0.009766 0.017570
7 0.677734 0.732796 0.005859 0.010249
7 0.668945 0.736457 0.003906 0.008785
7 0.628418 0.738653 0.004883 0.007321
7 0.644531 0.732796 0.005859 0.010249
7 0.607422 0.737189 0.003906 0.007321
7 0.603027 0.736457 0.004883 0.008785
7 0.599121 0.757687 0.012695 0.060029
7 0.573730 0.737189 0.006836 0.010249
7 0.568359 0.762079 0.015625 0.057101
7 0.717285 0.739385 0.004883 0.008785
7 0.740723 0.736457 0.006836 0.011713
7 0.745605 0.752562 0.012695 0.052709
7 0.752441 0.734261 0.004883 0.007321
7 0.765137 0.732064 0.004883 0.005857
7 0.770508 0.749634 0.013672 0.052709
7 0.884277 0.724744 0.018555 0.029283
7 0.906738 0.733529 0.012695 0.020498
7 0.926758 0.730600 0.011719 0.020498
7 0.426270 0.743045 0.004883 0.007321
7 0.330566 0.762811 0.010742 0.046852
7 0.319336 0.748170 0.005859 0.008785
7 0.303711 0.740117 0.007812 0.010249
7 0.218750 0.754026 0.005859 0.008785
7 0.205566 0.751830 0.006836 0.010249
7 0.197266 0.770132 0.015625 0.061493
7 0.180664 0.751830 0.015625 0.033675
7 0.126465 0.763543 0.012695 0.024890
7 0.113281 0.748170 0.011719 0.020498
7 0.085449 0.753294 0.012695 0.021962
7 0.004883 0.779649 0.021484 0.039531
7 0.226074 0.743045 0.002930 0.004392
7 0.233887 0.740849 0.002930 0.005857
7 0.067383 0.753294 0.025391 0.042460
7 0.345703 0.758419 0.019531 0.038067
