7 0.199773 0.476483 0.063182 0.087253
7 0.465682 0.540900 0.045909 0.071575
7 0.504545 0.414110 0.030000 0.053851
7 0.796364 0.428085 0.030000 0.051806
7 1.016364 0.428085 0.039091 0.055896
7 0.007045 0.378664 0.025000 0.056578
7 0.256364 0.467280 0.020000 0.041581
7 0.316818 0.482618 0.020000 0.042263
7 0.378864 0.493524 0.019545 0.038173
7 0.418182 0.473415 0.020000 0.038855
7 0.518409 0.466599 0.018636 0.029312
7 0.566364 0.479891 0.021818 0.040900
7 0.610455 0.500682 0.020909 0.037491
7 0.669318 0.463872 0.021364 0.041581
7 0.724773 0.472052 0.021364 0.047035
7 0.836818 0.475801 0.023636 0.044990
7 0.851364 0.362304 0.019091 0.030675
7 0.893409 0.359577 0.018636 0.032038
7 0.914091 0.330607 0.019091 0.039536
7 0.971364 0.332311 0.020000 0.033401
7 0.961136 0.192911 0.018636 0.029993
7 1.003636 0.118609 0.013636 0.023177
7 0.858864 0.123040 0.015000 0.033401
7 0.818409 0.150307 0.016818 0.023858
7 0.776591 0.130198 0.013182 0.027267
