7 -0.005435 0.875000 0.016304 0.021739
7 0.176630 0.871377 0.005435 0.007246
7 0.184783 0.887681 0.013587 0.050725
7 0.203804 0.900362 0.016304 0.057971
7 0.217391 0.881341 0.005435 0.009058
7 0.233016 0.879529 0.006793 0.009058
7 0.468071 0.904891 0.009511 0.012681
7 0.476902 0.893116 0.008152 0.010870
7 0.502717 0.884058 0.008152 0.010870
7 0.510190 0.880435 0.009511 0.014493
7 0.532609 0.898551 0.010870 0.014493
7 0.591712 0.883152 0.009511 0.016304
7 0.608016 0.899457 0.009511 0.012681
7 0.625000 0.898551 0.008152 0.010870
7 0.640625 0.898551 0.009511 0.014493
7 0.674592 0.893116 0.009511 0.014493
7 0.694973 0.906703 0.009511 0.012681
7 0.712636 0.892210 0.006793 0.009058
7 0.771060 0.888587 0.009511 0.012681
7 0.786005 0.894022 0.012228 0.016304
7 0.800951 0.894022 0.012228 0.016304
7 0.809783 0.887681 0.010870 0.014493
7 0.904891 0.891304 0.008152 0.014493
7 0.915761 0.930254 0.021739 0.103261
7 0.934103 0.894022 0.009511 0.012681
7 0.975543 0.884964 0.013587 0.016304
7 0.995924 0.878623 0.005435 0.007246
7 0.490489 0.922101 0.019022 0.072464
7 0.701766 0.900362 0.009511 0.014493
