7 0.104708 0.367500 0.017857 0.035000
7 0.178571 0.356250 0.019481 0.037500
7 0.155844 0.358750 0.022727 0.042500
7 0.219156 0.360000 0.016234 0.030000
7 0.203734 0.356250 0.021104 0.037500
7 0.276786 0.366250 0.017857 0.027500
7 0.258929 0.330000 0.024351 0.045000
7 0.321429 0.353750 0.022727 0.037500
7 0.335227 0.383750 0.021104 0.037500
7 0.386364 0.372500 0.016234 0.030000
7 0.392857 0.383750 0.019481 0.042500
7 0.377435 0.387500 0.024351 0.045000
7 0.449675 0.365000 0.025974 0.050000
7 0.481331 0.368750 0.021104 0.042500
7 0.494318 0.372500 0.027597 0.050000
7 0.543019 0.368750 0.021104 0.042500
7 0.577922 0.332500 0.032468 0.045000
7 0.599026 0.362500 0.025974 0.055000
7 0.620942 0.361250 0.030844 0.057500
7 0.653409 0.386250 0.034091 0.067500
7 0.683442 0.390000 0.045455 0.075000
7 0.724026 0.376250 0.029221 0.052500
7 0.771916 0.407500 0.043831 0.080000
7 0.788149 0.382500 0.040584 0.065000
7 0.797890 0.352500 0.027597 0.055000
7 0.818182 0.376250 0.032468 0.057500
7 0.842532 0.365000 0.035714 0.060000
7 0.880682 0.357500 0.037338 0.080000
7 0.932630 0.366250 0.040584 0.072500
7 0.904221 0.366250 0.048701 0.097500
7 1.011364 0.380000 0.029221 0.050000
