7 0.109375 0.194444 0.058594 0.118056
7 0.199707 0.296007 0.053711 0.105903
7 0.293457 0.299479 0.051758 0.109375
7 0.392578 0.325521 0.050781 0.098958
7 0.478516 0.328993 0.046875 0.102431
7 0.570801 0.334201 0.047852 0.092014
7 0.665527 0.294271 0.047852 0.098958
7 0.754395 0.276042 0.049805 0.093750
7 0.860352 0.181424 0.058594 0.123264
7 0.758301 0.408854 0.065430 0.137153
7 0.641113 0.404514 0.057617 0.121528
7 0.578613 0.421875 0.051758 0.111111
7 0.484375 0.426215 0.054688 0.137153
7 0.339844 0.400174 0.058594 0.130208
7 0.217285 0.405382 0.063477 0.119792
