7 0.014641 0.565918 0.026354 0.018555
7 0.062958 0.591309 0.020498 0.016602
7 0.174231 0.571289 0.040996 0.041016
7 0.132504 0.577148 0.092240 0.066406
7 0.231332 0.569824 0.029283 0.020508
7 0.269400 0.557129 0.023426 0.018555
7 0.319180 0.553223 0.029283 0.022461
7 0.377745 0.552734 0.017570 0.013672
7 0.322108 0.568848 0.035139 0.034180
7 0.462665 0.551270 0.017570 0.014648
7 0.445827 0.564941 0.027818 0.020508
7 0.511713 0.566406 0.024890 0.019531
7 0.559297 0.541504 0.043924 0.032227
7 0.693265 0.593750 0.033675 0.023438
7 0.785505 0.563965 0.019034 0.014648
7 0.811859 0.558105 0.019034 0.014648
7 0.850659 0.566406 0.017570 0.013672
7 0.881406 0.563965 0.020498 0.014648
7 0.911420 0.557617 0.027818 0.019531
7 0.973646 0.575684 0.058565 0.040039
