7 0.817383 0.301866 0.062500 0.117164
7 0.748535 0.412687 0.062500 0.122388
7 0.696045 0.364179 0.057129 0.114925
7 0.598633 0.500373 0.065430 0.132090
7 0.454590 0.486940 0.064453 0.117164
7 0.447754 0.359328 0.057617 0.112687
7 0.541016 0.290672 0.057617 0.109701
7 0.647949 0.294403 0.052734 0.105224
7 0.591064 0.315299 0.043457 0.072388
7 0.499023 0.326866 0.041016 0.071642
7 0.468750 0.325373 0.033203 0.062687
7 0.386719 0.411194 0.057617 0.116418
7 0.318359 0.419403 0.057617 0.111940
7 0.272949 0.404851 0.057617 0.121642
7 0.196289 0.323507 0.051758 0.100746
7 0.163086 0.236567 0.057617 0.105970
7 0.055908 0.258582 0.061035 0.097761
7 0.269775 0.286567 0.049316 0.077612
7 0.344727 0.290672 0.055664 0.106716
7 0.396240 0.263433 0.044434 0.082090
7 0.396484 0.258209 0.044922 0.080597
7 0.464600 0.261194 0.028809 0.061194
7 0.605469 0.295149 0.035156 0.067910
