7 0.871528 0.660000 0.026389 0.040000
7 0.796528 0.669474 0.018056 0.029474
7 0.743750 0.682105 0.020833 0.029474
7 0.918056 0.583158 0.008333 0.012632
7 0.834722 0.581053 0.008333 0.012632
7 0.815278 0.580000 0.008333 0.010526
7 0.749306 0.581053 0.009722 0.016842
7 0.713194 0.606316 0.009722 0.016842
7 0.689583 0.573684 0.006944 0.010526
7 0.767361 0.572632 0.009722 0.012632
7 0.644444 0.655789 0.027778 0.040000
7 0.534028 0.625263 0.015278 0.025263
7 0.579861 0.576842 0.009722 0.016842
7 0.363889 0.616842 0.027778 0.096842
7 0.347222 0.586316 0.013889 0.052632
7 0.336806 0.563158 0.004167 0.006316
7 0.284028 0.570526 0.006944 0.012632
7 0.261806 0.598947 0.023611 0.065263
7 0.440278 0.815789 0.088889 0.301053
7 0.254167 0.816842 0.077778 0.357895
7 0.054167 0.638947 0.044444 0.065263
7 0.065972 0.693684 0.037500 0.052632
7 0.328472 0.643158 0.043056 0.115789
