7 0.042143 0.211429 0.012857 0.014286
7 0.123571 0.238571 0.010000 0.011429
7 0.192143 0.192857 0.010000 0.011429
7 0.222143 0.247143 0.012857 0.014286
7 0.288571 0.257143 0.014286 0.014286
7 0.302857 0.265000 0.014286 0.015714
7 0.315714 0.267857 0.014286 0.015714
7 0.373571 0.267857 0.018571 0.018571
7 0.394286 0.185714 0.011429 0.011429
7 0.429286 0.218571 0.015714 0.017143
7 0.592143 0.121429 0.012857 0.017143
7 0.707143 0.145000 0.008571 0.007143
7 0.744286 0.119286 0.008571 0.010000
7 0.728571 0.173571 0.011429 0.012857
7 0.767143 0.142857 0.011429 0.011429
7 0.865000 0.157143 0.010000 0.011429
7 0.229286 0.421429 0.187143 0.222857
7 0.515000 0.395000 0.244286 0.290000
7 0.898571 0.472143 0.225714 0.304286
7 0.117857 0.317857 0.038571 0.041429
7 0.367143 0.392143 0.091429 0.092857
