7 0.014660 0.915895 0.009259 0.013889
7 0.029321 0.908179 0.010802 0.014918
7 0.077546 0.902006 0.010031 0.013889
7 0.055748 0.909208 0.011188 0.016975
7 0.095293 0.948302 0.026235 0.081790
7 0.150656 0.893004 0.019676 0.030864
7 0.186150 0.905093 0.011960 0.019033
7 0.196181 0.906121 0.007330 0.013889
7 0.236111 0.924126 0.014660 0.020062
7 0.233218 0.910494 0.010417 0.014403
7 0.261381 0.892490 0.013503 0.019547
7 0.266975 0.905093 0.010031 0.013889
7 0.298804 0.916924 0.008102 0.013889
7 0.337577 0.910494 0.008488 0.012346
7 0.364390 0.898920 0.008102 0.012860
7 0.391397 0.912551 0.007330 0.010288
7 0.474923 0.904578 0.008488 0.012860
7 0.458912 0.898663 0.011188 0.015432
7 0.442323 0.946759 0.022762 0.109568
7 0.506173 0.907922 0.006944 0.009259
7 0.521026 0.897119 0.008873 0.017490
7 0.554591 0.892233 0.011960 0.018004
7 0.583526 0.902778 0.012731 0.017490
7 0.608989 0.903807 0.006559 0.010288
7 0.601852 0.898920 0.006173 0.007716
7 0.634259 0.897119 0.006173 0.008230
7 0.618441 0.902263 0.006944 0.010288
7 0.646605 0.901749 0.006173 0.009259
7 0.671682 0.887860 0.013889 0.017490
7 0.683449 0.893261 0.009645 0.013889
7 0.712770 0.897119 0.010417 0.015432
7 0.733603 0.904064 0.015818 0.025206
7 0.774113 0.884002 0.009645 0.012860
7 0.808256 0.883488 0.010031 0.013889
7 0.815586 0.883745 0.009259 0.011317
7 0.842593 0.887603 0.007716 0.010802
7 0.847415 0.882459 0.009645 0.013889
7 0.874035 0.872171 0.008873 0.014918
7 0.940972 0.883745 0.006173 0.010288
7 0.965278 0.864969 0.012346 0.019033
