7 0.109681 0.587623 0.040441 0.052696
7 0.200368 0.407475 0.022059 0.032271
7 0.406097 0.451797 0.028493 0.040850
7 0.430147 0.487541 0.021446 0.037990
7 0.551471 0.454044 0.031250 0.033088
7 0.410999 0.351920 0.014400 0.026552
7 0.494332 0.325776 0.012561 0.020833
7 0.521599 0.289011 0.010723 0.016748
7 0.589308 0.326593 0.011336 0.017565
7 0.595435 0.288807 0.008885 0.014706
7 0.600184 0.275531 0.007966 0.013480
7 0.642004 0.270833 0.007047 0.009804
7 0.718137 0.281250 0.006740 0.011846
7 0.860447 0.307190 0.010110 0.016340
7 0.860294 0.367647 0.018995 0.031046
7 0.998775 0.329248 0.007353 0.017157
7 0.733303 0.448325 0.022978 0.033905
7 0.958487 0.639910 0.043811 0.058415
7 1.008425 0.513889 0.022365 0.031863
7 0.555760 0.259395 0.014706 0.021242
7 0.526808 0.240605 0.002145 0.003268
