7 0.200769 0.469682 0.106154 0.171319
7 0.425769 0.476901 0.053077 0.085659
7 0.400385 0.452839 0.039231 0.062560
7 0.088462 0.524062 0.046154 0.060635
7 0.293077 0.499038 0.026154 0.043311
7 0.336923 0.487007 0.029231 0.044273
7 0.126923 0.493744 0.033846 0.046198
7 0.603846 0.456208 0.055385 0.088547
7 0.567692 0.493263 0.033846 0.058710
7 0.523077 0.516362 0.021538 0.029836
7 0.483462 0.516362 0.023846 0.041386
7 0.696923 0.502406 0.029231 0.038499
7 0.757308 0.517806 0.030000 0.038499
7 0.980000 0.523580 0.069231 0.138595
7 0.892308 0.539942 0.032308 0.044273
7 0.791923 0.502887 0.051538 0.074110
