7 0.594971 0.595728 0.046387 0.077803
7 0.601562 0.536613 0.007812 0.011442
7 0.511230 0.538139 0.007812 0.014493
7 0.529297 0.540427 0.007812 0.011442
7 0.552490 0.514874 0.006348 0.010679
7 0.493408 0.522502 0.005371 0.007628
7 0.503418 0.519832 0.005859 0.009916
7 0.518066 0.507628 0.006836 0.008391
7 0.531494 0.512967 0.006348 0.011442
7 0.499268 0.486270 0.004395 0.008391
7 0.503906 0.484363 0.004883 0.009153
7 0.512939 0.483219 0.005371 0.009916
7 0.540283 0.469489 0.004395 0.008391
7 0.420410 0.542334 0.006836 0.013730
7 0.439209 0.465294 0.004395 0.007628
7 0.461670 0.480168 0.005371 0.008391
7 0.465088 0.457666 0.004395 0.006102
7 0.469238 0.451564 0.003906 0.006102
7 0.499512 0.439359 0.004883 0.007628
7 0.274170 0.518307 0.007324 0.009916
7 0.272461 0.508391 0.005859 0.009916
7 0.280762 0.503051 0.006836 0.011442
7 0.309570 0.510297 0.006836 0.010679
7 0.316895 0.478642 0.005859 0.011442
7 0.324951 0.479786 0.006348 0.010679
7 0.331055 0.486270 0.005859 0.009916
7 0.350830 0.379863 0.003418 0.004577
7 0.273193 0.362319 0.002441 0.004577
7 0.500488 0.440503 0.003906 0.006865
