7 0.034634 0.504237 0.016585 0.028249
7 0.070732 0.491525 0.018537 0.025424
7 0.120488 0.504944 0.012683 0.021186
7 0.129268 0.512006 0.014634 0.024011
7 0.197561 0.498588 0.016585 0.025424
7 0.245366 0.508475 0.016585 0.025424
7 0.269756 0.488701 0.016585 0.025424
7 0.309756 0.479520 0.018537 0.032486
7 0.356098 0.382062 0.037073 0.063559
7 0.400000 0.484463 0.017561 0.031073
7 0.460000 0.411017 0.030244 0.059322
7 0.532683 0.451271 0.031220 0.060734
7 0.530732 0.449153 0.027317 0.062147
7 0.676098 0.359463 0.068293 0.103107
7 0.784878 0.277542 0.040000 0.077684
7 0.830244 0.590395 0.031220 0.183616
7 0.865366 0.502825 0.021463 0.031073
7 0.900000 0.507768 0.014634 0.021186
7 0.948780 0.464689 0.024390 0.036723
7 0.962927 0.524718 0.013659 0.021186
7 1.005854 0.487994 0.013659 0.021186
