7 0.849231 0.672594 0.027692 0.035565
7 0.884231 0.675209 0.022308 0.034519
7 0.813462 0.645397 0.020769 0.033473
7 0.539615 0.656904 0.025385 0.039749
7 0.511923 0.629184 0.020769 0.034519
7 0.325385 0.647490 0.021538 0.033473
7 0.117308 0.636506 0.019231 0.028243
7 0.607692 0.633891 0.009231 0.016736
7 0.643462 0.639644 0.003846 0.005230
7 0.530385 0.651674 0.019231 0.027197
7 0.016923 0.629184 0.007692 0.015690
7 0.046154 0.621862 0.007692 0.013598
7 0.060385 0.628661 0.008462 0.010460
7 0.081154 0.618724 0.010000 0.015690
7 0.081154 0.620293 0.008462 0.010460
