7 0.962286 0.704673 0.036571 0.056075
7 0.938286 0.693458 0.029714 0.052336
7 0.743429 0.676636 0.062857 0.130841
7 0.361143 0.770093 0.121143 0.194393
7 0.639429 0.662617 0.042286 0.087850
7 0.673714 0.675701 0.026286 0.050467
7 0.567429 0.655140 0.033143 0.050467
7 0.477714 0.649533 0.029714 0.054206
7 0.284000 0.649533 0.026286 0.054206
7 0.249143 0.613084 0.016000 0.029907
7 0.084000 0.649533 0.014857 0.028037
7 0.151429 0.654206 0.021714 0.037383
7 0.852571 0.637383 0.016000 0.033645
7 0.680000 0.614953 0.018286 0.029907
7 0.591429 0.620561 0.019429 0.033645
7 0.514286 0.611215 0.011429 0.018692
7 0.533714 0.607477 0.009143 0.011215
7 0.371429 0.619626 0.009143 0.013084
7 0.333143 0.622430 0.012571 0.018692
7 0.318286 0.626168 0.012571 0.022430
7 0.136000 0.643925 0.018286 0.028037
7 0.022857 0.619626 0.011429 0.020561
