7 0.047500 0.837500 0.003333 0.005000
7 0.097083 0.874375 0.004167 0.006250
7 0.145000 0.871875 0.003333 0.006250
7 0.046667 0.921875 0.005000 0.006250
7 0.032500 0.919375 0.003333 0.006250
7 0.033333 0.914375 0.003333 0.006250
7 0.028333 0.921875 0.003333 0.006250
7 0.016667 0.931250 0.010000 0.035000
7 0.005417 0.920625 0.004167 0.006250
7 0.019167 0.948750 0.005000 0.010000
7 0.028333 0.953125 0.005000 0.008750
7 0.039167 0.950000 0.005000 0.007500
7 0.052917 0.966250 0.010833 0.042500
7 0.059167 0.963750 0.011667 0.040000
7 0.387083 0.943125 0.004167 0.006250
7 0.398750 0.936250 0.004167 0.007500
7 0.414167 0.935625 0.003333 0.006250
7 0.419583 0.965625 0.004167 0.006250
7 0.425417 0.935000 0.004167 0.007500
7 0.439167 0.931250 0.003333 0.005000
7 0.470417 0.889375 0.004167 0.006250
7 0.877917 0.931875 0.002500 0.003750
