7 0.135000 0.566500 0.012500 0.025000
7 0.170625 0.558500 0.012500 0.027000
7 0.220312 0.552000 0.020625 0.044000
7 0.276875 0.548000 0.022500 0.038000
7 0.355938 0.550000 0.016875 0.038000
7 0.330937 0.563000 0.013125 0.026000
7 0.323125 0.569000 0.012500 0.028000
7 0.374063 0.579000 0.013125 0.030000
7 0.391562 0.576500 0.013125 0.025000
7 0.400313 0.569000 0.013125 0.026000
7 0.428750 0.581500 0.012500 0.025000
7 0.473125 0.546000 0.018750 0.038000
7 0.461875 0.548500 0.016250 0.035000
7 0.506563 0.582500 0.013125 0.025000
7 0.515625 0.576000 0.013750 0.024000
7 0.552188 0.565000 0.016875 0.038000
7 0.578125 0.556000 0.017500 0.032000
7 0.628437 0.565000 0.018125 0.042000
7 0.661563 0.559500 0.018125 0.035000
7 0.721562 0.560500 0.016875 0.033000
7 0.750000 0.578000 0.022500 0.044000
7 0.836250 0.574000 0.022500 0.042000
7 0.947187 0.571000 0.013125 0.020000
7 0.962812 0.579500 0.010625 0.017000
