7 0.042778 0.602500 0.006667 0.013571
7 0.051111 0.598571 0.001111 0.001429
7 0.061389 0.605714 0.002778 0.010000
7 0.016389 0.626071 0.002778 0.003571
7 0.029722 0.625714 0.003889 0.005714
7 0.020278 0.667143 0.006111 0.008571
7 0.036389 0.674643 0.007222 0.007857
7 0.046944 0.675357 0.005000 0.007857
7 0.073611 0.665714 0.005000 0.007143
7 0.130000 0.689643 0.006667 0.007857
7 0.161389 0.661071 0.005000 0.006429
7 0.164167 0.678214 0.005000 0.007857
7 0.190278 0.672857 0.006111 0.008571
7 0.254722 0.674286 0.006111 0.008571
7 0.271944 0.672500 0.005000 0.007857
7 0.291667 0.674643 0.005556 0.007857
7 0.315833 0.708214 0.008333 0.012143
7 0.319444 0.660357 0.005556 0.007857
7 0.328889 0.671786 0.006667 0.022143
7 0.333889 0.663571 0.003333 0.005714
7 0.343333 0.663571 0.003333 0.005714
7 0.352778 0.666071 0.003333 0.005000
7 0.353333 0.661429 0.003333 0.004286
7 0.358889 0.661786 0.003333 0.005000
7 0.371667 0.655357 0.004444 0.005000
7 0.463889 0.650714 0.005556 0.007143
7 0.475000 0.647500 0.004444 0.006429
7 0.497778 0.651071 0.006667 0.017857
7 0.502222 0.642143 0.003333 0.005714
7 0.504444 0.648571 0.003333 0.004286
7 0.510278 0.644286 0.002778 0.004286
7 0.511944 0.648571 0.007222 0.015714
7 0.520278 0.641429 0.002778 0.004286
7 0.531389 0.642500 0.003889 0.006429
7 0.509722 0.647500 0.003889 0.005000
7 0.542778 0.645000 0.003333 0.004286
7 0.565000 0.643571 0.002222 0.004286
7 0.567778 0.641429 0.003333 0.004286
7 0.566944 0.627500 0.002778 0.003571
7 0.587778 0.636071 0.003333 0.005000
7 0.585833 0.645357 0.002778 0.003571
7 0.586389 0.666429 0.005000 0.008571
7 0.606944 0.627500 0.001667 0.002143
7 0.608611 0.623929 0.002778 0.003571
7 0.609444 0.634286 0.002222 0.002857
7 0.638611 0.637857 0.010556 0.018571
7 0.650000 0.634286 0.006667 0.027143
7 0.656111 0.630714 0.005556 0.014286
7 0.680000 0.656429 0.011111 0.037143
7 0.693333 0.644286 0.003333 0.004286
7 0.754167 0.649286 0.005000 0.007143
7 0.780000 0.657500 0.005556 0.006429
7 0.740000 0.605000 0.003333 0.010000
7 0.780556 0.621429 0.004444 0.017143
7 0.819167 0.629286 0.002778 0.002857
7 0.838333 0.620357 0.002222 0.003571
7 0.847222 0.636786 0.003333 0.012143
7 0.850278 0.636429 0.006111 0.014286
7 0.856667 0.625000 0.002222 0.002857
7 0.861389 0.616071 0.001667 0.002143
7 0.881667 0.647143 0.004444 0.004286
7 0.886667 0.649286 0.003333 0.004286
7 0.894167 0.620357 0.002778 0.003571
7 0.908611 0.622857 0.006111 0.021429
