7 0.910645 0.505124 0.053711 0.087848
7 0.963867 0.554173 0.044922 0.068814
7 0.752441 0.727672 0.022461 0.035139
7 0.680176 0.576135 0.040039 0.074671
7 0.603027 0.650805 0.032227 0.057101
7 0.578125 0.685944 0.029297 0.048316
7 0.572754 0.721083 0.024414 0.039531
7 0.460449 0.694729 0.024414 0.042460
7 0.366699 0.765007 0.022461 0.042460
7 0.326660 0.581259 0.045898 0.073206
7 0.222168 0.735725 0.020508 0.033675
7 0.119629 0.459736 0.063477 0.105417
7 0.019043 0.651537 0.026367 0.049780
7 0.160156 0.863836 0.005859 0.008785
7 0.153809 0.866764 0.006836 0.011713
7 0.258789 0.844802 0.005859 0.008785
7 0.803711 0.846266 0.007812 0.011713
7 0.794434 0.857247 0.006836 0.010249
