7 0.770000 0.438333 0.026667 0.041111
7 0.721667 0.413889 0.028333 0.045556
7 0.700417 0.390556 0.025833 0.036667
7 0.668333 0.408889 0.028333 0.044444
7 0.613750 0.407778 0.025833 0.040000
7 0.629583 0.382222 0.024167 0.040000
7 0.576250 0.428889 0.025833 0.042222
7 0.584167 0.414444 0.021667 0.037778
7 0.573750 0.375556 0.024167 0.037778
7 0.532083 0.406667 0.025833 0.044444
7 0.491667 0.444444 0.025000 0.040000
7 0.479167 0.412778 0.021667 0.034444
7 0.495833 0.385556 0.025000 0.037778
7 0.442500 0.410556 0.025000 0.043333
7 0.419167 0.399444 0.020000 0.038889
7 0.395000 0.422222 0.025000 0.040000
7 0.369167 0.413333 0.025000 0.042222
7 0.323333 0.426667 0.025000 0.040000
7 0.344583 0.421111 0.024167 0.042222
7 0.300000 0.405556 0.023333 0.040000
7 0.278333 0.430000 0.023333 0.044444
7 0.239167 0.425556 0.026667 0.044444
7 0.208333 0.436111 0.028333 0.043333
7 0.160833 0.416111 0.025000 0.045556
