7 0.084000 0.760305 0.012000 0.015233
7 0.111000 0.752688 0.008667 0.014337
7 0.140000 0.752240 0.009333 0.013441
7 0.143667 0.739247 0.010000 0.012545
7 0.173667 0.739247 0.008667 0.012545
7 0.172333 0.751792 0.010000 0.012545
7 0.178333 0.762545 0.011333 0.017921
7 0.208000 0.749552 0.010667 0.018817
7 0.189000 0.750896 0.007333 0.010753
7 0.200333 0.747312 0.007333 0.010753
7 0.233667 0.754032 0.010000 0.015233
7 0.246000 0.758065 0.013333 0.019713
7 0.263333 0.757168 0.010667 0.017921
7 0.280333 0.753136 0.018000 0.025986
7 0.316667 0.757616 0.013333 0.022401
7 0.332667 0.767473 0.012000 0.017025
7 0.343667 0.769265 0.012667 0.022401
7 0.347667 0.741487 0.022000 0.031362
7 0.402667 0.750896 0.012000 0.019713
7 0.411333 0.756272 0.012000 0.019713
7 0.454333 0.762993 0.014000 0.024194
7 0.439000 0.784050 0.016667 0.057348
7 0.462333 0.766129 0.007333 0.012545
7 0.519667 0.751344 0.012667 0.020609
7 0.536000 0.748656 0.010667 0.018817
7 0.552000 0.742832 0.009333 0.014337
7 0.619000 0.735663 0.010000 0.014337
7 0.678333 0.750000 0.015333 0.023297
7 0.670667 0.748208 0.013333 0.023297
7 0.105000 0.745072 0.004667 0.006272
