7 0.066993 0.680556 0.032680 0.027778
7 0.189542 0.642974 0.022876 0.021242
7 0.255719 0.636438 0.027778 0.027778
7 0.343137 0.628268 0.035948 0.031046
7 0.375000 0.660131 0.047386 0.045752
7 0.399510 0.720588 0.047386 0.045752
7 0.417484 0.647059 0.031046 0.032680
7 0.583333 0.687908 0.052288 0.052288
7 0.664216 0.642974 0.031046 0.034314
7 0.786765 0.625817 0.024510 0.022876
7 0.880719 0.642157 0.039216 0.039216
7 0.924837 0.620915 0.029412 0.026144
7 1.023693 0.598039 0.044118 0.045752
7 0.096405 0.638072 0.013072 0.014706
7 0.017157 0.643791 0.011438 0.013072
7 0.141340 0.668301 0.027778 0.075163
7 0.741013 0.616013 0.017974 0.016340
7 0.702614 0.637255 0.035948 0.035948
