7 0.094735 0.490814 0.025705 0.052898
7 0.080328 0.459930 0.024254 0.041812
7 0.178379 0.266234 0.047056 0.082673
7 0.222326 0.462781 0.025498 0.051315
7 0.254146 0.443459 0.025290 0.047513
7 0.282753 0.433323 0.022388 0.050681
7 0.351161 0.409724 0.023217 0.043396
7 0.427861 0.392936 0.021973 0.037061
7 0.502384 0.350966 0.022181 0.041812
7 0.597326 0.370130 0.019693 0.026291
7 0.662521 0.340038 0.066335 0.082040
7 0.783893 0.310580 0.015133 0.030092
7 0.826078 0.311530 0.014511 0.024390
7 0.873445 0.249604 0.027985 0.056383
7 0.977716 0.227906 0.015547 0.027558
