7 -0.020020 0.366279 0.092773 0.133075
7 0.112793 0.527778 0.131836 0.177003
7 0.293457 0.711240 0.149414 0.239018
7 0.162598 0.432171 0.094727 0.171835
7 0.079102 0.261628 0.078125 0.140827
7 0.225586 0.336563 0.062500 0.114987
7 0.255859 0.452842 0.068359 0.117571
7 0.328613 0.545220 0.075195 0.116279
7 0.395020 0.523256 0.065430 0.124031
7 0.381836 0.341731 0.052734 0.096899
7 0.488281 0.394057 0.048828 0.087855
7 0.523926 0.466408 0.053711 0.090439
7 0.520508 0.574935 0.056641 0.100775
7 0.640137 0.341731 0.047852 0.094315
7 0.716309 0.308786 0.059570 0.103359
7 0.716309 0.490956 0.106445 0.139535
7 0.847656 0.332041 0.070312 0.126615
7 0.948242 0.408269 0.050781 0.095607
7 0.997559 0.322351 0.047852 0.094315
