7 0.328077 0.294456 0.071538 0.141213
7 0.498462 0.305439 0.064615 0.119247
7 0.618077 0.340481 0.053077 0.101464
7 0.745000 0.331067 0.074615 0.124477
7 0.933077 0.336820 0.067692 0.108787
7 0.964615 0.286611 0.056923 0.100418
7 0.112692 0.292364 0.043846 0.067992
7 0.162692 0.354079 0.045385 0.074268
7 0.202692 0.356695 0.059231 0.094142
7 0.270769 0.290795 0.047692 0.081590
7 0.403077 0.371339 0.055385 0.100418
7 0.782308 0.305962 0.047692 0.091004
7 0.675385 0.344142 0.041538 0.069038
7 0.226154 0.343619 0.056923 0.101464
7 0.786154 0.305962 0.040000 0.078452
7 0.906154 0.362971 0.055385 0.098326
