7 0.276894 0.195965 0.041164 0.106689
7 0.517289 0.268657 0.037322 0.095080
7 0.622393 0.470702 0.059824 0.110006
7 0.928238 0.827529 0.025521 0.056385
7 0.975576 0.574350 0.021954 0.057490
7 0.895993 0.592593 0.021405 0.050857
7 0.859769 0.682421 0.021954 0.049198
7 0.815450 0.576285 0.022228 0.050304
7 0.808864 0.672195 0.024973 0.049751
7 0.738611 0.820066 0.022228 0.044776
7 0.762761 0.663903 0.016191 0.039801
7 0.725302 0.661139 0.018112 0.042012
7 0.694566 0.641238 0.018112 0.038695
7 0.671926 0.697623 0.017838 0.053068
7 0.588913 0.640133 0.017014 0.038695
7 0.518112 0.564677 0.028540 0.058043
7 0.410538 0.842454 0.017014 0.050857
7 0.396542 0.811498 0.014819 0.033167
7 0.335757 0.728856 0.021679 0.046987
7 0.306668 0.671089 0.017838 0.039801
7 0.281422 0.717800 0.022228 0.043671
7 0.228732 0.721117 0.021679 0.051410
7 0.199780 0.683250 0.019210 0.042012
7 0.152168 0.728579 0.022777 0.053068
7 0.023875 0.760918 0.019210 0.041459
7 0.055708 0.683527 0.017014 0.037037
7 0.011389 0.711166 0.017838 0.040354
7 0.425220 0.690437 0.021131 0.036484
