7 0.982919 0.241379 0.032091 0.057471
7 0.986025 0.245211 0.032091 0.053640
7 0.937888 0.307471 0.037267 0.078544
7 0.853520 0.254789 0.036232 0.080460
7 0.778468 0.390805 0.033126 0.072797
7 0.784161 0.243295 0.030021 0.076628
7 0.753623 0.227011 0.026915 0.067050
7 0.727743 0.229885 0.022774 0.049808
7 0.716874 0.300766 0.034161 0.084291
7 0.670807 0.224138 0.037267 0.068966
7 0.647516 0.320881 0.036232 0.078544
7 0.548137 0.154215 0.063147 0.124521
7 0.458075 0.334291 0.034161 0.074713
7 0.394928 0.194444 0.040373 0.078544
7 0.287267 0.285441 0.038302 0.068966
7 0.248965 0.234674 0.027950 0.059387
7 0.150104 0.295019 0.035197 0.099617
7 0.053830 0.205939 0.037267 0.090038
7 0.144928 0.165709 0.033126 0.070881
