7 0.663750 0.646875 0.007500 0.016250
7 0.649375 0.658125 0.007500 0.018750
7 0.630625 0.655000 0.007500 0.017500
7 0.618437 0.690625 0.004375 0.008750
7 0.567187 0.655000 0.005625 0.010000
7 0.561562 0.681250 0.005625 0.012500
7 0.435937 0.640625 0.009375 0.056250
7 0.518750 0.613125 0.003750 0.008750
7 0.532813 0.609375 0.003125 0.006250
7 0.535625 0.613125 0.002500 0.006250
7 0.544687 0.615625 0.003125 0.006250
7 0.547500 0.609375 0.002500 0.006250
7 0.558750 0.617500 0.003750 0.007500
7 0.557187 0.608750 0.003125 0.005000
7 0.562500 0.609375 0.002500 0.006250
7 0.573438 0.616250 0.004375 0.010000
7 0.585313 0.607500 0.003125 0.007500
7 0.580625 0.611875 0.003750 0.008750
7 0.570000 0.605000 0.003750 0.007500
7 0.576562 0.621875 0.009375 0.048750
7 0.560937 0.584375 0.003125 0.006250
7 0.577187 0.583750 0.003125 0.007500
7 0.591562 0.589375 0.004375 0.008750
7 0.610625 0.618125 0.003750 0.008750
7 0.610000 0.610000 0.003750 0.007500
