7 0.925781 0.436029 0.023438 0.039706
7 0.870605 0.370588 0.020508 0.035294
7 0.831543 0.433824 0.014648 0.023529
7 0.762695 0.376471 0.025391 0.047059
7 0.885254 0.408088 0.020508 0.030882
7 0.846191 0.400000 0.020508 0.032353
7 0.640625 0.447794 0.017578 0.030882
7 0.568848 0.391912 0.016602 0.030882
7 0.512695 0.452206 0.019531 0.030882
7 0.463867 0.425000 0.015625 0.032353
7 0.458008 0.408824 0.017578 0.026471
7 0.487305 0.431618 0.011719 0.022059
7 0.399902 0.455147 0.010742 0.019118
7 0.366211 0.435294 0.021484 0.029412
7 0.338867 0.460294 0.009766 0.017647
7 0.299316 0.434559 0.014648 0.025000
7 0.273926 0.448529 0.016602 0.026471
7 0.243164 0.408088 0.017578 0.025000
7 0.213867 0.455882 0.017578 0.029412
7 0.207520 0.433088 0.014648 0.022059
7 0.180664 0.402206 0.017578 0.030882
7 0.155762 0.437500 0.016602 0.025000
7 0.132812 0.454412 0.013672 0.020588
7 0.093750 0.435294 0.015625 0.026471
7 0.059082 0.439706 0.018555 0.032353
7 0.006348 0.434559 0.016602 0.033824
7 0.002930 0.498529 0.013672 0.026471
7 0.167480 0.344118 0.012695 0.020588
