7 0.203333 0.296366 0.008333 0.013784
7 0.007917 0.225564 0.007500 0.010025
7 0.002083 0.315789 0.007500 0.015038
7 0.015417 0.318922 0.007500 0.013784
7 0.012917 0.388471 0.010833 0.020050
7 0.005833 0.435464 0.015000 0.026316
7 0.040417 0.431704 0.012500 0.023810
7 0.055833 0.330827 0.010000 0.017544
7 0.065417 0.379073 0.009167 0.016291
7 0.080417 0.369048 0.010833 0.018797
7 0.080417 0.402882 0.012500 0.018797
7 0.124583 0.387218 0.012500 0.017544
7 0.107917 0.402256 0.009167 0.020050
7 0.080833 0.404135 0.011667 0.018797
7 0.008333 0.515038 0.013333 0.027569
7 0.016250 0.522556 0.012500 0.025063
7 0.032083 0.527569 0.015833 0.025063
7 0.045000 0.567669 0.015000 0.025063
7 0.070833 0.507519 0.015000 0.030075
7 0.064167 0.524436 0.011667 0.023810
7 0.067083 0.562657 0.017500 0.027569
7 0.075833 0.628446 0.016667 0.028822
7 0.092500 0.540100 0.015000 0.025063
7 0.101667 0.472431 0.013333 0.022556
7 0.124167 0.502506 0.013333 0.022556
7 0.130833 0.477444 0.015000 0.027569
7 0.130417 0.533835 0.012500 0.025063
7 0.117917 0.598997 0.020833 0.035088
7 0.147083 0.500627 0.014167 0.023810
7 0.160833 0.524436 0.015000 0.026316
7 0.163333 0.546992 0.016667 0.028822
7 0.176667 0.551378 0.018333 0.032581
7 0.191250 0.537594 0.017500 0.027569
7 0.156667 0.475564 0.015000 0.023810
7 0.149583 0.444236 0.012500 0.021303
7 0.161250 0.442356 0.012500 0.025063
7 0.179167 0.417293 0.011667 0.017544
7 0.191667 0.431078 0.013333 0.022556
7 0.189583 0.406015 0.014167 0.025063
7 0.191250 0.497494 0.014167 0.025063
7 0.202083 0.481203 0.015833 0.025063
7 0.241250 0.414160 0.012500 0.023810
7 0.239583 0.427318 0.014167 0.025063
7 0.269167 0.433584 0.013333 0.022556
7 0.281667 0.407895 0.011667 0.018797
7 0.298333 0.394737 0.013333 0.020050
7 0.305000 0.417920 0.011667 0.016291
7 0.312917 0.428571 0.012500 0.022556
7 0.303333 0.464912 0.013333 0.025063
7 0.264583 0.463033 0.010833 0.021303
7 0.260000 0.476190 0.015000 0.025063
7 0.234167 0.505013 0.015000 0.027569
7 0.220417 0.506892 0.015833 0.023810
7 0.352917 0.426065 0.010833 0.020050
7 0.340417 0.435464 0.010833 0.021303
7 0.325417 0.474311 0.015833 0.031328
7 0.351667 0.483083 0.013333 0.023810
7 0.348750 0.468672 0.012500 0.020050
7 0.353333 0.544486 0.016667 0.028822
7 0.329167 0.546366 0.013333 0.030075
7 0.319167 0.533835 0.013333 0.027569
7 0.306250 0.554511 0.015833 0.026316
7 0.282917 0.536341 0.015833 0.032581
7 0.269167 0.524436 0.016667 0.026316
7 0.266667 0.498747 0.013333 0.025063
7 0.255000 0.546366 0.018333 0.030075
7 0.241667 0.553258 0.015000 0.026316
7 0.230000 0.553885 0.016667 0.027569
7 0.244167 0.645363 0.015000 0.025063
7 0.227500 0.611529 0.018333 0.032581
7 0.229167 0.635965 0.018333 0.028822
7 0.212917 0.695489 0.019167 0.042607
7 0.135000 0.764411 0.020000 0.040100
7 0.168333 0.786967 0.026667 0.047619
7 0.290417 0.585213 0.015833 0.027569
7 0.316667 0.618421 0.023333 0.036341
7 0.355833 0.576441 0.018333 0.030075
7 0.363333 0.621554 0.018333 0.040100
7 0.290833 0.948622 0.038333 0.057644
7 0.479167 0.944862 0.028333 0.050125
7 0.593333 0.939850 0.031667 0.057644
7 0.714583 0.977444 0.027500 0.045113
7 0.312917 0.824561 0.022500 0.045113
7 0.342500 0.774436 0.025000 0.047619
7 0.349167 0.755013 0.021667 0.043860
7 0.412500 0.860902 0.028333 0.042607
7 0.417083 0.831454 0.022500 0.046366
7 0.452083 0.805764 0.022500 0.047619
7 0.507917 0.806391 0.025833 0.043860
7 0.510833 0.748747 0.026667 0.041353
7 0.585417 0.807018 0.022500 0.045113
7 0.566250 0.750627 0.025833 0.040100
7 0.638750 0.809524 0.027500 0.040100
7 0.629167 0.773183 0.025000 0.050125
7 0.622500 0.714286 0.026667 0.045113
7 0.580000 0.698622 0.025000 0.043860
7 0.567083 0.682957 0.020833 0.042607
7 0.532500 0.666040 0.018333 0.033835
7 0.519167 0.634085 0.018333 0.037594
7 0.490833 0.585840 0.015000 0.026316
7 0.440000 0.714286 0.023333 0.035088
7 0.452500 0.550125 0.015000 0.027569
7 0.462917 0.449248 0.014167 0.021303
7 0.523750 0.552632 0.019167 0.035088
7 0.538750 0.530702 0.019167 0.031328
7 0.552917 0.554511 0.015833 0.026316
7 0.565000 0.545113 0.020000 0.035088
7 0.560417 0.595865 0.017500 0.033835
7 0.600833 0.660401 0.021667 0.037594
7 0.628750 0.661028 0.020833 0.038847
7 0.515833 0.407895 0.013333 0.021303
7 0.502083 0.396617 0.010833 0.021303
7 0.487917 0.382832 0.012500 0.018797
7 0.491250 0.368421 0.012500 0.020050
7 0.512917 0.359023 0.014167 0.021303
7 0.475000 0.228697 0.006667 0.011278
7 0.570417 0.359023 0.009167 0.018797
7 0.562917 0.381579 0.014167 0.018797
7 0.562083 0.374687 0.012500 0.022556
7 0.577500 0.433584 0.011667 0.022556
7 0.584583 0.407268 0.012500 0.017544
7 0.583333 0.373434 0.013333 0.022556
7 0.595417 0.377193 0.012500 0.020050
7 0.611667 0.423559 0.011667 0.020050
7 0.606667 0.364662 0.011667 0.017544
7 0.654167 0.367168 0.011667 0.022556
7 0.670000 0.345238 0.010000 0.018797
7 0.685833 0.355890 0.011667 0.022556
7 0.721667 0.358396 0.010000 0.020050
7 0.742500 0.355890 0.011667 0.020050
7 0.767500 0.377820 0.011667 0.018797
7 0.747917 0.436090 0.012500 0.022556
7 0.730417 0.439850 0.010833 0.022556
7 0.748333 0.479323 0.015000 0.026316
7 0.735000 0.521930 0.016667 0.026316
7 0.730833 0.520677 0.015000 0.028822
7 0.732500 0.575815 0.018333 0.033835
7 0.614583 0.609649 0.015833 0.031328
7 0.613750 0.558271 0.017500 0.028822
7 0.640000 0.576441 0.016667 0.035088
7 0.687917 0.605890 0.017500 0.038847
7 0.686667 0.610902 0.018333 0.031328
7 0.700417 0.795113 0.025833 0.043860
7 0.808333 1.090226 0.071667 0.325815
7 0.819167 0.776942 0.026667 0.052632
7 0.796250 0.756892 0.029167 0.052632
7 0.900000 0.893484 0.028333 0.057644
7 0.929167 0.781955 0.028333 0.050125
7 0.875000 0.712406 0.026667 0.048872
7 0.819167 0.699875 0.026667 0.038847
7 0.795833 0.607143 0.016667 0.036341
7 0.863750 0.612782 0.019167 0.032581
7 0.945417 0.669799 0.027500 0.046366
7 0.950833 0.614662 0.018333 0.023810
7 0.926667 0.518170 0.016667 0.031328
7 0.915000 0.521303 0.015000 0.027569
7 0.784167 0.360902 0.011667 0.017544
7 0.788750 0.411028 0.015833 0.025063
7 0.785000 0.437343 0.015000 0.025063
7 0.794583 0.469925 0.014167 0.025063
7 0.807083 0.433584 0.015833 0.027569
7 0.815000 0.403509 0.013333 0.022556
7 0.802917 0.362155 0.009167 0.017544
7 0.829167 0.361529 0.013333 0.018797
7 0.828750 0.350251 0.012500 0.021303
7 0.832500 0.327694 0.013333 0.018797
7 0.842917 0.312030 0.010833 0.015038
7 0.904167 0.313910 0.011667 0.016291
7 0.922083 0.324561 0.010833 0.017544
7 0.911250 0.382832 0.010833 0.023810
7 0.935833 0.402256 0.013333 0.025063
7 0.882500 0.401003 0.011667 0.020050
7 0.904583 0.415414 0.014167 0.026316
7 0.886250 0.431704 0.015833 0.026316
7 0.864583 0.442356 0.015833 0.027569
7 0.971667 0.436717 0.011667 0.018797
7 0.843750 0.558897 0.017500 0.035088
7 0.866250 0.552005 0.014167 0.028822
7 0.881250 0.568922 0.015833 0.035088
7 0.420417 0.305138 0.009167 0.011278
