7 0.001475 0.575195 0.029499 0.021484
7 0.053835 0.568359 0.022124 0.017578
7 0.088496 0.575195 0.023599 0.019531
7 0.111357 0.562988 0.019174 0.014648
7 0.160767 0.573242 0.026549 0.017578
7 0.160767 0.564453 0.026549 0.017578
7 0.222714 0.570801 0.026549 0.020508
7 0.272124 0.559570 0.019174 0.011719
7 0.320059 0.561035 0.017699 0.014648
7 0.307522 0.556641 0.013274 0.011719
7 0.326696 0.550293 0.013274 0.008789
7 0.354720 0.561035 0.016224 0.010742
7 0.366519 0.558105 0.013274 0.010742
7 0.404130 0.553711 0.011799 0.007812
7 0.434366 0.553223 0.013274 0.008789
7 0.443215 0.541992 0.013274 0.009766
7 0.460177 0.553223 0.011799 0.006836
7 0.512537 0.548828 0.019174 0.015625
7 0.418879 0.551758 0.011799 0.007812
