7 0.076667 0.461102 0.028889 0.024311
7 0.085556 0.401945 0.024444 0.019449
7 0.180000 0.422204 0.026667 0.024311
7 0.162222 0.370340 0.022222 0.021070
7 0.175556 0.380875 0.017778 0.012966
7 0.352222 0.466775 0.024444 0.025932
7 0.397778 0.414911 0.022222 0.022690
7 0.451111 0.399514 0.026667 0.024311
7 0.517778 0.385737 0.026667 0.022690
7 0.594444 0.384117 0.024444 0.022690
7 0.598889 0.474068 0.024444 0.021070
7 0.727778 0.442464 0.046667 0.035656
7 0.982222 0.595624 0.035556 0.030794
7 0.316667 0.534846 0.060000 0.045381
7 0.973333 0.474878 0.026667 0.022690
7 -0.004444 0.479741 0.066667 0.081037
7 0.352222 0.418152 0.024444 0.022690
7 0.816667 0.407618 0.015556 0.014587
