7 0.796500 0.446000 0.107000 0.157000
7 0.534833 0.404250 0.091000 0.192500
7 0.675667 0.369500 0.104000 0.179000
7 0.509167 0.428750 0.078333 0.130500
7 0.604833 0.448000 0.067000 0.138000
7 0.011333 0.456500 0.013333 0.021000
7 0.086333 0.458250 0.010667 0.016500
7 0.021667 0.430750 0.012667 0.020500
7 0.074000 0.497500 0.008667 0.013000
7 0.112500 0.479000 0.008333 0.013000
7 0.298667 0.473750 0.006000 0.012500
7 0.290667 0.466250 0.004667 0.007500
7 0.381000 0.459000 0.014000 0.023000
7 0.331667 0.471250 0.008000 0.016500
7 0.346500 0.470000 0.006333 0.011000
7 0.358000 0.503250 0.022000 0.093500
7 0.346167 0.443750 0.021000 0.064500
7 0.359667 0.395000 0.009333 0.012000
7 0.365833 0.383250 0.006333 0.009500
7 0.388833 0.411000 0.018333 0.065000
7 0.413833 0.383250 0.006333 0.010500
7 0.369833 0.436250 0.006333 0.011500
7 0.382167 0.424000 0.006333 0.012000
7 0.452667 0.411750 0.018000 0.068500
7 0.969833 0.471750 0.012333 0.019500
7 0.920667 0.517250 0.012667 0.018500
7 0.397500 0.462250 0.013000 0.019500
7 0.184500 0.291000 0.006333 0.011000
