7 0.085333 0.061375 0.043000 0.077250
7 0.199750 0.057250 0.042500 0.085500
7 0.202500 0.161375 0.042000 0.075750
7 0.309250 0.168625 0.043167 0.069750
7 0.412083 0.021500 0.042500 0.066000
7 0.401417 0.157625 0.036833 0.067250
7 0.492083 0.152500 0.036167 0.071500
7 0.551417 0.025125 0.041167 0.063750
7 0.694667 0.198000 0.044667 0.085500
7 0.797667 0.140875 0.043667 0.102250
7 0.872417 0.203625 0.043833 0.075250
7 0.981500 0.019500 0.039333 0.059000
7 0.027167 0.328125 0.039000 0.092750
7 0.081833 0.319375 0.048333 0.089750
7 0.190917 0.399875 0.042833 0.087250
7 0.087250 0.714375 0.046167 0.083750
7 0.245750 0.764125 0.046833 0.080250
7 0.140417 0.366750 0.108167 0.158500
7 0.396333 0.380500 0.084000 0.166500
7 0.433917 0.512875 0.082167 0.155250
7 0.616917 0.331500 0.087833 0.160000
7 0.847083 0.319500 0.101500 0.165500
