7 0.007500 0.935000 0.008333 0.005556
7 0.050000 0.935556 0.006667 0.004444
7 0.061667 0.931667 0.006667 0.005556
7 0.069167 0.937778 0.011667 0.008889
7 0.078333 0.928889 0.010000 0.006667
7 0.084167 0.941111 0.011667 0.008889
7 0.101667 0.933889 0.010000 0.007778
7 0.103333 0.933889 0.010000 0.007778
7 0.115833 0.937222 0.011667 0.007778
7 0.127500 0.930556 0.011667 0.007778
7 0.144167 0.942778 0.011667 0.010000
7 0.212500 0.940000 0.008333 0.006667
7 0.212500 0.932778 0.008333 0.007778
7 0.223333 0.929444 0.010000 0.007778
7 0.255833 0.937222 0.011667 0.007778
7 0.249167 0.933333 0.011667 0.008889
7 0.269167 0.955000 0.021667 0.050000
7 0.279167 0.935556 0.011667 0.008889
7 0.299167 0.941111 0.011667 0.008889
7 0.297500 0.929444 0.011667 0.007778
7 0.313333 0.936111 0.016667 0.010000
7 0.317500 0.955556 0.018333 0.044444
7 0.334167 0.938333 0.011667 0.007778
7 0.344167 0.941111 0.011667 0.008889
7 0.365000 0.942778 0.010000 0.007778
7 0.365833 0.934444 0.008333 0.006667
7 0.372500 0.938333 0.008333 0.005556
7 0.390000 0.933333 0.010000 0.006667
7 0.419167 0.937778 0.011667 0.008889
7 0.419167 0.937222 0.011667 0.007778
7 0.434167 0.936111 0.008333 0.007778
7 0.446667 0.931667 0.010000 0.007778
7 0.484167 0.935000 0.011667 0.007778
7 0.498333 0.932222 0.006667 0.006667
7 0.511667 0.938333 0.013333 0.007778
7 0.535000 0.942222 0.010000 0.006667
7 0.548333 0.937222 0.010000 0.007778
7 0.565833 0.935556 0.011667 0.008889
7 0.574167 0.958889 0.025000 0.060000
7 0.585833 0.960556 0.021667 0.050000
7 0.609167 0.936111 0.011667 0.007778
7 0.631667 0.941111 0.013333 0.008889
7 0.648333 0.933333 0.010000 0.006667
7 0.670833 0.935556 0.011667 0.008889
7 0.665833 0.929444 0.008333 0.007778
7 0.700833 0.930000 0.008333 0.006667
7 0.694167 0.941667 0.008333 0.005556
7 0.700000 0.938333 0.010000 0.007778
7 0.716667 0.932778 0.010000 0.007778
7 0.724167 0.954444 0.021667 0.048889
7 0.735833 0.935000 0.008333 0.005556
7 0.745000 0.935556 0.010000 0.008889
7 0.751667 0.939444 0.010000 0.007778
7 0.809167 0.936667 0.008333 0.006667
7 0.823333 0.935556 0.010000 0.008889
7 0.837500 0.932222 0.008333 0.006667
7 0.856667 0.939444 0.010000 0.007778
7 0.868333 0.937222 0.010000 0.007778
7 0.880000 0.928333 0.010000 0.007778
7 0.897500 0.938333 0.011667 0.007778
7 0.912500 0.928889 0.011667 0.008889
7 0.981667 0.929444 0.010000 0.007778
7 0.972500 0.921111 0.015000 0.008889
7 0.032500 0.932778 0.011667 0.007778
7 0.230000 0.937222 0.010000 0.007778
