7 0.006000 0.463875 0.020667 0.018750
7 0.057833 0.469375 0.024333 0.019250
7 0.084000 0.477000 0.014000 0.011500
7 0.087500 0.470125 0.014333 0.011750
7 0.119167 0.473000 0.011000 0.008000
7 0.185333 0.456750 0.027333 0.018500
7 0.210333 0.462625 0.027333 0.020750
7 0.220333 0.450875 0.014667 0.012250
7 0.249500 0.467625 0.014333 0.010750
7 0.276167 0.432375 0.014333 0.013250
7 0.317000 0.440250 0.013333 0.013500
7 0.330833 0.441000 0.014333 0.013000
7 0.352333 0.475250 0.011333 0.009000
7 0.378833 0.447625 0.013667 0.012750
7 0.414833 0.452250 0.011667 0.011000
7 0.382667 0.469250 0.027333 0.020500
7 0.398500 0.480375 0.026333 0.025750
7 0.444167 0.438750 0.009667 0.009000
7 0.420333 0.465875 0.018000 0.014250
7 0.454833 0.464250 0.034333 0.029500
7 0.509000 0.444875 0.012667 0.009750
7 0.601000 0.424875 0.078667 0.076750
7 0.703500 0.361250 0.086333 0.092000
7 0.907333 0.485750 0.019333 0.015000
7 0.921833 0.491000 0.016333 0.013000
7 0.933833 0.491250 0.012333 0.009000
7 0.990833 0.484125 0.023000 0.019750
7 0.996833 0.490125 0.020333 0.020250
