7 0.113770 0.803385 0.004883 0.005208
7 0.046387 0.804036 0.010742 0.014323
7 0.072754 0.794271 0.030273 0.041667
7 0.237305 0.800130 0.005859 0.009115
7 0.283203 0.787760 0.005859 0.007812
7 0.292969 0.779297 0.005859 0.006510
7 0.299316 0.780599 0.004883 0.006510
7 0.309570 0.777995 0.005859 0.006510
7 0.329590 0.781250 0.002930 0.005208
7 0.328125 0.807943 0.005859 0.009115
7 0.300781 0.800130 0.005859 0.009115
7 0.370605 0.800130 0.008789 0.014323
7 0.425293 0.795573 0.006836 0.010417
7 0.453125 0.798177 0.007812 0.013021
7 0.468262 0.794271 0.006836 0.010417
7 0.502930 0.807292 0.003906 0.005208
7 0.552734 0.798828 0.011719 0.019531
7 0.576660 0.794271 0.012695 0.018229
7 0.585449 0.798177 0.006836 0.010417
7 0.706055 0.761068 0.025391 0.035156
7 0.721680 0.789714 0.011719 0.016927
7 0.888184 0.759766 0.018555 0.027344
