7 0.018500 0.719033 0.023000 0.036254
7 0.133000 0.765106 0.044000 0.049849
7 0.206000 0.766616 0.028000 0.046828
7 0.224500 0.717523 0.017000 0.033233
7 0.167500 0.725076 0.013000 0.018127
7 0.124500 0.728097 0.013000 0.018127
7 0.186000 0.729607 0.010000 0.018127
7 0.207000 0.717523 0.012000 0.018127
7 0.246500 0.728852 0.009000 0.013595
7 0.265500 0.729607 0.009000 0.015106
7 0.236500 0.722054 0.007000 0.012085
7 0.272000 0.750000 0.018000 0.058912
7 0.284000 0.721299 0.004000 0.007553
7 0.291500 0.721299 0.005000 0.007553
7 0.302000 0.716767 0.006000 0.010574
7 0.315000 0.722054 0.006000 0.009063
7 0.344000 0.738671 0.026000 0.042296
7 0.686000 0.738671 0.018000 0.030211
7 0.737000 0.716012 0.022000 0.030211
7 0.932000 0.762840 0.040000 0.057402
7 0.705000 0.734139 0.012000 0.024169
7 0.602000 0.726586 0.008000 0.012085
7 0.638500 0.712236 0.009000 0.013595
7 0.568000 0.722054 0.008000 0.012085
7 0.619500 0.725831 0.007000 0.010574
