7 0.325417 0.365409 0.029167 0.049057
7 0.384167 0.406918 0.031667 0.054088
7 0.077917 0.540881 0.015833 0.030189
7 0.175000 0.528302 0.015000 0.032704
7 0.200833 0.499371 0.011667 0.017610
7 0.223333 0.468553 0.013333 0.018868
7 0.268750 0.497484 0.009167 0.013836
7 0.271250 0.498113 0.009167 0.012579
7 0.284583 0.619497 0.012500 0.026415
7 0.319167 0.629560 0.013333 0.026415
7 0.540833 0.623270 0.015000 0.031447
7 0.575833 0.639623 0.018333 0.028931
7 0.612500 0.503145 0.031667 0.040252
7 0.727917 0.436478 0.015833 0.027673
7 0.727917 0.437107 0.015833 0.026415
7 0.782500 0.313836 0.021667 0.036478
