7 0.026887 0.540881 0.036792 0.052830
7 0.068868 0.565409 0.050943 0.056604
7 0.144340 0.555346 0.043396 0.069182
7 0.111792 0.559119 0.033019 0.049057
7 0.165566 0.536478 0.036792 0.054088
7 0.207075 0.522013 0.033019 0.047799
7 0.218868 0.610063 0.052830 0.083019
7 0.261321 0.638994 0.066038 0.113208
7 0.038679 0.650314 0.090566 0.120755
7 0.462736 0.784277 0.121698 0.189937
7 0.372170 0.603145 0.059434 0.101887
7 0.276415 0.533962 0.033962 0.046541
7 0.297642 0.525786 0.021698 0.037736
7 0.342453 0.532704 0.028302 0.049057
7 0.383962 0.533333 0.026415 0.037736
7 0.420283 0.531447 0.031132 0.041509
7 0.441038 0.552201 0.040566 0.057862
7 0.473585 0.572327 0.047170 0.075472
7 0.527358 0.530189 0.026415 0.036478
7 0.547170 0.565409 0.043396 0.064151
7 0.592925 0.533962 0.029245 0.051572
7 0.644340 0.525786 0.032075 0.042767
7 0.611321 0.533333 0.043396 0.060377
7 0.689151 0.422013 0.031132 0.046541
7 0.757075 0.434591 0.021698 0.038994
7 0.688208 0.645912 0.080189 0.114465
7 0.764623 0.589937 0.059434 0.090566
7 0.827358 0.598113 0.058491 0.091824
7 0.860849 0.581761 0.044340 0.061635
7 0.946226 0.589308 0.054717 0.084277
7 0.922642 0.516981 0.033962 0.045283
7 1.001887 0.548428 0.039623 0.067925
7 0.011321 0.464780 0.016981 0.026415
7 0.066038 0.454088 0.018868 0.037736
7 0.391981 0.408805 0.017925 0.027673
