7 0.009167 0.423333 0.031667 0.033333
7 0.043333 0.456667 0.040000 0.040000
7 0.107500 0.429167 0.031667 0.038333
7 0.182500 0.436667 0.031667 0.040000
7 0.282500 0.429167 0.035000 0.045000
7 0.349167 0.450000 0.031667 0.040000
7 0.403333 0.465000 0.033333 0.040000
7 0.459167 0.450000 0.035000 0.043333
7 0.489167 0.451667 0.025000 0.030000
7 0.566667 0.440000 0.036667 0.043333
7 0.645833 0.428333 0.035000 0.046667
7 0.654167 0.467500 0.031667 0.035000
7 0.726667 0.463333 0.033333 0.040000
7 0.816667 0.466667 0.043333 0.046667
7 0.954167 0.431667 0.091667 0.100000
7 0.390000 0.593333 0.073333 0.100000
7 0.397500 0.826667 0.135000 0.163333
