7 0.689941 0.662518 0.028320 0.045388
7 0.382812 0.630307 0.031250 0.054173
7 0.174805 0.597365 0.033203 0.049780
7 0.146484 0.545388 0.025391 0.042460
7 0.104980 0.476574 0.024414 0.033675
7 0.152832 0.485359 0.014648 0.027818
7 0.209473 0.494876 0.014648 0.029283
7 0.271484 0.501464 0.011719 0.021962
7 0.260742 0.508785 0.011719 0.019034
7 0.366211 0.489019 0.011719 0.020498
7 0.395996 0.527086 0.010742 0.017570
7 0.418457 0.522694 0.008789 0.017570
7 0.447754 0.514641 0.010742 0.016105
7 0.475098 0.519034 0.012695 0.021962
7 0.504395 0.517570 0.010742 0.019034
7 0.520020 0.518302 0.012695 0.023426
7 0.499023 0.570278 0.023438 0.036603
7 0.387695 0.573206 0.025391 0.048316
7 0.938477 0.525622 0.025391 0.043924
7 0.784180 0.520498 0.025391 0.039531
7 0.709473 0.527086 0.020508 0.040996
7 0.634277 0.505857 0.020508 0.033675
7 0.680664 0.458272 0.009766 0.017570
7 0.696289 0.502196 0.011719 0.017570
7 0.728027 0.455344 0.010742 0.020498
7 0.760742 0.467057 0.009766 0.017570
7 0.796875 0.454612 0.011719 0.021962
7 0.793457 0.475842 0.010742 0.020498
7 0.760742 0.512445 0.011719 0.020498
7 0.729980 0.507321 0.012695 0.021962
7 0.836914 0.475110 0.009766 0.021962
7 0.825684 0.525622 0.014648 0.026354
7 0.854980 0.455344 0.014648 0.023426
7 0.867188 0.440703 0.009766 0.017570
7 0.888672 0.445095 0.009766 0.020498
7 0.895020 0.474378 0.012695 0.026354
7 0.932129 0.498536 0.012695 0.021962
7 0.961426 0.505857 0.010742 0.021962
7 0.962402 0.461933 0.012695 0.021962
7 0.946289 0.316984 0.009766 0.019034
7 0.825195 0.323572 0.011719 0.020498
7 0.792969 0.319912 0.009766 0.019034
7 0.758301 0.320644 0.010742 0.020498
7 0.708984 0.324305 0.011719 0.021962
7 0.670898 0.332357 0.011719 0.020498
7 0.603027 0.390190 0.010742 0.021962
7 0.571289 0.456808 0.009766 0.020498
7 0.554688 0.480966 0.009766 0.016105
7 0.533691 0.481698 0.012695 0.023426
7 0.543945 0.456076 0.011719 0.019034
7 0.395508 0.500000 0.009766 0.016105
7 0.423340 0.497804 0.010742 0.017570
7 0.464355 0.481698 0.010742 0.020498
7 0.479980 0.483895 0.008789 0.016105
7 0.504395 0.483895 0.010742 0.019034
7 0.509277 0.461933 0.010742 0.021962
7 0.487793 0.459736 0.010742 0.017570
7 0.986328 0.576135 0.039062 0.112738
7 0.883789 0.519034 0.017578 0.036603
