7 0.062119 0.308750 0.019967 0.030833
7 0.310316 0.298333 0.018303 0.028333
7 0.217693 0.478750 0.040488 0.057500
7 0.633389 0.240000 0.024404 0.036667
7 0.731836 0.464583 0.032723 0.064167
7 0.723516 0.248750 0.016084 0.027500
7 0.831669 0.272083 0.021631 0.030833
7 0.970327 0.352083 0.032723 0.034167
7 0.455630 0.090000 0.012757 0.028333
7 0.002496 0.209167 0.010538 0.021667
7 0.032169 0.206250 0.013311 0.022500
7 0.089850 0.172917 0.008874 0.012500
7 0.094842 0.189167 0.009983 0.016667
7 0.135885 0.181667 0.009983 0.016667
7 0.141431 0.212917 0.011093 0.019167
7 0.121464 0.210417 0.013311 0.022500
7 0.108708 0.257500 0.014420 0.020000
7 0.132834 0.277917 0.013866 0.025833
7 0.169994 0.266667 0.011647 0.021667
7 0.198558 0.264583 0.013311 0.020833
7 0.231559 0.270417 0.012757 0.024167
7 0.255408 0.259167 0.010538 0.020000
7 0.231836 0.205833 0.013311 0.023333
7 0.187465 0.200417 0.013311 0.022500
7 0.169717 0.206667 0.011093 0.016667
7 0.165280 0.183750 0.009983 0.017500
7 0.215752 0.151667 0.005546 0.010000
7 0.306711 0.199167 0.012202 0.020000
7 0.357460 0.193750 0.012757 0.022500
7 0.326678 0.152083 0.005546 0.010833
7 0.393788 0.162500 0.004437 0.008333
7 0.414309 0.150417 0.006656 0.010833
7 0.404049 0.137500 0.004992 0.008333
7 0.420965 0.137500 0.004437 0.006667
7 0.476428 0.171250 0.005546 0.010833
7 0.476983 0.149167 0.005546 0.010000
7 0.493899 0.137500 0.003882 0.006667
7 0.499445 0.133333 0.003882 0.006667
7 0.508597 0.160833 0.005546 0.011667
7 0.562951 0.164167 0.005546 0.010000
7 0.599002 0.132500 0.004437 0.006667
7 0.603993 0.144167 0.004437 0.006667
7 0.610926 0.143750 0.003882 0.007500
7 0.618968 0.145417 0.004437 0.005833
7 0.634775 0.145417 0.004992 0.009167
7 0.650860 0.144583 0.004992 0.009167
7 0.663616 0.150417 0.004992 0.009167
7 0.683583 0.139167 0.003882 0.006667
7 0.757349 0.139583 0.004992 0.009167
7 0.795896 0.144583 0.005546 0.009167
7 0.801719 0.168750 0.007210 0.010833
7 0.807820 0.167917 0.004992 0.009167
7 0.815585 0.168333 0.006101 0.010000
7 0.822241 0.171667 0.007210 0.010000
7 0.830283 0.153333 0.006656 0.011667
7 0.836938 0.149167 0.006656 0.010000
7 0.511370 0.199167 0.006656 0.010000
7 0.533001 0.198333 0.008874 0.013333
7 0.557404 0.182500 0.009983 0.016667
7 0.570161 0.176667 0.008874 0.018333
7 0.594010 0.170833 0.011093 0.018333
7 0.609262 0.200417 0.008319 0.015833
7 0.629506 0.172083 0.005546 0.010833
7 0.632834 0.175833 0.007765 0.015000
7 0.660566 0.195000 0.009983 0.015000
7 0.673600 0.180000 0.010538 0.016667
7 0.699945 0.201250 0.007765 0.014167
7 0.716029 0.197917 0.009983 0.014167
7 0.731281 0.193333 0.010538 0.016667
7 0.785358 0.191250 0.009983 0.017500
7 0.775929 0.195000 0.009983 0.020000
7 0.834443 0.205417 0.011647 0.020833
7 0.803383 0.202917 0.009429 0.014167
7 0.820022 0.198333 0.009429 0.015000
7 0.856351 0.201667 0.009983 0.013333
7 0.889906 0.207500 0.011647 0.021667
7 0.928175 0.205833 0.012757 0.020000
7 0.915696 0.175833 0.007765 0.013333
7 0.656961 0.256250 0.010538 0.020833
7 0.715752 0.253750 0.011647 0.024167
7 0.742928 0.259167 0.011647 0.021667
7 0.768996 0.256250 0.011647 0.022500
7 0.797560 0.249583 0.013311 0.025833
7 0.823627 0.255417 0.011093 0.020833
7 0.853300 0.257917 0.012757 0.022500
7 0.884359 0.254583 0.013866 0.024167
7 0.945369 0.273750 0.012757 0.022500
7 0.983916 0.250417 0.015530 0.024167
7 0.407654 0.227917 0.024404 0.037500
7 0.985580 0.201667 0.009983 0.013333
7 0.028841 0.274167 0.012202 0.023333
