7 0.206667 0.402500 0.055556 0.115000
7 0.353889 0.448333 0.061111 0.113333
7 0.630000 0.531667 0.068889 0.146667
7 0.639444 0.419167 0.045556 0.088333
7 0.879444 0.535000 0.056667 0.093333
7 0.996667 0.500833 0.082222 0.198333
7 0.806111 0.365833 0.043333 0.078333
7 0.890000 0.302500 0.017778 0.025000
7 0.852778 0.300833 0.012222 0.018333
7 0.741667 0.315000 0.014444 0.026667
7 0.771667 0.313333 0.016667 0.030000
7 0.795556 0.295000 0.015556 0.023333
7 0.675556 0.326667 0.015556 0.026667
7 0.569444 0.320833 0.023333 0.038333
7 0.636111 0.312500 0.010000 0.015000
7 0.509444 0.341667 0.016667 0.026667
7 0.445556 0.360000 0.017778 0.026667
7 0.324444 0.365000 0.042222 0.070000
7 0.448889 0.313333 0.013333 0.026667
