7 0.039500 0.540036 0.019000 0.040925
7 0.097000 0.507117 0.024000 0.049822
7 0.144500 0.482206 0.057000 0.128114
7 0.232500 0.533808 0.051000 0.117438
7 0.293500 0.441281 0.047000 0.110320
7 0.328000 0.528470 0.054000 0.117438
7 0.449000 0.513345 0.062000 0.119217
7 0.484500 0.545374 0.013000 0.026690
7 0.531000 0.541815 0.060000 0.126335
7 0.589000 0.454626 0.056000 0.112100
7 0.654500 0.517794 0.063000 0.142349
7 0.825000 0.491993 0.080000 0.161922
7 0.882000 0.548932 0.014000 0.023132
7 1.000500 0.578292 0.013000 0.024911
