7 0.123889 0.504444 0.021111 0.025185
7 0.191667 0.491111 0.014444 0.025185
7 0.340556 0.488148 0.014444 0.022222
7 0.580000 0.505185 0.017778 0.026667
7 0.656111 0.508889 0.016667 0.025185
7 0.735556 0.513333 0.017778 0.028148
7 0.733333 0.529630 0.026667 0.037037
7 0.837222 0.451852 0.025556 0.038519
7 0.907778 0.565926 0.033333 0.044444
7 0.818889 0.585926 0.035556 0.048889
7 0.779444 0.722963 0.036667 0.056296
7 0.613333 0.620741 0.035556 0.053333
7 0.472222 0.597778 0.044444 0.063704
7 0.355556 0.621481 0.040000 0.066667
7 0.292222 0.437778 0.031111 0.048889
