7 0.652222 0.538580 0.044444 0.083333
7 0.810000 0.124228 0.033333 0.054012
7 0.612778 0.110340 0.030000 0.038580
7 0.663889 0.121914 0.018889 0.024691
7 0.382778 0.125772 0.027778 0.054012
7 0.439444 0.125000 0.014444 0.021605
7 0.272222 0.169753 0.033333 0.061728
7 0.161111 0.209105 0.031111 0.044753
7 0.260556 0.170525 0.025556 0.038580
7 0.312778 0.148148 0.018889 0.021605
7 0.201667 0.168210 0.012222 0.018519
7 0.216667 0.163580 0.006667 0.009259
7 0.125556 0.171296 0.006667 0.009259
7 0.100000 0.200617 0.017778 0.070988
