7 0.516406 0.370312 0.123438 0.131250
7 0.724219 0.433594 0.157812 0.151562
7 0.799219 0.294531 0.151562 0.157812
7 0.705469 0.308594 0.101562 0.132812
7 0.627344 0.311719 0.089063 0.110937
7 0.477344 0.255469 0.085938 0.123438
7 0.354687 0.257812 0.121875 0.178125
7 0.248438 0.253125 0.125000 0.118750
7 1.003125 0.269531 0.021875 0.026562
7 0.916406 0.243750 0.023438 0.031250
7 0.735156 0.180469 0.032813 0.039062
7 0.690625 0.175000 0.028125 0.040625
7 0.587500 0.179688 0.015625 0.018750
7 0.571875 0.178125 0.015625 0.018750
7 0.303125 0.133594 0.018750 0.020313
7 0.193750 0.118750 0.018750 0.021875
7 0.231250 0.128906 0.021875 0.023438
7 0.153906 0.126562 0.020313 0.028125
7 0.178125 0.111719 0.018750 0.023438
7 0.251563 0.117969 0.025000 0.029687
7 0.232031 0.115625 0.020313 0.021875
7 0.255469 0.119531 0.017188 0.020313
7 0.138281 0.120313 0.023438 0.028125
7 0.139844 0.110156 0.023438 0.023438
