7 0.881250 0.196748 0.057500 0.100813
7 0.867500 0.218699 0.052500 0.073171
7 0.743125 0.233333 0.046250 0.063415
7 0.727500 0.261789 0.052500 0.084553
7 0.741250 0.230894 0.047500 0.068293
7 0.653125 0.227642 0.036250 0.087805
7 0.631875 0.227642 0.051250 0.091057
7 0.523750 0.226829 0.057500 0.086179
7 0.388750 0.248780 0.057500 0.097561
7 0.261875 0.247967 0.053750 0.092683
7 0.104375 0.260163 0.078750 0.091057
7 0.157500 0.244715 0.055000 0.069919
7 0.206875 0.204065 0.043750 0.069919
7 0.291250 0.237398 0.045000 0.084553
7 0.458125 0.247967 0.048750 0.073171
7 0.313750 0.232520 0.037500 0.071545
7 0.580000 0.236585 0.022500 0.040650
