7 0.645175 0.904015 0.055263 0.089084
7 0.552193 0.941029 0.044737 0.072773
7 0.926754 0.678168 0.013158 0.023839
7 0.883772 0.720828 0.011404 0.013802
7 0.367982 0.762861 0.023684 0.042660
7 0.256140 0.782309 0.029825 0.046424
7 0.286404 0.641782 0.016667 0.026349
7 0.688596 0.620452 0.012281 0.018821
7 0.731579 0.601631 0.010526 0.016311
7 0.746053 0.592848 0.007895 0.011292
7 0.800439 0.593476 0.007895 0.012547
7 0.556579 0.598494 0.007895 0.010038
7 0.488158 0.618570 0.006140 0.010038
7 0.453947 0.597867 0.011404 0.016311
7 0.470175 0.608532 0.010526 0.017566
7 0.367544 0.595358 0.008772 0.013802
7 0.347368 0.599122 0.008772 0.011292
7 0.268860 0.617942 0.021930 0.081556
7 0.254386 0.591593 0.007018 0.011292
7 0.243860 0.580301 0.007018 0.011292
7 0.216228 0.616688 0.025439 0.086575
7 0.169737 0.609159 0.023684 0.081556
7 0.157895 0.574655 0.010526 0.015056
7 0.135526 0.575910 0.007895 0.012547
7 0.049123 0.598494 0.017544 0.057716
7 0.944737 0.597240 0.005263 0.007528
