7 0.191667 0.364423 0.152564 0.096154
7 1.019872 0.228365 0.129487 0.097115
7 0.398718 0.629327 0.041026 0.043269
7 0.351923 0.630288 0.042308 0.043269
7 0.560897 0.658173 0.037179 0.029808
7 0.655128 0.654808 0.035897 0.030769
7 0.778846 0.711058 0.037179 0.031731
7 0.725641 0.687019 0.025641 0.020192
7 0.807051 0.690385 0.029487 0.025000
7 0.894872 0.662500 0.030769 0.023077
7 0.632051 0.702404 0.023077 0.020192
7 0.515385 0.712019 0.020513 0.018269
7 0.455769 0.692308 0.024359 0.021154
7 0.328846 0.393750 0.011538 0.010577
7 0.359615 0.400962 0.014103 0.011538
7 0.310897 0.399519 0.011538 0.010577
7 0.508974 0.400481 0.012821 0.010577
7 0.548077 0.396154 0.014103 0.011538
7 0.564744 0.399038 0.011538 0.009615
7 0.611538 0.400481 0.015385 0.010577
7 0.637821 0.391827 0.024359 0.018269
7 0.707692 0.376442 0.023077 0.022115
7 0.721154 0.392308 0.029487 0.023077
7 0.809615 0.381250 0.026923 0.022115
7 0.747436 0.401923 0.020513 0.021154
