7 0.898230 0.599315 0.005310 0.006849
7 0.766372 0.589041 0.007080 0.009132
7 0.753097 0.605023 0.012389 0.050228
7 0.737168 0.602740 0.015929 0.045662
7 0.723894 0.609589 0.014159 0.050228
7 0.707965 0.608447 0.014159 0.047945
7 0.532743 0.613014 0.007080 0.011416
7 0.426549 0.613014 0.007080 0.011416
7 0.391150 0.625571 0.007080 0.009132
7 0.380531 0.617580 0.007080 0.011416
7 0.346903 0.607306 0.007080 0.009132
7 0.308850 0.617580 0.008850 0.011416
7 0.284956 0.610731 0.010619 0.015982
7 0.286726 0.630137 0.010619 0.018265
7 0.253097 0.616438 0.010619 0.013699
7 0.244248 0.607306 0.007080 0.009132
7 0.225664 0.624429 0.008850 0.011416
7 0.211504 0.622146 0.008850 0.011416
7 0.201770 0.591324 0.007080 0.009132
7 0.176106 0.594749 0.005310 0.006849
7 0.156637 0.592466 0.008850 0.011416
7 0.111504 0.624429 0.010619 0.015982
