7 0.690365 0.549074 0.034896 0.064815
7 0.959896 0.600463 0.079167 0.123148
7 0.837240 0.576389 0.056771 0.128704
7 0.397917 0.543519 0.003125 0.005556
7 0.385937 0.546296 0.004167 0.007407
7 0.369271 0.542593 0.003125 0.005556
7 0.374219 0.542130 0.003646 0.006481
7 0.364323 0.542593 0.002604 0.005556
7 0.341406 0.560185 0.007812 0.038889
7 0.346615 0.547222 0.003646 0.007407
7 0.332552 0.549537 0.003646 0.006481
7 0.326302 0.546296 0.003646 0.007407
7 0.284635 0.540741 0.003646 0.007407
7 0.278906 0.544907 0.003646 0.006481
7 0.242188 0.541667 0.006250 0.011111
7 0.157552 0.543056 0.005729 0.008333
7 0.149479 0.542593 0.007292 0.012963
7 0.192708 0.542130 0.004167 0.008333
7 0.210156 0.542130 0.003646 0.006481
7 0.230990 0.546296 0.004687 0.009259
7 0.205729 0.561111 0.006250 0.048148
7 0.256510 0.543056 0.004687 0.010185
