7 0.000822 0.424479 0.006762 0.015077
7 0.010234 0.426398 0.007310 0.012336
7 0.018549 0.419682 0.009320 0.013706
7 0.032346 0.434485 0.016082 0.024123
7 0.034083 0.423109 0.009686 0.017818
7 0.060947 0.418311 0.007858 0.013158
7 0.078125 0.416667 0.009320 0.015351
7 0.091374 0.412281 0.008772 0.016996
7 0.099689 0.420916 0.017361 0.028235
7 0.124360 0.419545 0.010782 0.015077
7 0.147478 0.423109 0.019371 0.032072
7 0.160636 0.415022 0.006944 0.011513
7 0.174433 0.418448 0.006396 0.010143
7 0.184576 0.420367 0.005848 0.009594
7 0.197460 0.434485 0.003472 0.006579
7 0.203673 0.421875 0.006762 0.010417
7 0.213542 0.423931 0.004569 0.007401
7 0.242050 0.415433 0.005665 0.009594
7 0.280154 0.418174 0.008041 0.013980
7 0.328490 0.420504 0.004569 0.007675
7 0.306469 0.434211 0.042032 0.065789
7 0.350877 0.423246 0.032164 0.059211
7 0.379295 0.396245 0.023940 0.042489
7 0.411367 0.414885 0.014254 0.022752
7 0.432566 0.431332 0.020833 0.037007
7 0.449836 0.440104 0.011148 0.018914
7 0.468293 0.450384 0.009686 0.016447
7 0.493969 0.442023 0.010234 0.018366
7 0.516813 0.440927 0.011330 0.019463
7 0.557109 0.428591 0.030885 0.068805
7 0.606542 0.413925 0.035088 0.059211
7 0.649123 0.442571 0.038377 0.070998
7 0.704130 0.436541 0.024488 0.044134
7 0.715369 0.448465 0.012610 0.024671
7 0.742416 0.467654 0.015168 0.026864
7 0.755300 0.467791 0.012792 0.028235
7 0.797697 0.459156 0.015716 0.026864
7 0.812683 0.459978 0.016082 0.026864
7 0.868695 0.468613 0.016630 0.027686
7 0.915570 0.448465 0.021564 0.032895
7 0.926626 0.470943 0.018823 0.030154
7 1.000457 0.454221 0.013706 0.029605
