7 0.163000 0.840000 0.010000 0.020000
7 0.209500 0.849000 0.011000 0.022000
7 0.142000 0.888000 0.008000 0.016000
7 0.280000 0.844000 0.006000 0.012000
7 0.323500 0.858000 0.007000 0.016000
7 0.332500 0.845000 0.007000 0.014000
7 0.346000 0.841000 0.008000 0.014000
7 0.338000 0.882000 0.018000 0.088000
7 0.375000 0.846000 0.006000 0.012000
7 0.384500 0.869000 0.005000 0.014000
7 0.404000 0.847000 0.006000 0.014000
7 0.416000 0.845000 0.004000 0.010000
7 0.422000 0.877000 0.006000 0.014000
7 0.434000 0.856000 0.008000 0.020000
7 0.445500 0.856000 0.005000 0.008000
7 0.453000 0.860000 0.004000 0.008000
7 0.469000 0.857000 0.006000 0.014000
7 0.499500 0.847000 0.005000 0.010000
7 0.564500 0.849000 0.005000 0.010000
7 0.552500 0.851000 0.005000 0.010000
7 0.547000 0.851000 0.004000 0.010000
7 0.542500 0.855000 0.003000 0.006000
7 0.536000 0.877000 0.008000 0.054000
7 0.576000 0.874000 0.010000 0.060000
7 0.600000 0.846000 0.014000 0.032000
7 0.681500 0.864000 0.007000 0.016000
7 0.704500 0.860000 0.007000 0.016000
7 0.720000 0.861000 0.006000 0.014000
7 0.731000 0.850000 0.010000 0.016000
7 0.755000 0.849000 0.008000 0.014000
7 0.884000 0.912000 0.010000 0.020000
7 0.037500 0.846000 0.013000 0.028000
7 0.678500 0.906000 0.005000 0.012000
7 0.482000 0.850000 0.004000 0.008000
7 0.734500 0.863000 0.007000 0.014000
7 0.195000 0.838000 0.004000 0.008000
7 0.301500 0.844000 0.005000 0.012000
7 0.288500 0.870000 0.011000 0.064000
7 0.274500 0.842000 0.005000 0.012000
7 0.314500 0.847000 0.005000 0.010000
7 0.362500 0.852000 0.005000 0.008000
7 0.356500 0.848000 0.005000 0.008000
7 0.488500 0.879000 0.009000 0.050000
