7 0.034231 0.468553 0.006923 0.008386
7 0.116538 0.461216 0.006923 0.010482
7 0.146154 0.465933 0.007692 0.011530
7 0.166923 0.464361 0.007692 0.012579
7 0.163462 0.473795 0.006923 0.008386
7 0.210000 0.466981 0.007692 0.009434
7 0.262692 0.465409 0.006923 0.010482
7 0.245769 0.417715 0.031538 0.049266
7 0.373462 0.392558 0.042308 0.066038
7 0.480385 0.432914 0.023846 0.035639
7 0.491154 0.417191 0.030000 0.044025
7 0.589231 0.442348 0.029231 0.048218
7 0.639615 0.440252 0.020769 0.035639
7 0.673846 0.424528 0.033846 0.050314
7 0.712692 0.435535 0.031538 0.055556
7 0.851154 0.466981 0.005385 0.007338
7 0.845000 0.498952 0.006923 0.008386
7 0.856538 0.502096 0.005385 0.008386
7 0.876538 0.500000 0.003846 0.006289
7 0.885385 0.502621 0.004615 0.007338
7 0.554231 0.500524 0.010000 0.026205
7 0.522692 0.488470 0.002308 0.004193
