7 0.861719 0.250000 0.012500 0.027778
7 0.799609 0.286806 0.022656 0.043056
7 0.707422 0.154167 0.060156 0.136111
7 0.614062 0.263194 0.018750 0.037500
7 0.565625 0.274306 0.015625 0.031944
7 0.529687 0.264583 0.017188 0.037500
7 0.493750 0.254861 0.023438 0.059722
7 0.426563 0.225694 0.021875 0.054167
7 0.409766 0.247917 0.022656 0.051389
7 0.363672 0.266667 0.016406 0.038889
7 0.342187 0.307639 0.010937 0.031944
7 0.324219 0.297222 0.012500 0.025000
7 0.278906 0.230556 0.026562 0.058333
7 0.243359 0.267361 0.021094 0.043056
7 0.223047 0.282639 0.014844 0.031944
7 0.150781 0.259028 0.020313 0.043056
7 0.093750 0.220833 0.029687 0.069444
7 0.038281 0.270139 0.017188 0.037500
