7 0.064474 0.737673 0.015789 0.027613
7 0.209868 0.741617 0.019737 0.035503
7 0.255263 0.771203 0.013158 0.019724
7 0.326316 0.765286 0.013158 0.015779
7 0.356579 0.772189 0.013158 0.025641
7 0.386842 0.761341 0.015789 0.027613
7 0.412500 0.765286 0.017105 0.027613
7 0.423684 0.740631 0.010526 0.017751
7 0.510526 0.725838 0.028947 0.051282
7 0.553947 0.710059 0.010526 0.019724
7 0.561842 0.737673 0.015789 0.027613
7 0.590789 0.712032 0.013158 0.023669
7 0.618421 0.714004 0.018421 0.031558
7 0.647368 0.751479 0.013158 0.019724
7 0.692105 0.728797 0.007895 0.013807
7 0.701974 0.675542 0.006579 0.009862
7 0.717105 0.712032 0.007895 0.011834
7 0.742105 0.727811 0.021053 0.027613
7 0.780921 0.706114 0.009211 0.011834
7 0.810526 0.719921 0.013158 0.019724
7 0.790789 0.779093 0.026316 0.043393
7 0.825000 0.775148 0.021053 0.035503
7 0.838158 0.720907 0.010526 0.013807
7 0.888158 0.708087 0.021053 0.031558
7 0.967763 0.713018 0.025000 0.049310
7 0.988158 0.785010 0.052632 0.098619
7 0.864474 0.718935 0.031579 0.037475
7 0.096711 0.729783 0.011842 0.015779
7 0.311842 0.728797 0.010526 0.017751
7 0.334211 0.716963 0.010526 0.017751
7 0.350000 0.719921 0.013158 0.019724
7 0.390789 0.713018 0.010526 0.017751
7 0.442763 0.719921 0.006579 0.011834
7 0.448026 0.745562 0.017105 0.082840
7 0.461842 0.720907 0.007895 0.009862
7 0.603289 0.704142 0.009211 0.011834
7 0.678947 0.724852 0.007895 0.009862
