7 0.090332 0.228205 0.009766 0.015385
7 0.123779 0.231868 0.008301 0.013919
7 0.390625 0.285348 0.008789 0.013919
7 0.414062 0.282051 0.008789 0.013187
7 0.426025 0.292674 0.006348 0.009524
7 0.450195 0.284982 0.006836 0.011722
7 0.468506 0.293407 0.005371 0.008059
7 0.482422 0.296337 0.005859 0.010989
7 0.536865 0.297436 0.006348 0.010256
7 0.565430 0.296703 0.005859 0.010256
7 0.576416 0.298168 0.005371 0.008791
7 0.778076 0.219780 0.006348 0.011722
7 0.768311 0.275458 0.009277 0.014652
7 0.790771 0.264103 0.006348 0.009524
7 0.823975 0.226374 0.007324 0.013187
7 0.841553 0.264835 0.007324 0.010989
7 0.854492 0.277656 0.006836 0.011722
7 0.899658 0.212454 0.006348 0.010256
7 0.908447 0.282418 0.019043 0.053480
7 0.927979 0.242491 0.007324 0.011722
7 0.943604 0.262271 0.007324 0.011722
7 0.958740 0.238462 0.007324 0.010989
7 0.997559 0.239560 0.006836 0.011722
7 0.067871 0.305495 0.025391 0.043956
7 0.116943 0.308059 0.024902 0.044689
7 0.144043 0.302564 0.022461 0.039560
7 0.169434 0.403663 0.026367 0.045421
7 0.195312 0.399267 0.023438 0.039560
7 0.197754 0.333700 0.020508 0.035897
7 0.213379 0.326374 0.019531 0.038828
7 0.240723 0.332601 0.018555 0.036630
7 0.225342 0.447619 0.024902 0.042491
7 0.272461 0.311722 0.020508 0.040293
7 0.291260 0.335897 0.019043 0.037363
7 0.265869 0.423810 0.021973 0.038828
7 0.323242 0.306227 0.019531 0.033700
7 0.327881 0.334799 0.020020 0.036630
7 0.320557 0.426007 0.024902 0.050549
7 0.339355 0.426740 0.020508 0.041758
7 0.360352 0.308791 0.019531 0.034432
7 0.384766 0.324908 0.022461 0.034432
7 0.372314 0.446154 0.020996 0.043956
7 0.409424 0.463370 0.023926 0.046154
7 0.398926 0.323077 0.014648 0.033700
7 0.410889 0.331136 0.018066 0.030769
7 0.437256 0.333333 0.019043 0.036630
7 0.448486 0.324908 0.017090 0.034432
7 0.462891 0.324542 0.018555 0.032234
7 0.468750 0.465201 0.019531 0.041026
7 0.492676 0.347619 0.018555 0.035897
7 0.511230 0.324908 0.017578 0.032967
7 0.531982 0.324542 0.018066 0.038095
7 0.518555 0.462271 0.024414 0.041026
7 0.586182 0.306960 0.020020 0.038095
7 0.574219 0.348352 0.020508 0.040293
7 0.558350 0.465568 0.021973 0.040293
7 0.637451 0.311722 0.021973 0.041758
7 0.638184 0.348718 0.020508 0.042491
7 0.613281 0.448718 0.023438 0.040293
7 0.659180 0.456410 0.023438 0.045421
7 0.679688 0.312088 0.021484 0.039560
7 0.698975 0.447985 0.020020 0.040293
7 0.725586 0.321245 0.020508 0.037363
7 0.732666 0.449084 0.024902 0.039560
7 0.758789 0.307692 0.022461 0.041026
7 0.755127 0.456410 0.024902 0.049817
7 0.792480 0.335897 0.025391 0.047619
7 0.792725 0.335531 0.026855 0.046886
7 0.833740 0.314286 0.026855 0.049817
7 0.810303 0.437363 0.030762 0.055678
7 0.886963 0.298901 0.031738 0.061538
7 0.935303 0.300366 0.029785 0.052747
