7 0.326514 0.378704 0.060556 0.101852
7 0.312602 0.217593 0.039280 0.064815
7 0.802782 0.309259 0.050736 0.077778
7 0.902619 0.227778 0.040917 0.048148
7 0.124386 0.158333 0.032733 0.050000
7 0.142390 0.125000 0.032733 0.046296
7 0.257774 0.117593 0.031097 0.042593
7 0.408347 0.073148 0.021277 0.027778
7 0.677578 0.177778 0.039280 0.040741
7 0.736498 0.158333 0.036007 0.053704
7 0.500000 0.076852 0.018003 0.020370
7 0.558920 0.087037 0.027823 0.033333
7 0.618658 0.099074 0.026187 0.035185
7 0.519640 0.073148 0.021277 0.024074
7 0.609656 0.102778 0.024550 0.031481
7 0.620295 0.073148 0.026187 0.031481
7 0.639116 0.562037 0.054010 0.064815
7 0.871522 0.154630 0.034370 0.042593
7 0.729951 0.083333 0.022913 0.025926
7 0.760229 0.085185 0.027823 0.029630
7 0.796236 0.084259 0.018003 0.024074
7 0.820786 0.061111 0.014730 0.018519
7 0.866612 0.070370 0.021277 0.025926
7 0.887070 0.078704 0.019640 0.024074
7 0.930442 0.070370 0.018003 0.025926
7 0.938625 0.057407 0.018003 0.022222
7 0.738953 0.044444 0.014730 0.018519
