7 0.434082 0.382161 0.043945 0.074219
7 0.668945 0.357422 0.023438 0.029948
7 0.505371 0.354818 0.024414 0.037760
7 0.435547 0.285156 0.039062 0.067708
7 0.288574 0.369141 0.018555 0.029948
7 0.357422 0.365885 0.019531 0.028646
7 0.152832 0.458984 0.010742 0.014323
7 0.190918 0.455729 0.012695 0.015625
7 0.204102 0.454427 0.011719 0.018229
7 0.231934 0.451823 0.008789 0.013021
7 0.933105 0.277344 0.034180 0.057292
7 0.915039 0.314453 0.023438 0.037760
7 0.907227 0.343099 0.021484 0.032552
7 0.971680 0.310547 0.031250 0.045573
7 0.729980 0.401693 0.014648 0.022135
7 0.341797 0.456380 0.011719 0.016927
7 0.546875 0.450521 0.015625 0.023438
7 0.570312 0.444661 0.011719 0.019531
7 0.595215 0.437500 0.014648 0.020833
7 0.619141 0.440755 0.011719 0.019531
7 0.642578 0.438151 0.013672 0.022135
7 0.691895 0.431641 0.012695 0.019531
7 0.733887 0.445312 0.014648 0.026042
