7 0.002626 0.575000 0.015754 0.013000
7 0.027757 0.576500 0.019505 0.016000
7 0.003001 0.565000 0.009002 0.008000
7 0.039010 0.569500 0.016504 0.012000
7 0.057764 0.572500 0.009002 0.006000
7 0.073518 0.568250 0.009002 0.006500
7 0.100525 0.571500 0.016504 0.011000
7 0.127532 0.565750 0.007502 0.005500
7 0.154914 0.571250 0.015754 0.011500
7 0.206302 0.583750 0.036009 0.029500
7 0.241185 0.571000 0.012753 0.008000
7 0.286572 0.574750 0.036009 0.028500
7 0.256939 0.569750 0.006752 0.005500
7 0.306077 0.571750 0.007502 0.006500
7 0.318830 0.566250 0.006002 0.004500
7 0.333833 0.575250 0.013503 0.012500
7 0.342086 0.572250 0.006002 0.004500
7 0.361590 0.570750 0.015004 0.013500
7 0.384096 0.572250 0.007502 0.004500
7 0.413728 0.569750 0.038260 0.027500
7 0.524756 0.566750 0.048762 0.047500
7 0.574269 0.571500 0.014254 0.011000
7 0.598650 0.624750 0.021005 0.013500
7 0.636159 0.682750 0.018005 0.011500
7 0.593773 0.560000 0.011253 0.008000
7 0.609527 0.568750 0.015754 0.007500
7 0.618530 0.565000 0.012753 0.010000
7 0.631283 0.574750 0.017254 0.013500
7 0.645161 0.569750 0.010503 0.007500
7 0.667292 0.570250 0.015754 0.013500
7 0.678545 0.581500 0.018755 0.014000
7 0.681170 0.565000 0.010503 0.008000
7 0.696549 0.567500 0.011253 0.008000
7 0.708927 0.567000 0.010503 0.008000
7 0.749062 0.574000 0.071268 0.057000
7 0.790323 0.574500 0.021755 0.017000
7 0.798575 0.569750 0.020255 0.017500
7 0.817329 0.581750 0.020255 0.014500
7 0.820705 0.561500 0.015004 0.013000
7 0.867592 0.567250 0.048762 0.037500
7 0.922731 0.564500 0.058515 0.047000
