7 0.077079 0.198315 0.060852 0.096478
7 0.071501 0.171516 0.053753 0.076570
7 0.151623 0.256508 0.047667 0.087289
7 0.151623 0.256508 0.045639 0.087289
7 0.212982 0.300919 0.042596 0.075038
7 0.248479 0.301685 0.036511 0.076570
7 0.285497 0.286371 0.033469 0.064319
7 0.342799 0.477029 0.036511 0.068913
7 0.430527 0.526799 0.039554 0.079632
7 0.501014 0.535988 0.036511 0.073507
7 0.562373 0.526034 0.035497 0.068913
7 0.643002 0.523737 0.036511 0.073507
7 0.758114 0.536753 0.045639 0.075038
7 0.348377 0.292496 0.031440 0.067381
7 0.336207 0.266462 0.029412 0.061256
7 0.412779 0.284839 0.034483 0.061256
7 0.448276 0.283308 0.032454 0.067381
7 0.473631 0.286371 0.026369 0.055130
7 0.525862 0.288668 0.033469 0.071975
7 0.507606 0.256508 0.035497 0.062787
7 0.592292 0.313170 0.034483 0.059724
7 0.634888 0.292496 0.036511 0.073507
7 0.624746 0.280245 0.026369 0.064319
7 0.702840 0.295559 0.036511 0.067381
7 0.758114 0.323124 0.033469 0.064319
7 0.794118 0.338438 0.036511 0.073507
7 0.852434 0.314701 0.041582 0.065850
7 0.906187 0.337672 0.043611 0.081164
