7 0.254082 0.531760 0.024490 0.050817
7 0.297449 0.523593 0.023469 0.049002
7 0.336735 0.528131 0.024490 0.054446
7 0.362755 0.503630 0.021429 0.052632
7 0.414286 0.518149 0.026531 0.052632
7 0.486735 0.525408 0.026531 0.056261
7 0.530612 0.520871 0.022449 0.054446
7 0.590816 0.521779 0.022449 0.049002
7 0.627551 0.539020 0.022449 0.054446
7 0.665816 0.541742 0.021429 0.041742
7 0.677551 0.608893 0.022449 0.052632
7 0.633673 0.607985 0.022449 0.054446
7 0.586735 0.599819 0.024490 0.059891
7 0.546939 0.613430 0.026531 0.054446
7 0.499490 0.612523 0.023469 0.052632
7 0.459694 0.579855 0.029592 0.070780
7 0.415306 0.617967 0.028571 0.056261
7 0.371939 0.608893 0.027551 0.067151
7 0.310714 0.642468 0.029592 0.072595
7 0.703571 0.628857 0.064286 0.117967
7 0.887755 0.556261 0.020408 0.041742
7 0.917347 0.546279 0.018367 0.039927
7 0.941327 0.584392 0.056122 0.116152
7 0.944388 0.588929 0.052041 0.110708
