7 0.636483 0.786938 0.007874 0.014989
7 0.647638 0.857602 0.011811 0.019272
7 0.687008 0.853319 0.011811 0.023555
7 0.694882 0.877944 0.014436 0.025696
7 0.742782 0.839400 0.010499 0.017131
7 0.701444 0.819058 0.024934 0.070664
7 0.726378 0.797645 0.009186 0.014989
7 0.748031 0.798715 0.007874 0.012848
7 0.765092 0.799786 0.007874 0.014989
7 0.818241 0.916488 0.011811 0.021413
7 0.856299 0.892934 0.009186 0.017131
7 0.725066 0.710921 0.006562 0.012848
7 0.725722 0.738758 0.015748 0.038544
7 0.785433 0.801927 0.009186 0.014989
