7 0.727344 0.757000 0.076563 0.094000
7 0.719531 0.964000 0.054688 0.064000
7 0.896875 0.688000 0.056250 0.076000
7 0.828125 0.657000 0.037500 0.062000
7 0.996875 0.675000 0.031250 0.050000
7 0.692187 0.694000 0.040625 0.060000
7 0.479687 0.652000 0.034375 0.048000
7 0.574219 0.646000 0.029687 0.044000
7 0.689063 0.564000 0.021875 0.032000
7 0.531250 0.636000 0.028125 0.040000
7 0.967969 0.590000 0.017188 0.020000
7 0.600000 0.641000 0.021875 0.042000
7 0.457031 0.561000 0.020313 0.026000
7 0.013281 0.563000 0.048438 0.078000
7 0.100000 0.597000 0.050000 0.058000
7 0.155469 0.575000 0.035937 0.050000
7 0.215625 0.583000 0.025000 0.038000
7 0.305469 0.559000 0.026562 0.046000
7 0.385156 0.504000 0.014063 0.020000
7 0.314063 0.502000 0.012500 0.020000
7 0.250000 0.502000 0.015625 0.020000
7 0.200781 0.503000 0.014063 0.018000
7 0.136719 0.532000 0.017188 0.020000
7 0.857031 0.630000 0.032813 0.040000
