7 0.189030 0.739778 0.107080 0.153621
7 0.292832 0.718750 0.074301 0.109229
7 0.417832 0.663843 0.069930 0.101051
7 0.642483 0.707068 0.098776 0.124416
7 0.606206 0.641063 0.075175 0.116238
7 0.829545 0.651577 0.085664 0.132593
7 1.017920 0.630257 0.055944 0.096963
7 0.935315 0.647196 0.081294 0.113318
7 0.754371 0.628213 0.063811 0.092874
7 0.100962 0.633762 0.071678 0.103972
7 0.207168 0.574766 0.075175 0.123832
7 0.339161 0.628797 0.067308 0.104556
7 0.446678 0.545269 0.055070 0.096379
7 0.488636 0.601343 0.073427 0.111565
7 0.488636 0.503505 0.065559 0.092290
7 0.759178 0.572430 0.056818 0.086449
