7 0.377865 0.815766 0.053646 0.098198
7 0.243750 0.857207 0.052083 0.090991
7 0.484375 0.514414 0.025000 0.041441
7 0.595573 0.503604 0.022396 0.048649
7 0.650260 0.487387 0.020313 0.043243
7 0.809635 0.326126 0.006771 0.014414
7 0.921354 0.418468 0.013542 0.026126
7 0.865885 0.298649 0.003646 0.006306
7 0.751042 0.314865 0.004167 0.008108
7 0.677083 0.351351 0.005208 0.009009
7 0.605729 0.342342 0.005208 0.010811
7 0.551302 0.331081 0.003646 0.008108
7 0.440104 0.394144 0.009375 0.015315
7 0.422917 0.394144 0.009375 0.015315
7 0.382031 0.362613 0.011979 0.018919
7 0.370312 0.357207 0.011458 0.020721
7 0.279167 0.455856 0.028125 0.064865
7 0.255990 0.437838 0.008854 0.018018
7 0.219010 0.440991 0.009896 0.017117
7 0.213021 0.392793 0.009375 0.016216
7 0.197135 0.386486 0.007812 0.016216
7 0.153385 0.386937 0.005729 0.009910
7 0.140885 0.389189 0.005729 0.009009
7 0.123698 0.394595 0.005729 0.010811
7 0.294531 0.363964 0.006771 0.012613
7 0.340365 0.361712 0.004687 0.009910
