7 0.051852 0.317784 0.021399 0.037901
7 0.075720 0.336735 0.023045 0.046647
7 0.098765 0.331633 0.019753 0.045190
7 0.057202 0.383382 0.037037 0.075802
7 0.171193 0.328717 0.019753 0.045190
7 0.186008 0.322886 0.021399 0.042274
7 0.236626 0.319242 0.018930 0.037901
7 0.252263 0.304665 0.017284 0.034985
7 0.299588 0.303207 0.021399 0.034985
7 0.284774 0.352041 0.027984 0.053936
7 0.303292 0.362245 0.032099 0.065598
7 0.325926 0.337464 0.026337 0.056851
7 0.345267 0.319971 0.020576 0.048105
7 0.384774 0.298105 0.015638 0.024781
7 0.407407 0.339650 0.027984 0.055394
7 0.443621 0.276239 0.016461 0.030612
7 0.454733 0.319242 0.022222 0.040816
7 0.453909 0.210641 0.012346 0.027697
7 0.508230 0.338192 0.035391 0.067055
7 0.559671 0.380466 0.041152 0.099125
7 0.661728 0.410350 0.049383 0.097668
7 0.631276 0.470117 0.064198 0.153061
7 0.509465 0.507289 0.075720 0.131195
7 0.209877 0.491254 0.082305 0.142857
7 0.186420 0.455539 0.065021 0.120991
7 0.246914 0.395044 0.041152 0.093294
7 0.576543 0.308309 0.015638 0.039359
7 0.593416 0.317055 0.016461 0.033528
7 0.635391 0.317784 0.018107 0.034985
7 0.671193 0.301749 0.020576 0.043732
7 0.643621 0.331633 0.026337 0.051020
7 0.699177 0.338192 0.018930 0.043732
7 0.734156 0.334548 0.026337 0.048105
7 0.767490 0.327988 0.025514 0.055394
7 0.814403 0.338192 0.025514 0.052478
7 0.860082 0.303936 0.016461 0.027697
7 0.951029 0.352041 0.030453 0.074344
7 0.981481 0.346210 0.032099 0.062682
7 0.913992 0.407434 0.037037 0.077259
