7 0.025735 0.698121 0.045956 0.071895
7 0.047028 0.609069 0.011336 0.016340
7 0.081189 0.608864 0.007353 0.011029
7 0.090074 0.601511 0.014093 0.019199
7 0.114430 0.599877 0.007659 0.011029
7 0.141544 0.607230 0.006740 0.011029
7 0.195466 0.596814 0.008578 0.011438
7 0.193781 0.652778 0.029105 0.050654
7 0.256893 0.608252 0.011336 0.018791
7 0.278033 0.590074 0.005208 0.006127
7 0.287377 0.606005 0.007966 0.011029
7 0.227022 0.605801 0.006127 0.009804
7 0.317096 0.595588 0.005515 0.008987
7 0.306219 0.592320 0.007659 0.013889
7 0.301164 0.609273 0.012868 0.019199
7 0.343290 0.599060 0.006434 0.010212
7 0.417892 0.590278 0.004289 0.007353
7 0.426317 0.608047 0.007659 0.040441
7 0.436428 0.592116 0.007659 0.011029
7 0.443168 0.591299 0.005208 0.006944
7 0.459099 0.596814 0.006434 0.012255
7 0.502298 0.587010 0.003370 0.004902
7 0.510417 0.583538 0.002451 0.003676
7 0.523744 0.586806 0.003370 0.004493
7 0.534314 0.585989 0.003676 0.005310
7 0.546262 0.594158 0.006740 0.008578
7 0.562347 0.595588 0.007047 0.010621
7 0.603707 0.598243 0.005208 0.008578
7 0.615196 0.591708 0.006127 0.007761
7 0.634651 0.592116 0.003983 0.005310
7 0.646906 0.608047 0.007047 0.010212
7 0.674173 0.607843 0.011336 0.015523
7 0.684896 0.604575 0.006434 0.008987
7 0.711091 0.602328 0.006127 0.010212
7 0.727328 0.603350 0.004902 0.007353
7 0.735754 0.594363 0.006434 0.008987
7 0.753676 0.604371 0.009191 0.015114
7 0.795496 0.602941 0.005821 0.008987
7 0.833333 0.601307 0.006127 0.009804
7 0.876991 0.614175 0.007659 0.010212
7 0.893382 0.608660 0.008578 0.012255
7 0.916973 0.607230 0.006740 0.009395
7 0.935815 0.613562 0.007659 0.010621
7 0.943627 0.616013 0.006740 0.010621
7 0.952206 0.616626 0.007353 0.010212
7 0.964001 0.614379 0.005821 0.010621
7 0.977482 0.617443 0.006434 0.010212
7 0.993566 0.614583 0.006740 0.009395
7 0.987286 0.618668 0.004596 0.006944
7 0.921109 0.674224 0.039522 0.069036
7 0.808211 0.601307 0.016544 0.027778
7 0.769301 0.632557 0.014706 0.026552
7 0.704504 0.616217 0.007659 0.013480
7 0.658854 0.660335 0.029105 0.050245
7 0.519148 0.630719 0.018689 0.031046
7 0.485141 0.609273 0.022365 0.038807
7 0.442402 0.630515 0.012255 0.024918
7 0.440717 0.670139 0.014400 0.022467
7 0.398591 0.618464 0.017770 0.022876
7 0.372396 0.601103 0.015625 0.027369
