7 0.111502 0.401042 0.023474 0.043750
7 0.092136 0.391667 0.019953 0.041667
7 0.193662 0.438542 0.028169 0.060417
7 0.205986 0.422917 0.015258 0.033333
7 0.346244 0.387500 0.023474 0.050000
7 0.356808 0.437500 0.025822 0.058333
7 0.427230 0.423958 0.018779 0.043750
7 0.522887 0.431250 0.024648 0.054167
7 0.584507 0.448958 0.028169 0.056250
7 0.620305 0.466667 0.022300 0.041667
7 0.646714 0.433333 0.025822 0.058333
7 0.738850 0.467708 0.022300 0.052083
7 0.757629 0.427083 0.019953 0.045833
7 0.794601 0.472917 0.018779 0.033333
7 0.836268 0.469792 0.017606 0.035417
7 0.889671 0.466667 0.016432 0.033333
7 0.951878 0.481250 0.009390 0.020833
7 0.971244 0.479167 0.010563 0.016667
7 0.994718 0.532292 0.022300 0.122917
7 0.988263 0.530208 0.021127 0.114583
7 0.857981 0.479167 0.009390 0.045833
7 0.482981 0.444792 0.012911 0.047917
7 0.478286 0.448958 0.010563 0.047917
7 0.895540 0.546875 0.023474 0.043750
