7 0.814674 0.627660 0.025000 0.037643
7 0.658152 0.629296 0.029348 0.047463
7 0.559783 0.643208 0.030435 0.045827
7 0.384783 0.626841 0.015217 0.026187
7 0.396196 0.629296 0.014130 0.024550
7 0.398913 0.621113 0.010870 0.021277
7 0.589674 0.640753 0.018478 0.031097
7 0.528261 0.626841 0.019565 0.032733
7 0.517935 0.630933 0.016304 0.024550
7 0.466304 0.618658 0.010870 0.019640
7 0.442935 0.608838 0.009783 0.016367
7 0.455435 0.621113 0.013043 0.021277
7 0.624457 0.655483 0.011957 0.018003
7 0.710870 0.620295 0.010870 0.016367
7 0.079348 0.729133 0.034783 0.057283
7 0.039130 0.685761 0.023913 0.042553
7 0.762500 0.639935 0.016304 0.026187
7 0.359239 0.612930 0.007609 0.011457
7 0.270652 0.635843 0.010870 0.021277
7 0.272826 0.640753 0.008696 0.014730
7 0.305978 0.605565 0.007609 0.009820
7 0.309783 0.612111 0.006522 0.009820
7 0.209783 0.612930 0.008696 0.014730
7 0.196739 0.612111 0.006522 0.013093
7 0.179348 0.618658 0.006522 0.009820
7 0.158696 0.630933 0.017391 0.063830
7 0.135870 0.606383 0.006522 0.011457
7 0.278804 0.612111 0.007609 0.013093
7 0.417391 0.608020 0.006522 0.011457
7 0.422826 0.636661 0.021739 0.055646
