7 0.194231 0.189041 0.056154 0.060274
7 0.954615 0.188584 0.030769 0.041096
7 0.833077 0.189954 0.024615 0.031050
7 0.850000 0.196347 0.020000 0.025571
7 0.873846 0.178539 0.020000 0.024658
7 0.688077 0.201826 0.010000 0.012785
7 0.636538 0.190868 0.011538 0.014612
7 0.626154 0.255251 0.020000 0.042922
7 0.624231 0.194521 0.010000 0.012785
7 0.594231 0.201370 0.006923 0.010046
7 0.567308 0.195890 0.008462 0.011872
7 0.550000 0.178539 0.012308 0.019178
7 0.438462 0.177169 0.010769 0.016438
7 0.377692 0.194521 0.003077 0.003653
7 0.267692 0.181735 0.006154 0.009132
7 0.754615 0.200000 0.007692 0.010959
7 0.788462 0.193151 0.004615 0.006393
7 0.802692 0.189498 0.006923 0.008219
7 0.922692 0.200457 0.006923 0.008219
7 0.991154 0.192237 0.006923 0.008219
7 0.764615 0.199087 0.004615 0.005479
7 0.758462 0.197717 0.003077 0.004566
7 0.731538 0.203196 0.006154 0.008219
7 0.716923 0.205023 0.006154 0.008219
7 0.660000 0.189954 0.007692 0.010959
7 0.663462 0.211872 0.013077 0.058447
7 0.671923 0.213242 0.014615 0.053881
7 0.698462 0.202283 0.006154 0.008219
