7 0.876953 0.257620 0.044922 0.088534
7 0.746094 0.248911 0.052734 0.094340
7 0.721191 0.142235 0.041992 0.078374
7 0.583008 0.222061 0.041016 0.084180
7 0.586914 0.165457 0.048828 0.081277
7 0.479980 0.170537 0.059570 0.108853
7 0.294922 0.600145 0.056641 0.100145
7 0.614258 0.679245 0.064453 0.092888
7 0.672363 0.568940 0.092773 0.130624
7 0.302734 0.207547 0.050781 0.098694
7 0.404297 0.132801 0.041016 0.079826
7 0.142090 0.444848 0.045898 0.088534
7 0.024902 0.455733 0.049805 0.089985
7 0.161133 0.064586 0.046875 0.091437
7 0.016602 0.071118 0.042969 0.087083
7 0.184082 -0.038462 0.038086 0.059507
7 0.085938 0.007983 0.085938 0.245283
