7 0.746094 0.442825 0.073438 0.123318
7 0.846875 0.230942 0.075000 0.134529
7 0.890625 0.207399 0.040625 0.065022
7 0.154688 0.202915 0.075000 0.132287
7 0.244531 0.217489 0.051562 0.080717
7 0.313281 0.168161 0.051562 0.080717
7 0.357812 0.215247 0.037500 0.067265
7 0.385156 0.366592 0.026562 0.047085
7 0.456250 0.364350 0.053125 0.087444
7 0.498437 0.255605 0.053125 0.085202
7 0.421875 0.246637 0.025000 0.031390
7 0.475000 0.220852 0.040625 0.065022
7 0.564063 0.224215 0.031250 0.049327
7 0.607812 0.208520 0.043750 0.076233
7 0.684375 0.242152 0.043750 0.062780
7 0.703125 0.230942 0.028125 0.044843
7 0.075781 0.286996 0.023438 0.035874
7 0.013281 0.286996 0.023438 0.035874
