7 0.653809 0.535398 0.079102 0.123894
7 0.534180 0.511062 0.044922 0.081121
7 0.580566 0.531711 0.049805 0.092920
7 0.716309 0.568584 0.051758 0.084071
7 0.631348 0.601032 0.059570 0.084071
7 0.806641 0.530236 0.056641 0.092920
7 0.061035 0.658555 0.086914 0.131268
7 0.041016 0.513274 0.082031 0.132743
7 0.285156 0.459440 0.058594 0.075221
7 0.217773 0.457965 0.044922 0.063422
7 0.342285 0.508850 0.043945 0.076696
7 0.447266 0.442478 0.054688 0.088496
7 0.504395 0.482301 0.051758 0.082596
7 0.607422 0.522861 0.046875 0.089971
7 0.581055 0.450590 0.042969 0.060472
7 0.669434 0.479351 0.034180 0.064897
7 0.730957 0.476401 0.043945 0.067847
7 0.763672 0.494100 0.031250 0.058997
7 0.878418 0.530973 0.043945 0.079646
7 0.939941 0.501475 0.026367 0.058997
7 0.153809 0.389381 0.055664 0.100295
7 0.020508 0.357670 0.058594 0.092920
7 0.121094 0.384218 0.039062 0.063422
7 0.197754 0.403392 0.043945 0.089971
7 0.242676 0.438791 0.038086 0.060472
7 0.258301 0.306047 0.008789 0.016224
7 0.343262 0.312684 0.012695 0.020649
7 0.409668 0.342920 0.006836 0.013274
7 0.429688 0.333333 0.009766 0.014749
7 0.610840 0.356195 0.010742 0.016224
7 0.373047 0.436578 0.035156 0.058997
7 0.396973 0.429941 0.040039 0.066372
