7 0.980382 0.801318 0.068929 0.133710
7 0.859491 0.744821 0.054083 0.114878
7 0.780488 0.795669 0.055143 0.107345
7 0.969777 0.624294 0.049841 0.111111
7 0.873277 0.690207 0.049841 0.103578
7 0.952280 0.516949 0.036055 0.069680
7 0.902969 0.490584 0.045599 0.092279
7 0.862142 0.572505 0.044539 0.082863
7 0.787381 0.599812 0.043478 0.092279
7 0.831919 0.493409 0.030753 0.067797
7 0.684517 0.649718 0.054083 0.116761
7 0.648462 0.607345 0.047720 0.111111
7 0.546129 0.598870 0.046660 0.109228
7 0.470308 0.549906 0.041357 0.097928
7 0.428420 0.577213 0.033934 0.084746
7 0.327147 0.445386 0.037116 0.088512
7 0.970308 0.428437 0.031813 0.065913
7 0.931601 0.387947 0.028632 0.048964
7 0.753977 0.529190 0.040297 0.075330
7 0.700954 0.522599 0.040297 0.080979
7 0.694592 0.451036 0.031813 0.069680
7 0.743902 0.430320 0.032874 0.065913
7 0.819194 0.439736 0.030753 0.069680
7 0.849947 0.434087 0.028632 0.073446
7 0.805408 0.382298 0.022269 0.052731
7 0.854189 0.339925 0.024390 0.054614
7 0.901909 0.362524 0.024390 0.047081
7 0.960233 0.357815 0.026511 0.056497
7 0.874867 0.261770 0.014846 0.033898
7 0.926829 0.269303 0.016967 0.041431
7 0.989396 0.279661 0.019088 0.039548
7 0.642630 0.503766 0.033934 0.073446
7 0.595440 0.529190 0.037116 0.075330
7 0.616119 0.476460 0.027572 0.064030
7 0.634146 0.449153 0.025451 0.058380
7 0.589077 0.427495 0.026511 0.056497
7 0.675504 0.398305 0.023330 0.058380
7 0.693001 0.359699 0.026511 0.060264
7 0.650583 0.371940 0.020148 0.047081
7 0.650583 0.372881 0.020148 0.045198
7 0.629374 0.322976 0.020148 0.043315
7 0.677625 0.302260 0.014846 0.035782
7 0.709968 0.337100 0.018028 0.037665
7 0.708908 0.297552 0.018028 0.037665
7 0.745493 0.360640 0.023330 0.050847
7 0.664369 0.270245 0.013786 0.028249
7 0.634146 0.231638 0.012725 0.026365
7 0.714740 0.262712 0.012725 0.024482
7 0.740721 0.262712 0.013786 0.028249
7 0.786320 0.316384 0.022269 0.056497
7 0.802227 0.343691 0.026511 0.050847
7 0.795334 0.252354 0.014846 0.033898
7 0.841994 0.289077 0.016967 0.032015
7 0.814422 0.267420 0.014846 0.030132
7 0.825027 0.291902 0.014846 0.030132
7 0.485684 0.498117 0.033934 0.077213
7 0.389714 0.507533 0.032874 0.080979
7 0.414634 0.444444 0.031813 0.075330
7 0.441145 0.454802 0.023330 0.054614
7 0.569989 0.408663 0.024390 0.052731
7 0.527041 0.417137 0.023330 0.050847
7 0.509014 0.431262 0.033934 0.067797
7 0.470308 0.407721 0.026511 0.054614
7 0.542418 0.364407 0.024390 0.054614
7 0.468187 0.375706 0.022269 0.043315
7 0.425239 0.366290 0.021209 0.043315
7 0.525451 0.341808 0.022269 0.047081
7 0.574231 0.292844 0.015907 0.035782
7 0.599152 0.268362 0.012725 0.028249
7 0.600742 0.248588 0.011665 0.026365
7 0.560976 0.292844 0.014846 0.035782
7 0.555673 0.245763 0.010604 0.024482
7 0.502121 0.324859 0.015907 0.035782
7 0.526511 0.297552 0.015907 0.033898
7 0.560976 0.295669 0.012725 0.030132
7 0.563627 0.261770 0.011665 0.026365
7 0.527041 0.248588 0.010604 0.022599
7 0.486214 0.246704 0.013786 0.022599
7 0.486214 0.295669 0.015907 0.033898
7 0.478791 0.338041 0.015907 0.039548
7 0.451750 0.342750 0.019088 0.037665
7 0.462354 0.314501 0.014846 0.033898
7 0.437964 0.327684 0.019088 0.037665
7 0.453871 0.286252 0.014846 0.030132
7 0.436903 0.295669 0.012725 0.026365
7 0.416225 0.310734 0.013786 0.033898
7 0.464475 0.233522 0.010604 0.022599
7 0.442736 0.240113 0.009544 0.020716
7 0.432131 0.235405 0.009544 0.022599
7 0.396076 0.262712 0.011665 0.028249
7 0.348887 0.253296 0.010604 0.024482
7 0.361082 0.279661 0.015907 0.035782
7 0.348356 0.275895 0.011665 0.024482
7 0.357370 0.447269 0.023330 0.054614
7 0.288971 0.479284 0.032874 0.073446
7 0.243902 0.449153 0.031813 0.077213
7 0.320255 0.331450 0.016967 0.033898
7 0.323966 0.287194 0.013786 0.028249
7 0.303287 0.290960 0.019088 0.039548
7 0.320785 0.249529 0.011665 0.024482
7 0.286320 0.263653 0.014846 0.030132
7 0.274125 0.274953 0.013786 0.026365
7 0.280488 0.327684 0.020148 0.041431
7 0.252916 0.319209 0.013786 0.032015
7 0.234358 0.283427 0.014846 0.028249
7 0.264581 0.397363 0.024390 0.056497
7 0.265111 0.321092 0.014846 0.028249
7 0.201485 0.464218 0.025451 0.058380
7 0.218982 0.371940 0.024390 0.054614
7 0.181866 0.339925 0.020148 0.039548
7 0.122481 0.177024 0.124072 0.241055
7 0.224284 0.442561 0.030753 0.071563
7 0.615589 0.599812 0.041357 0.084746
7 0.679745 0.570621 0.033934 0.079096
