7 0.448333 0.156667 0.115000 0.252000
7 0.662083 0.146667 0.147500 0.261333
7 0.793333 0.669333 0.018333 0.034667
7 0.171667 0.602000 0.016667 0.028000
7 0.248750 0.622667 0.020833 0.037333
7 0.008750 0.607333 0.017500 0.030667
7 0.963750 0.782000 0.019167 0.038667
7 0.902917 0.646000 0.009167 0.014667
7 0.756667 0.654000 0.010000 0.017333
7 0.775417 0.654667 0.014167 0.024000
7 0.502500 0.627333 0.016667 0.030667
7 0.373750 0.630667 0.010833 0.021333
7 0.209167 0.628667 0.013333 0.025333
7 0.150833 0.620667 0.018333 0.036000
7 0.125000 0.635333 0.011667 0.020000
7 0.191250 0.636000 0.015833 0.029333
