7 0.195876 0.213450 0.100515 0.157895
7 0.253866 0.269981 0.069588 0.118908
7 0.497423 0.258285 0.056701 0.095517
7 0.614691 0.291423 0.041237 0.083821
7 0.751289 0.339181 0.051546 0.093567
7 0.866624 0.304094 0.076031 0.120858
7 0.991624 0.329435 0.052835 0.105263
7 0.445876 0.612086 0.115979 0.202729
7 0.831186 0.483431 0.100515 0.144250
7 0.038015 0.244639 0.009021 0.013645
7 0.068943 0.256335 0.009021 0.013645
7 0.063144 0.248538 0.015464 0.064327
7 0.043170 0.226121 0.009021 0.015595
7 0.456186 0.269981 0.005155 0.009747
