7 0.150000 0.558095 0.068571 0.097143
7 0.252857 0.694286 0.024286 0.041905
7 0.266786 0.690952 0.023571 0.035238
7 0.317857 0.713333 0.010000 0.015238
7 0.344286 0.684762 0.038571 0.060952
7 0.410000 0.712857 0.015714 0.027619
7 0.439643 0.704286 0.019286 0.033333
7 0.467143 0.706190 0.007143 0.012381
7 0.482500 0.707143 0.005000 0.006667
7 0.496429 0.704762 0.007143 0.011429
7 0.519286 0.675714 0.022857 0.039048
7 0.552143 0.703810 0.005714 0.007619
7 0.581071 0.700476 0.006429 0.010476
7 0.590357 0.708095 0.005000 0.006667
7 0.599643 0.705714 0.007857 0.013333
7 0.607143 0.695238 0.005714 0.007619
7 0.623214 0.709524 0.005000 0.007619
7 0.627500 0.707143 0.005000 0.008571
7 0.643214 0.709048 0.007857 0.012381
7 0.653214 0.707143 0.006429 0.010476
7 0.679643 0.684762 0.017857 0.028571
7 0.699643 0.693333 0.017857 0.028571
7 0.723571 0.679048 0.020000 0.028571
7 0.800714 0.718571 0.011429 0.016190
7 0.791429 0.690000 0.010000 0.018095
7 0.797143 0.700476 0.010000 0.018095
7 0.883214 0.707143 0.015000 0.021905
7 0.728214 0.829048 0.042143 0.058095
