7 0.007031 0.386169 0.009375 0.018360
7 0.016797 0.363525 0.008594 0.017136
7 0.023047 0.385557 0.011719 0.017136
7 0.033984 0.417381 0.008594 0.019584
7 0.039062 0.385557 0.009375 0.017136
7 0.045703 0.361077 0.008594 0.014688
7 0.060156 0.359241 0.009375 0.015912
7 0.105469 0.384945 0.009375 0.015912
7 0.145313 0.386781 0.009375 0.017136
7 0.170703 0.383109 0.008594 0.014688
7 0.221484 0.422277 0.019531 0.083231
7 0.235547 0.393513 0.008594 0.013464
7 0.253125 0.388617 0.009375 0.018360
7 0.276562 0.395961 0.009375 0.018360
7 0.292187 0.400857 0.009375 0.018360
7 0.285938 0.358017 0.009375 0.015912
7 0.016406 0.472460 0.012500 0.022032
7 0.050391 0.472460 0.011719 0.022032
7 0.071484 0.485312 0.011719 0.020808
7 0.070703 0.484700 0.011719 0.019584
7 0.101562 0.481028 0.009375 0.017136
7 0.200000 0.395349 0.056250 0.085679
7 0.325781 0.379437 0.056250 0.100367
7 0.378516 0.313341 0.047656 0.088127
7 0.431641 0.419829 0.053906 0.100367
7 0.515234 0.357405 0.053906 0.107711
7 0.451953 0.291922 0.042969 0.084455
7 0.563672 0.194002 0.041406 0.082007
7 0.642969 0.214810 0.040625 0.084455
7 0.635547 0.376989 0.057031 0.105263
7 0.730078 0.359241 0.041406 0.077111
7 0.764844 0.364749 0.050000 0.090575
7 0.818359 0.321909 0.042969 0.093023
7 0.931250 0.410037 0.009375 0.019584
7 0.966016 0.368421 0.010156 0.019584
7 0.944531 0.495716 0.014063 0.024480
7 0.960547 0.481028 0.011719 0.026928
7 0.991016 0.480416 0.013281 0.023256
7 0.958594 0.445532 0.010937 0.019584
