7 0.986719 0.575571 0.013021 0.031634
7 0.879948 0.583040 0.019271 0.036028
7 0.836198 0.591388 0.015104 0.031634
7 0.822917 0.567223 0.012500 0.027241
7 0.820573 0.573374 0.015104 0.032513
7 0.767708 0.606327 0.014583 0.029877
7 0.760938 0.576889 0.014583 0.027241
7 0.760417 0.558436 0.015625 0.028998
7 0.729167 0.551845 0.013542 0.028120
7 0.722917 0.591828 0.012500 0.027241
7 0.713802 0.605448 0.014063 0.028120
7 0.701562 0.570299 0.014583 0.029877
7 0.686719 0.579525 0.014063 0.023726
7 0.639583 0.564148 0.012500 0.026362
7 0.638802 0.576450 0.013021 0.031634
7 0.650260 0.614675 0.015104 0.028998
7 0.650260 0.614236 0.016146 0.028120
7 0.610156 0.653779 0.013021 0.033392
7 0.570052 0.652460 0.015104 0.034271
7 0.517188 0.660808 0.013542 0.029877
7 0.488542 0.658172 0.014583 0.033392
7 0.447917 0.634886 0.011458 0.027241
7 0.602604 0.551845 0.013542 0.031634
7 0.594271 0.598418 0.013542 0.029877
7 0.556250 0.578207 0.014583 0.028120
7 0.545833 0.591828 0.014583 0.030756
7 0.525781 0.573814 0.013021 0.031634
7 0.502344 0.554482 0.013021 0.026362
7 0.482031 0.579525 0.013021 0.021968
7 0.491406 0.611160 0.013021 0.028998
7 0.455469 0.570299 0.011979 0.024605
7 0.444010 0.559315 0.014063 0.028998
7 0.426302 0.596661 0.013021 0.029877
7 0.439063 0.597979 0.011458 0.025483
7 0.418490 0.617750 0.013021 0.031634
7 0.395313 0.608524 0.013542 0.028998
7 0.392708 0.584359 0.012500 0.024605
7 0.360938 0.641916 0.014583 0.027241
7 0.336719 0.581722 0.011979 0.031634
7 0.301823 0.710457 0.014063 0.027241
7 0.357552 0.571617 0.011979 0.027241
7 0.357292 0.571617 0.010417 0.025483
7 0.322917 0.573374 0.012500 0.025483
7 0.337240 0.581283 0.011979 0.028998
7 0.294010 0.563269 0.013021 0.031634
7 0.283854 0.600176 0.011458 0.026362
7 0.264062 0.610721 0.012500 0.029877
7 0.272396 0.592267 0.012500 0.033392
7 0.246615 0.586555 0.014063 0.023726
7 0.248438 0.608524 0.011458 0.032513
7 0.242969 0.623902 0.011979 0.028120
7 0.213802 0.692882 0.013021 0.027241
7 0.218750 0.610721 0.012500 0.026362
7 0.189844 0.604569 0.014063 0.033392
7 0.163542 0.573814 0.017708 0.026362
7 0.160677 0.619947 0.015104 0.028998
7 0.137500 0.600615 0.013542 0.028998
7 0.123438 0.602812 0.014583 0.029877
7 0.096354 0.623023 0.011458 0.022847
7 0.088802 0.593146 0.010937 0.026362
7 0.059375 0.603691 0.014583 0.029877
7 0.031250 0.597100 0.015625 0.027241
7 0.012240 0.601933 0.013021 0.031634
7 0.014844 0.533392 0.005729 0.010545
7 0.192969 0.584359 0.010937 0.024605
