7 0.170188 0.663542 0.014085 0.027083
7 0.340962 0.510417 0.012911 0.020833
7 0.455986 0.600000 0.015258 0.029167
7 0.409038 0.742708 0.015258 0.031250
7 0.390258 0.828125 0.019953 0.031250
7 0.254695 0.921875 0.025822 0.035417
7 0.315728 0.925000 0.018779 0.033333
7 0.363850 0.942708 0.023474 0.039583
7 0.437207 0.945833 0.017606 0.045833
7 0.462441 0.954167 0.023474 0.045833
7 0.499413 0.811458 0.019953 0.031250
7 0.618545 0.929167 0.023474 0.041667
7 0.695423 0.969792 0.024648 0.047917
7 0.657864 0.891667 0.026995 0.054167
7 0.687207 0.836458 0.024648 0.047917
7 0.654930 0.813542 0.021127 0.035417
7 0.674296 0.781250 0.017606 0.037500
7 0.756455 0.728125 0.017606 0.031250
7 0.805751 0.708333 0.019953 0.037500
7 0.856808 0.634375 0.018779 0.035417
7 0.906103 0.594792 0.023474 0.031250
7 0.823944 0.520833 0.016432 0.029167
7 0.858568 0.500000 0.015258 0.025000
7 0.802817 0.459375 0.011737 0.022917
7 0.769953 0.643750 0.016432 0.037500
7 0.725939 0.648958 0.015258 0.035417
7 0.668427 0.706250 0.017606 0.029167
7 0.666667 0.662500 0.016432 0.033333
7 0.696596 0.598958 0.017606 0.031250
7 0.605047 0.551042 0.012911 0.022917
7 0.657277 0.493750 0.014085 0.025000
7 0.691901 0.466667 0.012911 0.020833
7 0.279930 0.430208 0.010563 0.018750
7 0.201878 0.397917 0.007042 0.012500
7 0.214789 0.397917 0.007042 0.012500
7 0.235915 0.376042 0.004695 0.010417
7 0.245892 0.378125 0.008216 0.014583
7 0.259977 0.366667 0.005869 0.012500
7 0.271714 0.363542 0.008216 0.014583
7 0.172535 0.418750 0.007042 0.012500
7 0.187207 0.430208 0.017606 0.043750
7 0.164906 0.392708 0.005869 0.010417
7 0.175469 0.369792 0.008216 0.014583
7 0.174296 0.288542 0.005869 0.010417
7 0.160798 0.300000 0.004695 0.008333
7 0.147887 0.325000 0.007042 0.012500
7 0.142606 0.350000 0.026995 0.058333
7 0.139085 0.284375 0.003521 0.006250
7 0.164906 0.261458 0.003521 0.006250
7 0.176643 0.261458 0.003521 0.006250
7 0.194249 0.287500 0.003521 0.008333
7 0.197183 0.326042 0.004695 0.010417
7 0.212441 0.262500 0.016432 0.041667
7 0.211268 0.255208 0.016432 0.047917
7 0.744131 0.112500 0.007042 0.012500
7 0.774648 0.107292 0.004695 0.010417
7 0.802817 0.083333 0.004695 0.008333
7 0.857394 0.143750 0.005869 0.008333
7 0.579225 0.136458 0.012911 0.043750
7 0.169601 0.511458 0.010563 0.018750
7 0.152582 0.438542 0.009390 0.014583
7 0.896127 0.095833 0.008216 0.012500
7 0.909624 0.160417 0.004695 0.008333
7 0.953638 0.789583 0.010563 0.020833
7 0.220070 0.328125 0.008216 0.014583
7 0.129695 0.334375 0.008216 0.014583
7 0.155516 0.319792 0.024648 0.056250
