7 0.029687 0.282524 0.059375 0.099029
7 0.098437 0.295146 0.065625 0.097087
7 0.152344 0.319417 0.060937 0.099029
7 0.194531 0.332039 0.060937 0.104854
7 0.218750 0.307767 0.053125 0.083495
7 0.315625 0.361165 0.056250 0.089320
7 0.328906 0.317476 0.045312 0.064078
7 0.383594 0.286408 0.057813 0.091262
7 0.450000 0.386408 0.046875 0.069903
7 0.503125 0.339806 0.037500 0.069903
7 0.557031 0.325243 0.057813 0.075728
7 0.574219 0.378641 0.054688 0.073786
7 0.613281 0.355340 0.039062 0.066019
7 0.668750 0.343689 0.065625 0.104854
7 0.711719 0.377670 0.051562 0.079612
7 0.822656 0.357282 0.064062 0.108738
7 0.901563 0.322330 0.059375 0.097087
