7 0.004444 0.250391 0.013333 0.025039
7 0.040556 0.226917 0.021111 0.034429
7 0.006111 0.302034 0.018889 0.025039
7 0.120556 0.316901 0.016667 0.032864
7 0.070000 0.262128 0.013333 0.023474
7 0.149444 0.273083 0.021111 0.054773
7 0.042222 0.231612 0.013333 0.025039
7 0.308333 0.311424 0.018889 0.031299
7 0.496111 0.206573 0.010000 0.015649
7 0.530000 0.226917 0.013333 0.025039
7 0.505556 0.280908 0.015556 0.023474
7 0.608889 0.276995 0.028889 0.040689
7 0.665556 0.197183 0.008889 0.012520
7 0.694444 0.197966 0.008889 0.014085
7 0.213889 0.215180 0.058889 0.104851
7 0.604444 0.223787 0.080000 0.140845
7 0.767222 0.166667 0.014444 0.023474
7 0.756667 0.238654 0.015556 0.026604
7 0.761111 0.349765 0.033333 0.045383
7 0.784444 0.352113 0.028889 0.040689
7 0.878889 0.356808 0.031111 0.046948
7 0.820556 0.191706 0.014444 0.020344
7 0.816111 0.163537 0.014444 0.023474
7 0.824444 0.222222 0.013333 0.021909
7 0.862778 0.189358 0.014444 0.025039
7 0.912778 0.170579 0.012222 0.021909
7 0.937222 0.181534 0.010000 0.012520
7 0.847778 0.318466 0.026667 0.042254
7 0.984444 0.269171 0.033333 0.046948
