7 0.936875 0.477500 0.071250 0.115000
7 0.783750 0.431667 0.062500 0.106667
7 0.882500 0.387500 0.055000 0.091667
7 0.613125 0.460833 0.041250 0.078333
7 0.509375 0.446667 0.043750 0.083333
7 0.417500 0.467500 0.047500 0.078333
7 0.276250 0.470833 0.052500 0.091667
7 0.128125 0.484167 0.073750 0.098333
7 0.510000 0.268333 0.042500 0.076667
7 0.393125 0.303333 0.051250 0.080000
7 0.310625 0.340833 0.038750 0.065000
7 0.215000 0.338333 0.040000 0.053333
7 0.092500 0.355000 0.022500 0.033333
7 0.098125 0.396667 0.026250 0.033333
7 0.292500 0.315000 0.025000 0.050000
