7 0.036250 0.665354 0.089167 0.102362
7 0.051250 0.246063 0.084167 0.102362
7 0.198750 0.169783 0.087500 0.109252
7 0.330833 0.383366 0.081667 0.125000
7 0.054167 0.168307 0.076667 0.088583
7 0.315000 0.196358 0.073333 0.089567
7 0.421250 0.255906 0.057500 0.080709
7 0.472083 0.197343 0.054167 0.085630
7 0.535000 0.190453 0.050000 0.071850
7 0.628750 0.230315 0.039167 0.057087
7 0.758333 0.146654 0.071667 0.118110
7 1.023333 0.215059 0.033333 0.040354
7 0.885833 0.233760 0.030000 0.056102
7 0.902500 0.223917 0.025000 0.040354
7 0.934167 0.222441 0.026667 0.041339
7 0.971667 0.222441 0.028333 0.029528
