7 0.047262 0.385481 0.029442 0.053571
7 0.051136 0.523680 0.028926 0.056677
7 0.078512 0.511258 0.030992 0.058230
7 0.128874 0.546972 0.028409 0.045807
7 0.179752 0.508540 0.058884 0.100932
7 0.386880 0.492236 0.052686 0.110248
7 0.449897 0.484860 0.099174 0.142081
7 0.617252 0.503106 0.051653 0.085404
7 0.687242 0.467003 0.050103 0.098602
7 0.769628 0.475155 0.038223 0.066770
7 0.637138 0.527562 0.038740 0.069099
7 0.712035 0.481755 0.032541 0.055124
7 0.858213 0.480202 0.042872 0.076863
7 0.854597 0.466615 0.040806 0.071429
7 0.887913 0.427019 0.038223 0.074534
7 0.974432 0.484472 0.036674 0.062112
