7 0.019500 0.730135 0.007000 0.011994
7 0.048000 0.761619 0.016000 0.029985
7 0.062000 0.748126 0.022000 0.032984
7 0.133000 0.754873 0.020000 0.031484
7 0.186000 0.763118 0.018000 0.026987
7 0.222500 0.787856 0.013000 0.019490
7 0.238500 0.758621 0.021000 0.035982
7 0.263000 0.756372 0.024000 0.034483
7 0.301500 0.746627 0.021000 0.032984
7 0.288000 0.735382 0.012000 0.025487
7 0.338000 0.739880 0.022000 0.040480
7 0.381500 0.757121 0.021000 0.035982
7 0.428000 0.739880 0.012000 0.022489
7 0.453000 0.730135 0.008000 0.008996
7 0.462000 0.726387 0.006000 0.010495
7 0.482500 0.738381 0.011000 0.019490
7 0.508500 0.745127 0.013000 0.020990
7 0.502000 0.727136 0.012000 0.023988
7 0.511000 0.731634 0.010000 0.017991
7 0.562500 0.735382 0.007000 0.010495
7 0.534500 0.729385 0.005000 0.007496
7 0.550000 0.734633 0.006000 0.008996
7 0.577000 0.727886 0.004000 0.007496
7 0.591500 0.727886 0.003000 0.004498
7 0.600500 0.727136 0.005000 0.005997
7 0.643500 0.757871 0.017000 0.031484
7 0.680500 0.739130 0.021000 0.041979
7 0.697000 0.839580 0.020000 0.029985
7 0.725000 0.720390 0.020000 0.031484
7 0.743000 0.769115 0.032000 0.056972
7 0.778500 0.756372 0.011000 0.016492
7 0.413500 0.736882 0.009000 0.013493
7 0.403000 0.736882 0.008000 0.013493
7 0.543000 0.739130 0.006000 0.011994
7 0.807500 0.733883 0.011000 0.016492
7 0.810000 0.747376 0.016000 0.031484
7 0.849500 0.736132 0.019000 0.032984
7 0.882500 0.739880 0.011000 0.019490
7 0.913000 0.733883 0.018000 0.031484
7 0.958500 0.826837 0.075000 0.139430
7 0.968000 0.745877 0.018000 0.031484
