7 0.016875 0.667000 0.031250 0.050000
7 0.114375 0.703000 0.023750 0.038000
7 0.246875 0.721000 0.013750 0.030000
7 0.253125 0.700000 0.013750 0.032000
7 0.283750 0.695000 0.022500 0.042000
7 0.310625 0.703000 0.013750 0.030000
7 0.334375 0.693000 0.021250 0.034000
7 0.436875 0.691000 0.021250 0.038000
7 0.431250 0.686000 0.017500 0.032000
7 0.505000 0.734000 0.017500 0.032000
7 0.501875 0.695000 0.021250 0.038000
7 0.521875 0.686000 0.016250 0.028000
7 0.532500 0.708000 0.017500 0.032000
7 0.554375 0.701000 0.016250 0.034000
7 0.564375 0.718000 0.013750 0.024000
7 0.595000 0.689000 0.017500 0.030000
7 0.601875 0.698000 0.021250 0.036000
7 0.636875 0.707000 0.016250 0.034000
7 0.672500 0.692000 0.020000 0.036000
7 0.693125 0.727000 0.018750 0.034000
7 0.737500 0.725000 0.020000 0.034000
7 0.732500 0.690000 0.015000 0.032000
7 0.832500 0.719000 0.025000 0.042000
7 0.790000 0.713000 0.022500 0.042000
7 0.945625 0.703000 0.013750 0.018000
7 0.968125 0.719000 0.016250 0.030000
