7 0.279478 0.608619 0.059207 0.053650
7 0.629704 0.297054 0.078274 0.080475
7 0.622428 0.536060 0.038635 0.036060
7 0.818866 0.580695 0.033116 0.034741
7 0.404666 0.724274 0.031611 0.034301
7 0.481937 0.700528 0.038635 0.036060
7 0.070748 0.706464 0.036126 0.032102
7 0.015304 0.682278 0.014551 0.014512
7 0.178876 0.599384 0.045660 0.041337
7 0.332664 0.601583 0.027095 0.032542
7 0.456598 0.651055 0.012042 0.014512
7 0.387858 0.677880 0.031109 0.028584
7 0.417461 0.694811 0.026091 0.029903
7 0.889614 0.697010 0.033116 0.078276
7 0.973909 0.748901 0.054190 0.110818
7 0.971651 0.696130 0.014551 0.014952
7 0.998495 0.743624 0.044155 0.116095
7 0.780482 0.636324 0.017561 0.016711
7 0.711239 0.635224 0.019568 0.021548
7 0.997240 0.621812 0.014551 0.013193
7 0.668339 0.613456 0.017060 0.015831
