7 0.656713 0.410802 0.040278 0.061111
7 0.931366 0.410185 0.028009 0.046914
7 0.838657 0.419907 0.012500 0.019444
7 0.821412 0.420216 0.009491 0.013272
7 0.762731 0.415586 0.008796 0.013272
7 0.738194 0.426852 0.010648 0.019136
7 0.592130 0.415586 0.007870 0.013272
7 0.070602 0.391667 0.008796 0.014198
7 0.099769 0.385648 0.007870 0.010802
7 0.125694 0.392284 0.006481 0.009877
7 0.155324 0.396142 0.009259 0.011420
7 0.084144 0.389969 0.005324 0.007716
7 0.051505 0.387654 0.004398 0.006790
7 0.137731 0.392593 0.004167 0.004938
7 0.116667 0.392130 0.003704 0.006481
7 0.187616 0.392284 0.007176 0.010494
7 0.211690 0.395216 0.010880 0.016975
7 0.219329 0.392284 0.009954 0.012346
7 0.235648 0.392130 0.008796 0.011420
7 0.351389 0.411265 0.014815 0.021296
7 0.375926 0.406944 0.011574 0.017593
7 0.358449 0.405556 0.013194 0.020370
7 0.001852 0.396759 0.058333 0.097840
