7 0.006348 0.719130 0.014648 0.029565
7 0.017090 0.680000 0.008789 0.017391
7 0.020508 0.709565 0.009766 0.020870
7 0.035156 0.750435 0.019531 0.040000
7 0.043945 0.709565 0.013672 0.024348
7 0.060059 0.701739 0.014648 0.026087
7 0.083984 0.713043 0.013672 0.024348
7 0.096680 0.706957 0.013672 0.026087
7 0.106934 0.725217 0.012695 0.027826
7 0.127441 0.703478 0.010742 0.022609
7 0.142090 0.708696 0.010742 0.022609
7 0.150879 0.717391 0.012695 0.026087
7 0.176270 0.714783 0.012695 0.024348
7 0.187988 0.722609 0.012695 0.026087
7 0.203125 0.707826 0.011719 0.020870
7 0.226074 0.727826 0.010742 0.022609
7 0.238281 0.711304 0.013672 0.027826
7 0.253418 0.746957 0.016602 0.040000
7 0.241211 0.805217 0.021484 0.041739
7 0.265625 0.673043 0.007812 0.013913
7 0.284180 0.711304 0.011719 0.024348
7 0.280762 0.673043 0.008789 0.017391
7 0.297363 0.679130 0.008789 0.015652
7 0.297363 0.719130 0.014648 0.029565
7 0.311035 0.719130 0.010742 0.022609
7 0.340820 0.713913 0.015625 0.026087
7 0.333984 0.671304 0.005859 0.010435
7 0.327637 0.651304 0.004883 0.008696
7 0.343262 0.663478 0.006836 0.012174
7 0.370117 0.790435 0.021484 0.040000
7 0.363281 0.781739 0.017578 0.040000
7 0.438477 0.846087 0.025391 0.057391
7 0.485840 0.893043 0.024414 0.053913
7 0.424316 0.768696 0.020508 0.041739
7 0.442383 0.739130 0.011719 0.024348
7 0.462402 0.788696 0.018555 0.036522
7 0.500000 0.836522 0.023438 0.055652
7 0.479492 0.691304 0.007812 0.015652
7 0.461426 0.696522 0.006836 0.015652
7 0.499512 0.683478 0.006836 0.013913
7 0.521484 0.696522 0.007812 0.015652
7 0.540527 0.688696 0.008789 0.017391
7 0.559570 0.706957 0.011719 0.026087
7 0.574219 0.741739 0.013672 0.029565
7 0.574219 0.801739 0.021484 0.045217
7 0.612305 0.874783 0.027344 0.062609
7 0.591797 0.710435 0.009766 0.019130
7 0.603027 0.708696 0.008789 0.019130
7 0.633789 0.764348 0.015625 0.036522
7 0.635742 0.820870 0.025391 0.048696
7 0.681152 0.797391 0.022461 0.043478
7 0.718750 0.754783 0.019531 0.045217
7 0.688477 0.724348 0.011719 0.022609
7 0.648438 0.685217 0.007812 0.013913
7 0.633301 0.682609 0.008789 0.015652
7 0.624512 0.725217 0.018555 0.090435
7 0.610840 0.686957 0.006836 0.013913
7 0.666504 0.682609 0.008789 0.015652
7 0.676758 0.690435 0.007812 0.013913
7 0.689941 0.675652 0.006836 0.015652
7 0.732910 0.711304 0.010742 0.024348
7 0.749023 0.718261 0.011719 0.020870
7 0.763184 0.695652 0.006836 0.013913
7 0.782715 0.716522 0.010742 0.020870
7 0.798340 0.715652 0.012695 0.022609
7 0.818359 0.720000 0.011719 0.024348
7 0.832031 0.736522 0.015625 0.033043
7 0.834961 0.680870 0.009766 0.019130
7 0.831055 0.660870 0.009766 0.017391
7 0.851074 0.789565 0.020508 0.038261
7 0.867188 0.722609 0.013672 0.026087
7 0.898926 0.750435 0.012695 0.022609
7 0.904297 0.715652 0.009766 0.019130
7 0.915039 0.699130 0.013672 0.024348
7 0.938965 0.723478 0.012695 0.024348
7 0.849609 0.764348 0.027344 0.147826
7 0.921875 0.789565 0.019531 0.034783
7 0.985352 0.711304 0.015625 0.027826
7 0.615234 0.506087 0.003906 0.006957
7 0.488770 0.693043 0.006836 0.015652
7 0.445801 0.673913 0.006836 0.012174
7 0.433105 0.700000 0.010742 0.019130
7 0.309082 0.672174 0.004883 0.008696
7 0.309570 0.695652 0.007812 0.013913
7 0.211426 0.700000 0.010742 0.019130
7 0.230957 0.694783 0.010742 0.022609
7 0.160645 0.697391 0.008789 0.020870
7 0.113770 0.711304 0.010742 0.024348
7 0.883789 0.702609 0.009766 0.017391
