7 0.022917 0.380000 0.012500 0.022500
7 0.152917 0.437500 0.015833 0.025000
7 0.211250 0.402500 0.019167 0.027500
7 0.313333 0.373125 0.018333 0.028750
7 0.336250 0.385625 0.014167 0.031250
7 0.353750 0.396250 0.017500 0.030000
7 0.367083 0.407500 0.012500 0.025000
7 0.390833 0.389375 0.015000 0.028750
7 0.420833 0.402500 0.008333 0.015000
7 0.456250 0.383750 0.015833 0.027500
7 0.471250 0.397500 0.030833 0.055000
7 0.558333 0.379375 0.031667 0.058750
7 0.754167 0.378750 0.051667 0.085000
7 0.193333 0.390625 0.008333 0.016250
7 0.174167 0.396250 0.006667 0.010000
7 0.158333 0.397500 0.005000 0.010000
7 0.321667 0.389375 0.013333 0.021250
7 0.539583 0.402500 0.020833 0.035000
