7 0.998462 0.565593 0.018462 0.063291
7 0.980000 0.545455 0.006154 0.011507
7 0.785385 0.527043 0.007692 0.011507
7 0.838077 0.241657 0.096154 0.144994
7 0.603846 0.387802 0.043077 0.069045
7 0.653077 0.310702 0.052308 0.092060
7 0.479615 0.298619 0.062308 0.111623
7 0.426154 0.331415 0.063077 0.117376
7 0.413077 0.296318 0.049231 0.088608
7 0.336538 0.350403 0.053077 0.097814
7 0.245769 0.249137 0.074615 0.141542
7 0.211538 0.306674 0.110769 0.164557
7 0.127692 0.378596 0.041538 0.069045
7 0.041923 0.273878 0.066923 0.121979
