7 0.038542 0.450000 0.035417 0.064444
7 0.072917 0.415556 0.027083 0.057778
7 0.184375 0.421111 0.022917 0.055556
7 0.235417 0.443333 0.031250 0.064444
7 0.138542 0.557778 0.066667 0.173333
7 0.136979 0.557778 0.069792 0.177778
7 0.312500 0.275556 0.041667 0.093333
7 0.431771 0.663333 0.088542 0.237778
7 0.726562 0.562222 0.073958 0.160000
7 0.630729 0.481111 0.063542 0.144444
7 0.339062 0.510000 0.057292 0.144444
7 0.505729 0.400000 0.017708 0.040000
7 0.530729 0.390000 0.013542 0.033333
7 0.551042 0.390000 0.016667 0.042222
7 0.584896 0.404444 0.021875 0.048889
7 0.761458 0.460000 0.039583 0.093333
7 0.805208 0.410000 0.033333 0.068889
7 0.915625 0.425556 0.052083 0.091111
7 0.864062 0.410000 0.026042 0.055556
7 0.574479 0.386667 0.013542 0.035556
