7 0.820982 0.316848 0.016369 0.055435
7 0.643452 0.132065 0.075595 0.290217
7 0.610714 0.395652 0.035714 0.152174
7 0.564881 0.311413 0.029167 0.151087
7 0.529315 0.313043 0.036607 0.165217
7 0.519345 0.386413 0.035714 0.155435
7 0.421875 0.335326 0.043750 0.166304
7 0.448958 0.303261 0.034226 0.160870
7 0.383929 0.383152 0.036905 0.148913
7 0.334524 0.310870 0.041071 0.176087
7 0.284821 0.215217 0.036310 0.169565
7 0.258185 0.354891 0.083036 0.294565
7 0.228423 0.337500 0.063988 0.220652
7 0.075298 0.358152 0.080952 0.318478
7 0.124405 0.542935 0.110714 0.357609
