7 0.135547 0.609375 0.035937 0.041667
7 0.203125 0.584375 0.030469 0.044792
7 0.225391 0.585417 0.022656 0.028125
7 0.277539 0.603125 0.016797 0.022917
7 0.432617 0.619792 0.044141 0.078125
7 0.393945 0.590104 0.019922 0.025000
7 0.491211 0.591146 0.014453 0.023958
7 0.537695 0.576042 0.018359 0.028125
7 0.564453 0.601562 0.019531 0.034375
7 0.616797 0.594531 0.018750 0.032813
7 0.666016 0.586719 0.021875 0.030729
7 0.719141 0.611198 0.018750 0.028646
7 0.765039 0.586979 0.031641 0.042708
7 0.796680 0.594271 0.017578 0.031250
7 0.875781 0.614062 0.018750 0.025000
7 0.351172 0.558073 0.003125 0.003646
7 0.355859 0.561458 0.003125 0.004167
7 0.362891 0.557031 0.003125 0.004687
7 0.404883 0.560417 0.002734 0.004167
7 0.417969 0.559115 0.003906 0.004687
7 0.426367 0.553385 0.002734 0.003646
7 0.449414 0.556771 0.002734 0.004167
7 0.688477 0.562240 0.003516 0.004687
7 0.705469 0.564063 0.002344 0.004167
7 0.999609 0.603646 0.011719 0.014583
