7 0.382812 0.499268 0.007812 0.014641
7 0.630371 0.467057 0.008789 0.014641
7 0.625488 0.460469 0.008789 0.013177
7 0.773438 0.392387 0.007812 0.014641
7 0.812988 0.413616 0.010742 0.016105
7 0.831055 0.398243 0.009766 0.014641
7 0.847168 0.392387 0.010742 0.014641
7 0.857422 0.396047 0.009766 0.016105
7 0.986328 0.392387 0.015625 0.023426
7 0.969727 0.393851 0.015625 0.020498
7 0.951172 0.401903 0.015625 0.021962
7 0.815430 0.442899 0.011719 0.019034
7 0.789551 0.473646 0.012695 0.021962
7 0.877930 0.442167 0.011719 0.017570
7 0.881348 0.462665 0.010742 0.020498
7 0.862305 0.431918 0.009766 0.017570
7 0.851562 0.435578 0.011719 0.019034
7 0.836914 0.453880 0.013672 0.020498
7 0.856934 0.480234 0.014648 0.026354
7 0.805664 0.516105 0.013672 0.024890
7 0.784668 0.548316 0.016602 0.024890
7 0.842285 0.561493 0.018555 0.027818
7 0.966309 0.439971 0.030273 0.051245
7 0.890625 0.378477 0.044922 0.074671
7 0.574707 0.369693 0.034180 0.054173
7 0.654297 0.229136 0.056641 0.089312
7 0.417969 0.337482 0.029297 0.054173
7 0.432129 0.275988 0.040039 0.062958
7 0.261719 0.293558 0.035156 0.057101
7 0.751465 0.426794 0.028320 0.054173
7 0.832520 0.391654 0.008789 0.013177
