7 0.087000 0.654545 0.016000 0.032727
7 0.137000 0.716364 0.014000 0.029091
7 0.185500 0.692727 0.015000 0.025455
7 0.194500 0.705455 0.015000 0.025455
7 0.327000 0.740000 0.014000 0.029091
7 0.374000 0.736364 0.016000 0.032727
7 0.390500 0.680000 0.013000 0.025455
7 0.392000 0.540909 0.012000 0.023636
7 0.405000 0.537273 0.012000 0.023636
7 0.453000 0.712727 0.012000 0.029091
7 0.457500 0.746364 0.015000 0.030909
7 0.487000 0.716364 0.012000 0.025455
7 0.505000 0.732727 0.014000 0.029091
7 0.504500 0.620000 0.013000 0.025455
7 0.537000 0.720000 0.012000 0.025455
7 0.587000 0.660909 0.012000 0.020000
7 0.627500 0.711818 0.013000 0.030909
7 0.654500 0.720909 0.011000 0.023636
7 0.732000 0.724545 0.012000 0.023636
7 0.752000 0.720000 0.012000 0.025455
7 0.794500 0.749091 0.011000 0.025455
7 0.809000 0.613636 0.010000 0.020000
7 0.837000 0.665455 0.010000 0.021818
7 0.916000 0.766364 0.016000 0.034545
7 0.936500 0.771818 0.011000 0.023636
7 0.932000 0.736364 0.010000 0.018182
7 0.948000 0.740000 0.010000 0.021818
7 1.000500 0.762727 0.011000 0.023636
