7 0.080000 0.771111 0.005000 0.010370
7 0.095833 0.774815 0.006667 0.011852
7 0.100417 0.778519 0.005833 0.010370
7 0.258333 0.785185 0.006667 0.011852
7 0.282500 0.786667 0.005000 0.008889
7 0.316250 0.791111 0.005833 0.011852
7 0.339167 0.782222 0.005000 0.008889
7 0.348750 0.780741 0.005833 0.011852
7 0.368750 0.782963 0.004167 0.010370
7 0.378333 0.785926 0.005000 0.010370
7 0.383333 0.777778 0.005000 0.008889
7 0.395417 0.777778 0.004167 0.008889
7 0.402500 0.793333 0.010000 0.042963
7 0.411250 0.781481 0.004167 0.010370
7 0.407083 0.784444 0.005833 0.010370
7 0.425417 0.780000 0.007500 0.013333
7 0.433750 0.794074 0.007500 0.014815
7 0.442500 0.778519 0.005000 0.010370
7 0.450833 0.782963 0.005000 0.007407
7 0.456667 0.812593 0.008333 0.075556
7 0.472500 0.831852 0.016667 0.084444
7 0.466250 0.785185 0.005833 0.011852
7 0.472917 0.782963 0.005833 0.010370
7 0.477083 0.790370 0.004167 0.010370
7 0.478333 0.783704 0.005000 0.008889
7 0.493750 0.791111 0.005833 0.011852
7 0.492083 0.778519 0.004167 0.007407
7 0.496250 0.777037 0.004167 0.007407
7 0.502500 0.793333 0.008333 0.048889
7 0.509167 0.775556 0.003333 0.007407
7 0.511250 0.799259 0.009167 0.045926
7 0.502083 0.782222 0.005833 0.011852
7 0.511667 0.787407 0.006667 0.013333
7 0.517083 0.790370 0.004167 0.010370
7 0.523333 0.794074 0.005000 0.011852
7 0.529583 0.788889 0.004167 0.007407
7 0.540000 0.788889 0.005000 0.010370
7 0.542917 0.811111 0.009167 0.066667
7 0.549583 0.781481 0.004167 0.007407
7 0.560000 0.786667 0.005000 0.008889
7 0.557917 0.785185 0.005833 0.008889
7 0.570000 0.791111 0.006667 0.011852
7 0.571250 0.786667 0.004167 0.008889
7 0.582917 0.783704 0.004167 0.008889
7 0.615833 0.785185 0.005000 0.008889
7 0.636667 0.786667 0.005000 0.011852
7 0.638750 0.786667 0.009167 0.014815
7 0.662500 0.782222 0.005000 0.008889
7 0.665417 0.792593 0.005833 0.011852
7 0.667500 0.805926 0.010000 0.068148
7 0.677917 0.788148 0.005833 0.011852
7 0.683750 0.788148 0.005833 0.011852
7 0.765833 0.780000 0.006667 0.010370
7 0.801250 0.781481 0.005833 0.010370
7 0.893750 0.780741 0.017500 0.082963
7 0.900417 0.774074 0.005833 0.010370
7 0.187917 0.776296 0.007500 0.011852
7 0.215833 0.784444 0.006667 0.013333
7 0.205833 0.809630 0.025000 0.078519
7 0.215417 0.784444 0.007500 0.013333
7 0.223333 0.808148 0.015000 0.060741
7 0.403750 0.798519 0.012500 0.044444
7 0.536667 0.811111 0.010000 0.060741
