7 0.049231 0.356262 0.030769 0.050285
7 0.130769 0.358634 0.033846 0.060721
7 0.148846 0.367647 0.023846 0.038899
7 0.186538 0.313093 0.017692 0.032258
7 0.217308 0.317362 0.014615 0.025617
7 0.224615 0.321157 0.020000 0.025617
7 0.270385 0.382827 0.056154 0.076850
7 0.311923 0.353890 0.033077 0.049336
7 0.291154 0.383302 0.028462 0.045541
7 0.396923 0.327324 0.009231 0.013283
7 0.407692 0.359108 0.027692 0.048387
7 0.450385 0.337761 0.026923 0.039848
7 0.495769 0.313567 0.022308 0.023719
7 0.538077 0.359108 0.026923 0.042694
7 0.518846 0.347723 0.043846 0.071157
7 0.564231 0.319260 0.028462 0.033207
7 0.646923 0.296964 0.033846 0.053131
7 0.648846 0.372865 0.037692 0.060721
7 0.689231 0.317362 0.030769 0.040797
7 0.731538 0.342030 0.026154 0.035104
7 0.765769 0.299336 0.033077 0.038899
7 0.737692 0.390892 0.036923 0.060721
7 0.823077 0.371917 0.049231 0.075901
7 0.823077 0.372865 0.049231 0.079696
7 0.999231 0.341556 0.024615 0.043643
