7 0.832308 0.410808 0.038462 0.053515
7 0.770769 0.500525 0.026154 0.044071
7 0.676538 0.484785 0.022308 0.033578
7 0.640769 0.505771 0.021538 0.039874
7 0.600385 0.481637 0.020769 0.031480
7 0.616923 0.469570 0.016923 0.026233
7 0.581538 0.472193 0.012308 0.020986
7 0.558077 0.466946 0.020769 0.031480
7 0.545385 0.484785 0.023077 0.033578
7 0.521538 0.473242 0.013846 0.020986
7 0.466154 0.457503 0.032308 0.048269
7 0.385769 0.508919 0.030000 0.046170
7 0.378846 0.483211 0.020769 0.032529
7 0.398846 0.477964 0.014615 0.028332
7 0.266538 0.465373 0.016154 0.028332
7 0.325000 0.471668 0.010000 0.015740
7 0.315769 0.472718 0.010000 0.013641
7 0.322308 0.486359 0.013846 0.024134
7 0.216538 0.493179 0.010000 0.016789
7 0.230385 0.477440 0.010000 0.014690
7 0.180769 0.476915 0.009231 0.015740
7 0.134615 0.473767 0.007692 0.011542
7 0.140769 0.471668 0.009231 0.013641
7 0.168846 0.478489 0.008462 0.012592
7 0.648462 0.494229 0.018462 0.031480
7 0.718462 0.487933 0.009231 0.014690
7 0.741923 0.483211 0.010000 0.013641
7 0.695385 0.475866 0.010769 0.015740
7 0.661538 0.482162 0.007692 0.011542
7 0.902308 0.528856 0.021538 0.035677
7 0.917308 0.525184 0.017692 0.032529
