7 0.038750 0.873889 0.010833 0.014444
7 0.066667 0.869444 0.011667 0.012222
7 0.202500 0.896111 0.011667 0.018889
7 0.260417 0.872778 0.005833 0.010000
7 0.275417 0.870000 0.005833 0.008889
7 0.281250 0.870000 0.005833 0.006667
7 0.283750 0.869444 0.004167 0.005556
7 0.299583 0.862778 0.005833 0.010000
7 0.317083 0.880556 0.007500 0.014444
7 0.316667 0.880556 0.008333 0.014444
7 0.336667 0.855000 0.011667 0.016667
7 0.359583 0.893333 0.010833 0.017778
7 0.369167 0.891667 0.008333 0.012222
7 0.390417 0.864444 0.009167 0.015556
7 0.408750 0.868889 0.005833 0.008889
7 0.420417 0.866667 0.005833 0.008889
7 0.658750 0.900556 0.010833 0.012222
7 0.707500 0.900000 0.011667 0.015556
7 0.685833 0.871667 0.006667 0.007778
7 0.778333 0.871111 0.006667 0.008889
7 0.790417 0.874444 0.005833 0.008889
7 0.801667 0.870556 0.005000 0.007778
7 0.820000 0.869444 0.005000 0.007778
7 0.853333 0.871667 0.008333 0.010000
7 0.878750 0.887222 0.010833 0.016667
7 0.882500 0.872778 0.010000 0.014444
7 0.874167 0.870556 0.006667 0.012222
7 0.975000 0.880556 0.013333 0.016667
