7 0.567500 0.601875 0.020000 0.051250
7 0.759687 0.828125 0.020625 0.053750
7 0.689375 0.782500 0.012500 0.030000
7 0.671875 0.764375 0.012500 0.026250
7 0.653438 0.788125 0.013125 0.031250
7 0.624062 0.791875 0.015625 0.038750
7 0.548125 0.803750 0.013750 0.040000
7 0.494375 0.796875 0.015000 0.036250
7 0.475938 0.874375 0.013125 0.036250
7 0.433437 0.801250 0.016875 0.032500
7 0.378437 0.791250 0.014375 0.037500
7 0.383750 0.895625 0.022500 0.041250
7 0.339062 0.898750 0.016875 0.040000
7 0.351875 0.808125 0.018750 0.038750
7 0.303438 0.905625 0.021875 0.046250
7 0.275938 0.798750 0.014375 0.035000
7 0.230000 0.840625 0.021250 0.043750
7 0.220938 0.928750 0.015625 0.040000
7 0.162500 0.936875 0.028750 0.048750
7 0.108125 0.928750 0.023750 0.050000
7 0.090000 0.842500 0.018750 0.042500
7 0.014375 0.923125 0.020000 0.048750
