7 0.335344 0.569216 0.015351 0.027686
7 0.500457 0.542352 0.007858 0.013432
7 0.518914 0.539337 0.007493 0.011787
7 0.536732 0.540296 0.004020 0.006579
7 0.548977 0.542489 0.002558 0.004386
7 0.554368 0.537555 0.002376 0.003838
7 0.559211 0.536047 0.002193 0.003564
7 0.570084 0.541804 0.002741 0.004112
7 0.579130 0.538377 0.002558 0.004934
7 0.623995 0.540981 0.003107 0.005757
7 0.648940 0.544956 0.006213 0.012061
7 0.659357 0.542900 0.002924 0.004660
7 0.665205 0.547286 0.001462 0.002467
7 0.666849 0.537692 0.001462 0.002467
7 0.660819 0.537418 0.002193 0.003015
7 0.656798 0.538925 0.002558 0.004386
7 0.653417 0.539748 0.002010 0.003289
7 0.646473 0.535499 0.002376 0.003564
7 0.646656 0.539062 0.002010 0.003564
7 0.696272 0.544545 0.002924 0.005208
7 0.707602 0.544682 0.003289 0.005482
7 0.718567 0.543174 0.001827 0.003015
7 0.714273 0.538240 0.001645 0.001919
7 0.724232 0.543723 0.002558 0.004112
7 0.736385 0.541255 0.002376 0.003564
7 0.803728 0.544134 0.002193 0.004386
7 0.809576 0.542215 0.001827 0.002741
7 0.819444 0.540981 0.005117 0.007950
7 0.829587 0.551124 0.003107 0.005208
7 0.829861 0.542763 0.003655 0.006031
7 0.817343 0.546053 0.005665 0.009320
7 0.838085 0.541118 0.002924 0.004386
7 0.846126 0.543723 0.002924 0.004660
7 0.845395 0.538788 0.002558 0.004112
7 0.850694 0.541941 0.001827 0.002741
7 0.852431 0.539062 0.002010 0.003015
7 0.987756 0.542078 0.017909 0.025493
7 0.921966 0.543311 0.015351 0.019189
7 0.883132 0.533717 0.012244 0.017544
7 0.901224 0.544682 0.004934 0.007127
7 0.896290 0.536870 0.003472 0.005757
7 0.871254 0.545230 0.004934 0.007675
7 0.865588 0.546601 0.003472 0.005482
7 0.863487 0.544545 0.002924 0.004112
7 0.860015 0.542626 0.002924 0.004660
7 0.857182 0.538925 0.002010 0.003289
7 0.862116 0.539748 0.002376 0.004386
