7 0.967833 0.720890 0.021667 0.035482
7 1.016667 0.669665 0.018000 0.025987
7 0.969333 0.724138 0.023333 0.036982
7 0.936833 0.732384 0.021000 0.041479
7 0.897167 0.689905 0.018333 0.029485
7 0.889500 0.708396 0.023000 0.037481
7 0.874333 0.710645 0.026000 0.044978
7 0.843167 0.707396 0.024333 0.039480
7 0.783167 0.715392 0.022333 0.034483
7 0.776167 0.706897 0.020333 0.034483
7 0.782000 0.697151 0.024000 0.035982
7 0.731500 0.719390 0.024333 0.040480
7 0.678667 0.706147 0.023333 0.043978
7 0.646167 0.701399 0.023000 0.037481
7 0.675833 0.703648 0.023000 0.038981
7 0.622500 0.733883 0.021667 0.039480
7 0.580167 0.712394 0.021667 0.033483
7 0.527500 0.704648 0.021667 0.036982
7 0.485000 0.680910 0.029333 0.043478
7 0.457000 0.720140 0.023333 0.036982
7 0.424333 0.722889 0.024000 0.037481
7 0.358167 0.710645 0.024333 0.040980
7 0.340333 0.709895 0.022000 0.044478
7 0.370167 0.723888 0.023000 0.042479
7 0.272667 0.715142 0.017333 0.028986
7 0.261167 0.702399 0.023000 0.040480
7 0.252000 0.708396 0.024000 0.044478
7 0.198167 0.689655 0.027667 0.045977
7 0.168333 0.696902 0.022667 0.036482
7 0.147833 0.723888 0.020333 0.035482
7 0.105833 0.714893 0.023000 0.038481
7 0.048500 0.716892 0.025000 0.040480
7 0.034833 0.705647 0.021667 0.033983
