7 0.852917 0.797222 0.009167 0.012222
7 0.737917 0.792222 0.009167 0.013333
7 0.920000 0.768889 0.011667 0.015556
7 0.881667 0.822778 0.030000 0.058889
7 0.580000 0.804444 0.008333 0.011111
7 0.550000 0.797778 0.008333 0.011111
7 0.531667 0.812778 0.008333 0.010000
7 0.505833 0.805556 0.006667 0.011111
7 0.487917 0.807778 0.007500 0.011111
7 0.482500 0.803889 0.006667 0.010000
7 0.472083 0.807222 0.007500 0.010000
7 0.449583 0.806111 0.007500 0.010000
7 0.415417 0.811667 0.009167 0.012222
7 0.392500 0.813889 0.006667 0.007778
7 0.382917 0.810556 0.005833 0.010000
7 0.373750 0.811111 0.005833 0.008889
7 0.312917 0.811667 0.005833 0.007778
