7 0.617188 0.527604 0.068750 0.117708
7 0.466797 0.492188 0.061719 0.101042
7 0.336328 0.601562 0.061719 0.123958
7 0.152344 0.426563 0.065625 0.101042
7 0.266016 0.441667 0.063281 0.087500
7 0.380078 0.422396 0.057031 0.096875
7 0.565234 0.404167 0.060156 0.102083
7 0.941406 0.407813 0.078125 0.121875
7 0.842969 0.501563 0.073438 0.123958
7 0.036719 0.460938 0.067187 0.117708
7 0.701562 0.431250 0.067187 0.102083
7 0.816797 0.387500 0.047656 0.077083
7 0.753906 0.352604 0.054688 0.073958
7 0.684375 0.358333 0.050000 0.068750
7 0.653906 0.403646 0.048438 0.067708
7 0.593750 0.360417 0.043750 0.072917
7 0.507031 0.353125 0.045312 0.083333
7 0.430859 0.404687 0.039844 0.063542
7 0.349219 0.395313 0.040625 0.069792
7 0.207031 0.457813 0.053125 0.084375
7 -0.045703 0.425000 0.055469 0.083333
7 0.905078 0.433854 0.055469 0.090625
7 0.790625 0.458854 0.059375 0.092708
7 0.612109 0.475521 0.067969 0.105208
7 0.469141 0.425521 0.057031 0.082292
