7 0.766126 0.554604 0.093878 0.199449
7 0.666187 0.630009 0.073131 0.152646
7 0.529992 0.662741 0.071898 0.135515
7 0.426150 0.578006 0.074979 0.143469
7 0.303307 0.673906 0.043344 0.072193
7 0.199671 0.630162 0.052999 0.084429
7 0.141434 0.651270 0.035127 0.053227
7 0.115653 0.650352 0.030403 0.051392
7 0.072001 0.664729 0.027321 0.043438
7 0.031635 0.675742 0.014380 0.023249
7 0.271261 0.665953 0.035949 0.054451
7 0.303924 0.675130 0.039647 0.070358
7 0.475247 0.645457 0.035949 0.056898
7 0.591721 0.668859 0.036771 0.062099
7 0.626130 0.627256 0.044371 0.081676
