7 0.247987 0.490123 0.077295 0.143210
7 0.076490 0.725309 0.122383 0.179012
7 0.515700 0.531481 0.073269 0.146914
7 0.727456 0.506790 0.087762 0.139506
7 0.825684 0.488889 0.061997 0.116049
7 0.935185 0.458642 0.068438 0.117284
7 0.688808 0.432099 0.063607 0.113580
7 0.644122 0.473457 0.045089 0.085185
7 0.156200 0.488272 0.067633 0.132099
7 0.075684 0.461728 0.066023 0.118519
7 0.890097 0.445062 0.050725 0.080247
7 0.108696 0.443827 0.022544 0.045679
7 0.210950 0.448765 0.049919 0.087654
7 0.354267 0.467901 0.040258 0.079012
7 0.297907 0.461728 0.025765 0.046914
7 0.322866 0.446296 0.030596 0.055556
7 0.404992 0.429630 0.030596 0.056790
7 0.490338 0.436420 0.033816 0.060494
7 0.806361 0.433951 0.024960 0.045679
7 0.964573 0.437654 0.027375 0.045679
7 0.644928 0.470988 0.046699 0.080247
7 0.995974 0.479630 0.045089 0.085185
7 0.562802 0.412963 0.048309 0.085185
