7 -0.010185 0.433333 0.112963 0.090123
7 0.480093 0.330556 0.113889 0.070988
7 0.550463 0.382099 0.054630 0.039506
7 0.946759 0.276852 0.023148 0.017901
7 0.867593 0.273765 0.022222 0.019136
7 0.787037 0.371914 0.029630 0.024074
7 0.666204 0.416667 0.026852 0.022222
7 0.588426 0.419444 0.030556 0.025309
7 0.481019 0.444444 0.030556 0.024691
7 0.492593 0.414815 0.027778 0.022222
7 0.137500 0.275000 0.030556 0.020370
7 0.016667 0.308025 0.035185 0.017284
7 0.046296 0.305247 0.029630 0.019136
7 0.068056 0.384877 0.028704 0.025309
7 0.141204 0.378395 0.028704 0.022222
7 0.149074 0.368827 0.025926 0.022840
7 0.206019 0.372840 0.030556 0.022222
7 0.245833 0.337963 0.025000 0.019136
7 0.243981 0.460185 0.032407 0.027778
7 0.167130 0.459259 0.030556 0.023457
