7 0.214000 0.539326 0.240000 0.260674
7 0.843500 0.646067 0.220000 0.339326
7 0.845500 0.268914 0.186000 0.284644
7 0.213500 0.541199 0.242000 0.273408
7 0.285250 0.292135 0.064500 0.122846
7 0.415250 0.266667 0.061500 0.122846
7 0.540500 0.259551 0.051000 0.107116
7 0.703750 0.276030 0.059500 0.117603
7 0.145750 0.213858 0.045500 0.062172
7 0.098000 0.205243 0.044000 0.064419
7 0.268500 0.229588 0.042000 0.071161
7 0.362750 0.216105 0.042500 0.074157
7 0.309000 0.151685 0.028000 0.053184
7 0.670250 0.186142 0.040500 0.078652
7 0.884250 0.044195 0.020500 0.035955
7 0.694250 0.057678 0.010500 0.019476
7 0.457250 0.130712 0.026500 0.044195
7 0.509500 0.137079 0.022000 0.041948
7 0.571500 0.138202 0.028000 0.039700
7 0.655250 0.120225 0.024500 0.041199
7 0.765750 0.163296 0.029500 0.052434
7 0.759500 0.211985 0.057000 0.086891
7 0.977000 0.179026 0.045000 0.062921
7 0.957750 0.162172 0.040500 0.060674
7 0.753500 0.110487 0.016000 0.027715
7 0.433750 0.124345 0.017500 0.032959
7 0.543250 0.119850 0.017500 0.035955
7 0.631500 0.131461 0.021000 0.036704
7 0.600250 0.130337 0.019500 0.035955
