7 0.035667 0.572428 0.016667 0.027972
7 0.122333 0.599900 0.011333 0.016983
7 0.163000 0.610889 0.010000 0.016983
7 0.167667 0.596903 0.010000 0.016983
7 0.246000 0.513986 0.028000 0.040959
7 0.284000 0.618382 0.006667 0.009990
7 0.292667 0.615385 0.008000 0.013986
7 0.339000 0.571429 0.010000 0.015984
7 0.364333 0.633866 0.003333 0.004995
7 0.371667 0.633367 0.003333 0.005994
7 0.385000 0.620380 0.006000 0.009990
7 0.428667 0.573926 0.013333 0.020979
7 0.447333 0.645355 0.006667 0.023976
7 0.454333 0.634865 0.003333 0.004995
7 0.462000 0.644356 0.006667 0.025974
7 0.469667 0.626374 0.003333 0.005994
7 0.479000 0.624376 0.003333 0.005994
7 0.488000 0.622877 0.004000 0.006993
7 0.513667 0.631868 0.002000 0.002997
7 0.546667 0.589910 0.008000 0.012987
7 0.561000 0.620380 0.004667 0.007992
7 0.566333 0.620879 0.006000 0.008991
7 0.585667 0.593906 0.008667 0.014985
7 0.610000 0.500999 0.017333 0.032967
7 0.638000 0.599401 0.010667 0.013986
7 0.649000 0.602398 0.007333 0.011988
7 0.659000 0.602897 0.008667 0.012987
7 0.692000 0.586913 0.010667 0.016983
7 0.717000 0.594905 0.008667 0.012987
7 0.745333 0.568931 0.017333 0.024975
7 0.776333 0.604895 0.004667 0.008991
7 0.780667 0.602897 0.005333 0.008991
7 0.793333 0.602897 0.008000 0.010989
7 0.833000 0.591908 0.011333 0.016983
7 0.866667 0.583916 0.009333 0.016983
7 0.955000 0.630370 0.074000 0.125874
7 0.941667 0.572927 0.016667 0.016983
