7 0.037557 0.461330 0.006335 0.010855
7 0.019910 0.524423 0.007240 0.012212
7 0.074661 0.544098 0.008145 0.013569
7 0.017195 0.563772 0.007240 0.012212
7 0.071946 0.559023 0.017195 0.048847
7 0.080995 0.575984 0.008145 0.017639
7 0.134842 0.526459 0.005430 0.008141
7 0.144344 0.545455 0.011765 0.054274
7 0.185068 0.551560 0.019005 0.052917
7 0.201357 0.540027 0.008145 0.016282
7 0.223077 0.551560 0.024434 0.050204
7 0.243439 0.541384 0.005430 0.010855
7 0.188235 0.592944 0.019910 0.035278
7 0.207692 0.595658 0.022624 0.027137
7 0.583710 0.553596 0.009050 0.013569
7 0.619005 0.569878 0.021719 0.051560
7 0.639367 0.548847 0.008145 0.012212
7 0.681900 0.566486 0.008145 0.012212
7 0.695023 0.567843 0.007240 0.012212
7 0.725792 0.561737 0.005430 0.008141
7 0.606335 0.653324 0.009050 0.014925
7 0.668326 0.663501 0.024434 0.075984
7 0.687783 0.637042 0.009050 0.014925
7 0.810860 0.562415 0.025339 0.058345
7 0.834842 0.546811 0.006335 0.010855
7 0.845701 0.566486 0.008145 0.014925
7 0.803620 0.590909 0.009050 0.014925
7 0.827149 0.631615 0.010860 0.017639
7 0.976923 0.601085 0.009955 0.016282
7 0.999548 0.590231 0.009955 0.016282
7 0.042986 0.576662 0.029864 0.048847
7 0.057919 0.613297 0.025339 0.043419
7 0.244344 0.611940 0.028959 0.062415
7 0.238914 0.651289 0.028959 0.043419
7 0.295928 0.314790 0.056109 0.081411
7 0.352036 0.720488 0.010860 0.016282
7 0.434842 0.585482 0.028054 0.047490
7 0.536199 0.302578 0.044344 0.059701
7 0.530769 0.719810 0.019005 0.033921
7 0.627602 0.649254 0.020814 0.036635
7 0.680543 0.668250 0.016290 0.028494
7 0.742986 0.635685 0.028959 0.042062
7 0.775113 0.689959 0.022624 0.039349
7 0.985973 0.690638 0.022624 0.035278
7 0.702262 0.661465 0.009050 0.017639
