7 0.029375 0.746641 0.018750 0.026871
7 0.079375 0.729367 0.021250 0.034549
7 0.089375 0.727447 0.016250 0.030710
7 0.191250 0.759117 0.017500 0.028791
7 0.216875 0.753359 0.016250 0.024952
7 0.231250 0.762956 0.017500 0.028791
7 0.296250 0.758157 0.015000 0.026871
7 0.410000 0.760077 0.015000 0.023033
7 0.430625 0.754319 0.011250 0.019194
7 0.462500 0.761036 0.015000 0.024952
7 0.496250 0.769674 0.015000 0.019194
7 0.746875 0.738004 0.018750 0.036468
7 0.650000 0.773512 0.015000 0.026871
7 0.249375 0.772553 0.021250 0.040307
