7 0.772500 0.396429 0.059000 0.095714
7 0.937500 0.326429 0.037000 0.064286
7 0.814500 0.337143 0.037000 0.054286
7 0.768500 0.216429 0.019000 0.030000
7 0.607500 0.338571 0.039000 0.060000
7 0.542000 0.309286 0.036000 0.055714
7 0.598500 0.241429 0.011000 0.017143
7 0.574500 0.240714 0.009000 0.015714
7 0.551000 0.235714 0.010000 0.014286
7 0.524000 0.211429 0.012000 0.020000
7 0.471000 0.212143 0.012000 0.021429
7 0.451000 0.216429 0.014000 0.021429
7 0.394500 0.212857 0.013000 0.022857
7 0.382000 0.217143 0.012000 0.017143
7 0.365000 0.205714 0.018000 0.031429
7 0.370000 0.307143 0.048000 0.074286
7 0.140500 0.349286 0.063000 0.090000
7 0.254000 0.279286 0.026000 0.044286
7 0.215000 0.223571 0.010000 0.015714
7 0.169000 0.220000 0.016000 0.031429
7 0.116500 0.212857 0.019000 0.031429
7 0.102000 0.212857 0.012000 0.017143
7 0.072500 0.249286 0.011000 0.015714
7 0.044000 0.206429 0.018000 0.030000
