7 0.128418 0.446615 0.055664 0.085938
7 0.036133 0.414714 0.064453 0.089844
7 0.156250 0.419271 0.052734 0.080729
7 0.229004 0.396484 0.051758 0.079427
7 0.339355 0.427734 0.055664 0.084635
7 0.363770 0.404297 0.040039 0.071615
7 0.615234 0.411458 0.068359 0.114583
7 0.512695 0.456380 0.035156 0.055990
7 0.759766 0.401042 0.060547 0.098958
7 0.834473 0.418620 0.047852 0.071615
7 0.979492 0.408203 0.050781 0.076823
7 0.445801 0.442057 0.028320 0.045573
7 0.488770 0.427734 0.034180 0.053385
7 0.518555 0.429688 0.029297 0.046875
7 0.664551 0.456380 0.032227 0.048177
7 0.081543 0.456380 0.030273 0.058594
7 0.895508 0.443359 0.027344 0.042969
7 0.937012 0.441406 0.024414 0.036458
7 0.621582 0.442708 0.036133 0.049479
7 0.446777 0.418620 0.024414 0.037760
