7 0.061250 0.275605 0.045000 0.070764
7 0.121875 0.283054 0.038750 0.059590
7 0.156875 0.273743 0.036250 0.052142
7 0.242500 0.295158 0.055000 0.072626
7 0.310625 0.256052 0.043750 0.076350
7 0.385000 0.233706 0.052500 0.091248
7 0.418750 0.482309 0.057500 0.096834
7 0.540625 0.261639 0.061250 0.113594
7 0.428750 0.303538 0.037500 0.063315
7 0.467500 0.283054 0.040000 0.063315
7 0.623125 0.269088 0.046250 0.080074
7 0.585000 0.305400 0.017500 0.033520
7 0.658750 0.256983 0.032500 0.055866
7 0.726250 0.296089 0.055000 0.100559
7 0.710625 0.256052 0.048750 0.091248
7 0.763125 0.260708 0.051250 0.093110
7 0.854375 0.176909 0.071250 0.119181
7 0.878125 0.249534 0.081250 0.156425
