7 0.944444 0.720395 0.009259 0.016447
7 0.970833 0.718750 0.008333 0.016447
7 0.707407 0.709704 0.012963 0.021382
7 0.687963 0.712993 0.011111 0.021382
7 0.566204 0.736842 0.008333 0.013158
7 0.545370 0.759868 0.005556 0.009868
7 0.526389 0.761513 0.006481 0.013158
7 0.502315 0.697368 0.012037 0.023026
7 0.490278 0.723684 0.008333 0.016447
7 0.466667 0.727796 0.009259 0.018092
7 0.416667 0.726151 0.007407 0.018092
7 0.338426 0.685855 0.013889 0.026316
7 0.392593 0.401316 0.040741 0.075658
7 0.054167 0.754934 0.008333 0.016447
7 0.026852 0.739309 0.007407 0.018092
7 0.022685 0.724507 0.010185 0.018092
7 0.004630 0.736842 0.005556 0.013158
7 0.039352 0.763980 0.006481 0.011513
