7 0.942553 0.284689 0.019149 0.030303
7 0.921277 0.276715 0.012766 0.027113
7 0.944149 0.271930 0.013830 0.027113
7 0.883511 0.279904 0.020213 0.036683
7 0.830851 0.206539 0.044681 0.074960
7 0.782447 0.248804 0.024468 0.044657
7 0.751596 0.279107 0.018085 0.035088
7 0.720745 0.348485 0.020213 0.033493
7 0.714894 0.311802 0.014894 0.027113
7 0.671277 0.259171 0.021277 0.036683
7 0.661170 0.275120 0.018085 0.039872
7 0.615426 0.296651 0.032979 0.060606
7 0.585106 0.275120 0.027660 0.049442
7 0.538830 0.298246 0.026596 0.060606
7 0.503191 0.296651 0.040426 0.076555
7 0.490426 0.295056 0.031915 0.076555
7 0.402128 0.275120 0.040426 0.087719
7 0.343617 0.275917 0.051064 0.102073
7 0.262234 0.345295 0.058511 0.119617
7 0.219681 0.245614 0.045745 0.095694
7 0.126596 0.371611 0.070213 0.137161
