7 0.015667 0.451429 0.010000 0.011429
7 0.033000 0.457143 0.011333 0.014694
7 0.047667 0.451020 0.011333 0.012245
7 0.094333 0.462857 0.016667 0.021224
7 0.149667 0.456327 0.019333 0.022857
7 0.189667 0.461633 0.028667 0.038367
7 0.220667 0.435102 0.017333 0.019592
7 0.315667 0.503265 0.012667 0.017143
7 0.331333 0.513061 0.012000 0.012245
7 0.314333 0.460408 0.010000 0.016327
7 0.326667 0.450204 0.010667 0.018776
7 0.352000 0.453061 0.013333 0.019592
7 0.373000 0.446122 0.015333 0.020408
7 0.428667 0.439184 0.002667 0.003265
7 0.437000 0.436735 0.003333 0.004898
7 0.449333 0.441224 0.004000 0.004082
7 0.456333 0.453469 0.007333 0.030204
7 0.462000 0.453469 0.009333 0.030204
7 0.468333 0.440408 0.004667 0.005714
7 0.481333 0.441633 0.005333 0.008163
7 0.490333 0.440816 0.004667 0.006531
7 0.501667 0.436735 0.004667 0.004898
7 0.534667 0.457959 0.005333 0.008163
7 0.552333 0.436735 0.006000 0.008163
7 0.565000 0.434286 0.006000 0.008163
7 0.576000 0.431837 0.004000 0.006531
7 0.580667 0.436327 0.005333 0.007347
7 0.585667 0.438367 0.006000 0.008163
7 0.577000 0.460408 0.012667 0.016327
7 0.601667 0.446122 0.006000 0.008980
7 0.617333 0.440000 0.008000 0.009796
7 0.629333 0.433469 0.005333 0.006531
7 0.711667 0.435102 0.015333 0.017959
7 0.745000 0.462857 0.006000 0.008163
7 0.769667 0.454694 0.012667 0.021224
7 0.778333 0.493469 0.014000 0.018776
7 0.901000 0.422449 0.008667 0.013878
7 0.857000 0.433469 0.024667 0.034286
