7 0.180750 0.514505 0.040500 0.102389
7 0.260000 0.501280 0.043000 0.089590
7 0.347000 0.508106 0.037000 0.093003
7 0.429250 0.500000 0.039500 0.097270
7 0.162000 0.369454 0.046000 0.105802
7 0.262250 0.339590 0.033500 0.078498
7 0.314750 0.361775 0.038500 0.085324
7 0.363250 0.297782 0.037500 0.075085
7 0.452000 0.313567 0.035000 0.081058
7 0.505500 0.342577 0.032000 0.070819
7 0.563500 0.329352 0.029000 0.068259
7 0.658000 0.331911 0.042000 0.083618
7 0.729250 0.322952 0.039500 0.087884
7 0.847000 0.400171 0.047000 0.085324
7 0.908000 0.386519 0.049000 0.100683
7 0.115500 0.196246 0.042000 0.087031
7 0.205250 0.178754 0.037500 0.072526
7 0.264000 0.202218 0.032000 0.075085
7 0.359000 0.187713 0.034000 0.064846
7 0.421500 0.185154 0.030000 0.061433
7 0.492250 0.177474 0.032500 0.073379
7 0.560000 0.189846 0.031000 0.072526
7 0.638750 0.252133 0.038500 0.072526
7 0.729250 0.322099 0.039500 0.087884
7 0.784750 0.212884 0.033500 0.063993
7 0.877500 0.242321 0.039000 0.075085
7 0.943500 0.261519 0.043000 0.089590
7 0.029750 0.263225 0.011500 0.021331
7 0.036750 0.147184 0.007500 0.016212
7 0.648500 0.122014 0.006000 0.011945
7 0.833500 0.112628 0.009000 0.018771
7 0.860750 0.149744 0.008500 0.016212
7 0.869750 0.174061 0.008500 0.017065
7 0.812750 0.147184 0.007500 0.016212
7 0.792500 0.150171 0.008000 0.015358
7 0.898500 0.165956 0.010000 0.017918
7 0.943000 0.176621 0.008000 0.013652
7 0.929250 0.172355 0.010500 0.015358
7 0.920250 0.136945 0.008500 0.016212
7 -0.002750 0.261092 0.009500 0.020478
7 0.032750 0.248720 0.012500 0.023038
7 0.231500 0.136945 0.007000 0.012799
7 0.414500 0.149317 0.008000 0.015358
7 0.428250 0.136945 0.008500 0.016212
7 0.892000 0.148464 0.008000 0.015358
7 0.912250 0.167235 0.009500 0.015358
7 0.911500 0.154437 0.007000 0.013652
7 0.801500 0.159556 0.010000 0.017065
7 0.303750 0.203498 0.029500 0.070819
7 0.667250 0.191126 0.026500 0.051195
7 0.728000 0.217577 0.024000 0.049488
7 0.799750 0.107082 0.010500 0.016212
7 0.990750 0.301195 0.011500 0.023891
