7 0.990385 0.461297 0.030000 0.041841
7 0.966538 0.450314 0.028462 0.042887
7 0.778846 0.450314 0.020769 0.026151
7 0.787308 0.440900 0.019231 0.038703
7 0.768077 0.451360 0.020769 0.030335
7 0.736154 0.449268 0.021538 0.034519
7 0.697308 0.430439 0.023846 0.036611
7 0.668846 0.428347 0.033077 0.057531
7 0.375769 0.462343 0.039231 0.069038
7 0.473462 0.408473 0.020769 0.034519
7 0.513462 0.407950 0.019231 0.031381
7 0.552308 0.433577 0.023077 0.038703
7 0.580769 0.452929 0.021538 0.031381
7 0.598846 0.416318 0.016154 0.025105
7 0.607692 0.403243 0.007692 0.011506
7 0.616538 0.402197 0.010000 0.015690
7 0.605769 0.404289 0.010000 0.015690
7 0.578077 0.492155 0.051538 0.224895
7 0.204231 0.457113 0.020769 0.035565
7 0.195769 0.420502 0.014615 0.023013
7 0.249615 0.433054 0.020769 0.027197
7 0.238077 0.414749 0.016154 0.024059
7 0.289231 0.393305 0.023077 0.035565
7 0.308846 0.389121 0.022308 0.031381
7 0.359615 0.401151 0.025385 0.034519
7 0.375000 0.402197 0.017692 0.026151
7 0.342692 0.396444 0.008462 0.010460
