7 0.045000 0.704066 0.008000 0.013554
7 0.100000 0.694277 0.010000 0.015060
7 0.083500 0.688253 0.015000 0.024096
7 0.072000 0.720633 0.014000 0.022590
7 0.133500 0.688253 0.015000 0.024096
7 0.246000 0.695783 0.008000 0.015060
7 0.204000 0.704066 0.006000 0.010542
7 0.184000 0.710090 0.012000 0.022590
7 0.162000 0.707078 0.020000 0.034639
7 0.503000 0.681476 0.020000 0.034639
7 0.474000 0.686747 0.008000 0.012048
7 0.450500 0.695783 0.009000 0.018072
7 0.422500 0.714608 0.017000 0.031627
7 0.382500 0.696536 0.017000 0.025602
7 0.322000 0.716114 0.010000 0.022590
7 0.340000 0.700301 0.016000 0.033133
