7 0.109687 0.193407 0.054131 0.109890
7 0.189459 0.170330 0.054131 0.107692
7 0.217236 0.291209 0.055556 0.116484
7 0.300570 0.296703 0.056980 0.114286
7 0.277066 0.130769 0.047009 0.103297
7 0.352564 0.139560 0.049858 0.103297
7 0.413818 0.148352 0.049858 0.103297
7 0.464387 0.219780 0.042735 0.101099
7 0.399573 0.306593 0.052707 0.116484
7 0.514957 0.282418 0.052707 0.116484
7 0.524929 0.108791 0.049858 0.094505
7 0.589031 0.172527 0.052707 0.094505
7 0.641026 0.128571 0.051282 0.098901
7 0.626068 0.260440 0.058405 0.120879
7 0.715100 0.287912 0.065527 0.131868
7 0.717949 0.148352 0.056980 0.107692
7 0.779202 0.198901 0.059829 0.120879
7 0.849715 0.280220 0.066952 0.129670
