7 0.495833 0.618000 0.021000 0.035000
7 0.524500 0.616000 0.033000 0.058000
7 0.597167 0.637250 0.005000 0.009500
7 0.623500 0.621250 0.017667 0.031500
7 0.554000 0.652250 0.012000 0.020500
7 0.639000 0.637250 0.006667 0.012500
7 0.674667 0.659750 0.037333 0.076500
7 0.706000 0.656750 0.017333 0.031500
7 0.767667 0.628250 0.034000 0.054500
7 0.795167 0.589000 0.031667 0.050000
7 0.855000 0.606250 0.046667 0.070500
7 0.909333 0.620000 0.039333 0.056000
7 0.593167 0.635000 0.005000 0.012000
7 0.593333 0.634000 0.005333 0.011000
7 0.613667 0.637750 0.006667 0.011500
