7 0.152174 0.319041 0.056522 0.082849
7 0.344022 0.479651 0.040217 0.069767
7 0.446739 0.486192 0.047826 0.071221
7 0.572826 0.360465 0.039130 0.078488
7 0.667391 0.364099 0.041304 0.077035
7 0.789130 0.316134 0.045652 0.079942
7 0.903804 0.350291 0.038043 0.066860
7 0.716848 0.348837 0.033696 0.061047
7 0.633696 0.344477 0.036957 0.061047
7 0.589674 0.265988 0.029348 0.052326
7 0.494022 0.280523 0.033696 0.055233
7 0.365217 0.360465 0.030435 0.049419
7 0.315217 0.360465 0.028261 0.052326
7 0.261957 0.365552 0.039130 0.071221
