7 0.061923 0.464286 0.023846 0.038302
7 0.145000 0.489648 0.023846 0.035197
7 0.137692 0.503623 0.021538 0.027950
7 0.118077 0.497930 0.022308 0.033126
7 0.106154 0.497412 0.016923 0.027950
7 0.170000 0.488613 0.004615 0.006211
7 0.212692 0.460145 0.026923 0.042443
7 0.431923 0.474120 0.014615 0.022774
7 0.451154 0.472567 0.013077 0.019669
7 0.479231 0.482402 0.015385 0.022774
7 0.491154 0.482402 0.013077 0.016563
7 0.520385 0.466874 0.010000 0.014493
7 0.543077 0.481884 0.013846 0.019669
7 0.563846 0.475673 0.012308 0.017598
7 0.573846 0.479296 0.010769 0.018634
7 0.596154 0.475155 0.013846 0.020704
7 0.607308 0.478778 0.010000 0.017598
7 0.617308 0.482402 0.013077 0.016563
7 0.666538 0.475155 0.013077 0.018634
7 0.695000 0.472050 0.013077 0.018634
7 0.724615 0.480331 0.036923 0.051760
7 0.806538 0.457557 0.011538 0.016563
7 0.767692 0.465321 0.010769 0.015528
7 0.757692 0.459110 0.010769 0.013458
7 0.941154 0.459627 0.013077 0.018634
7 0.509231 0.476708 0.015385 0.021739
