7 0.215914 0.495875 0.064645 0.171950
7 0.217442 0.497612 0.065820 0.172818
7 0.284086 0.499566 0.053832 0.131568
7 0.092971 0.157186 0.048190 0.123317
7 0.184532 0.229483 0.046074 0.108120
7 0.290080 0.232306 0.034321 0.083370
7 0.367654 0.525619 0.043253 0.112462
7 0.381288 0.239687 0.038552 0.093791
7 0.448989 0.267043 0.031970 0.085975
7 0.496944 0.528007 0.041843 0.112028
7 0.526446 0.303083 0.037847 0.091185
7 0.589445 0.525619 0.044899 0.104646
7 0.600494 0.280938 0.035966 0.078159
7 0.682417 0.315024 0.041373 0.085541
7 0.748707 0.282023 0.040433 0.095093
7 0.693818 0.521059 0.039257 0.092922
7 0.809356 0.544290 0.057358 0.129831
7 0.893865 0.531046 0.052891 0.118975
