7 0.501953 0.365103 0.056641 0.099707
7 0.806641 0.498534 0.097656 0.170088
7 0.226562 0.503666 0.072266 0.089443
7 0.146973 0.637097 0.036133 0.065982
7 0.048828 0.849707 0.025391 0.048387
7 0.045898 0.813050 0.025391 0.042522
7 0.401855 0.822581 0.024414 0.046921
7 0.288574 0.853372 0.024414 0.046921
7 0.687012 0.676686 0.018555 0.033724
7 0.500977 0.843842 0.023438 0.042522
7 0.596191 0.670821 0.010742 0.021994
7 0.636230 0.679619 0.016602 0.024927
7 0.979980 0.819648 0.057617 0.243402
7 0.615723 0.689883 0.012695 0.019062
