7 0.105399 0.218981 0.031805 0.052778
7 0.160503 0.220833 0.029586 0.052778
7 0.221893 0.233796 0.034024 0.058333
7 0.281065 0.236111 0.039941 0.062963
7 0.346893 0.242593 0.032544 0.064815
7 0.436021 0.253241 0.042160 0.065741
7 0.528846 0.265741 0.039941 0.075926
7 0.640533 0.244444 0.045858 0.070370
7 0.718565 0.230556 0.040680 0.064815
7 0.766642 0.220833 0.036243 0.052778
7 0.810281 0.221296 0.033284 0.057407
7 0.864645 0.198611 0.029586 0.050926
7 0.911612 0.200926 0.033284 0.051852
7 0.533654 0.180556 0.045118 0.070370
