7 0.781250 0.289709 0.015625 0.055928
7 0.688281 0.263982 0.004687 0.008949
7 0.487500 0.271812 0.006250 0.011186
7 0.475000 0.263982 0.006250 0.008949
7 0.457031 0.276286 0.007812 0.011186
7 0.439063 0.277405 0.006250 0.008949
7 0.425781 0.270694 0.007812 0.008949
7 0.409375 0.269575 0.009375 0.011186
7 0.392969 0.276286 0.007812 0.011186
7 0.349219 0.274049 0.007812 0.011186
7 0.339844 0.276286 0.007812 0.011186
7 0.315625 0.303132 0.009375 0.015660
7 0.292187 0.323266 0.018750 0.091723
7 0.284375 0.286353 0.009375 0.013423
7 0.253125 0.285235 0.009375 0.011186
7 0.421875 0.327740 0.012500 0.015660
7 0.487500 0.348993 0.009375 0.013423
7 0.514062 0.356823 0.009375 0.015660
7 0.533594 0.365772 0.010937 0.015660
7 0.552344 0.366890 0.010937 0.017897
7 0.581250 0.413870 0.012500 0.017897
7 0.544531 0.412752 0.010937 0.015660
7 0.550000 0.445190 0.012500 0.017897
7 0.521875 0.467562 0.012500 0.017897
7 0.485156 0.472036 0.014063 0.017897
7 0.463281 0.502237 0.010937 0.015660
7 0.476562 0.495526 0.012500 0.015660
7 0.419531 0.530201 0.014063 0.026846
7 0.326562 0.533557 0.015625 0.024609
7 0.182031 0.551454 0.020313 0.029083
