7 0.878929 0.100505 0.010582 0.021212
7 0.853252 0.092929 0.013383 0.025253
7 0.802365 0.116667 0.013072 0.026263
7 0.817460 0.140404 0.013383 0.021212
7 0.845627 0.140657 0.014317 0.025758
7 0.988951 0.177020 0.015873 0.030808
7 0.917367 0.185859 0.015251 0.028283
7 0.914410 0.227020 0.014939 0.028788
7 0.962029 0.223990 0.012449 0.024747
7 0.988173 0.214899 0.014317 0.028788
7 0.982415 0.315657 0.017740 0.031313
7 0.991441 0.510354 0.019608 0.039899
7 0.976813 0.472980 0.022098 0.042929
7 0.656707 0.071212 0.011827 0.024242
7 0.711796 0.135354 0.013694 0.024242
7 0.729692 0.157576 0.014628 0.029293
7 0.716153 0.225253 0.013072 0.029293
7 0.683318 0.215404 0.013383 0.027778
7 0.647059 0.136364 0.013694 0.027273
7 0.642702 0.179545 0.010582 0.019697
7 0.637099 0.120707 0.011204 0.022222
7 0.608154 0.114394 0.011204 0.019697
7 0.579365 0.119192 0.015251 0.027273
7 0.562092 0.184596 0.013072 0.024747
7 0.559290 0.141667 0.012449 0.026768
7 0.488329 0.103030 0.011204 0.018182
7 0.457205 0.216919 0.013694 0.026768
7 0.456271 0.135859 0.013694 0.025253
7 0.425148 0.134091 0.012449 0.022727
7 0.488951 0.144949 0.011827 0.025253
7 0.363679 0.113384 0.007781 0.013636
7 0.310924 0.209596 0.014317 0.030303
7 0.306878 0.189646 0.013694 0.024747
7 0.285092 0.159596 0.012449 0.024242
7 0.214441 0.158838 0.011827 0.023737
7 0.032680 0.210859 0.015562 0.026768
7 0.015406 0.179293 0.014628 0.027273
7 0.017118 0.308081 0.014317 0.028283
7 0.029101 0.343182 0.020230 0.034848
7 0.037193 0.384091 0.045129 0.079293
7 0.125428 0.164394 0.061625 0.113636
7 0.239963 0.132576 0.053533 0.108586
7 0.202148 0.396717 0.038904 0.057071
7 0.300498 0.391667 0.033925 0.069192
7 0.385154 0.126515 0.055711 0.118687
7 0.453782 0.524747 0.021164 0.045455
7 0.422191 0.524747 0.014628 0.030303
7 0.494398 0.397222 0.035170 0.062121
7 0.678960 0.412374 0.040149 0.072222
7 0.796763 0.438889 0.044818 0.074747
7 0.869281 0.212879 0.051665 0.107576
7 0.766885 0.255808 0.049175 0.106566
7 0.622316 0.174495 0.045752 0.106566
7 0.509493 0.185354 0.048553 0.110101
7 0.834267 0.117172 0.013383 0.023232
7 0.715842 0.408333 0.014939 0.025758
7 0.721755 0.455303 0.019919 0.040909
7 0.128385 0.104798 0.012761 0.023737
7 0.426860 0.459596 0.015873 0.036364
