7 0.833333 0.202081 0.066667 0.108434
7 0.584167 0.276561 0.066667 0.097481
7 0.595833 0.188938 0.060000 0.095290
7 0.243333 0.195509 0.088333 0.141292
7 0.853750 0.194414 0.022500 0.036145
7 0.789583 0.191676 0.025833 0.041621
7 0.720000 0.187295 0.023333 0.043812
7 0.641667 0.174699 0.031667 0.047097
7 0.570000 0.174699 0.028333 0.051479
7 0.496250 0.164841 0.034167 0.055860
7 0.440417 0.169770 0.029167 0.052574
7 0.355833 0.197152 0.028333 0.050383
7 0.269583 0.167032 0.035833 0.053669
7 0.201250 0.168127 0.034167 0.058050
7 0.136667 0.204272 0.035000 0.058050
7 0.064167 0.196605 0.031667 0.049288
7 -0.015000 0.216867 0.030000 0.039430
7 0.016667 0.117744 0.033333 0.058050
7 0.080833 0.147864 0.033333 0.052574
7 0.148750 0.149507 0.029167 0.047097
7 0.300000 0.152793 0.031667 0.049288
7 0.350833 0.149507 0.031667 0.047097
7 0.404167 0.139102 0.030000 0.041621
7 0.506250 0.140745 0.025833 0.044907
7 0.562500 0.121577 0.030000 0.046002
7 0.642083 0.171961 0.027500 0.048193
7 0.711667 0.115005 0.030000 0.050383
7 0.781667 0.144578 0.026667 0.043812
7 0.797917 0.075575 0.025833 0.043812
7 0.470833 0.091457 0.028333 0.047097
7 0.295833 0.106243 0.030000 0.039430
7 0.236250 0.077766 0.030833 0.052574
7 0.131250 0.100219 0.030833 0.049288
7 0.057917 0.105696 0.030833 0.049288
7 0.035000 -0.006024 0.025000 0.033954
7 0.073750 0.024644 0.029167 0.044907
7 0.152917 0.016977 0.030833 0.040526
7 0.215417 0.013143 0.029167 0.041621
7 0.302083 -0.004929 0.025833 0.040526
7 0.346667 -0.018072 0.023333 0.033954
7 0.537500 0.039430 0.031667 0.043812
7 0.604583 0.039430 0.029167 0.046002
7 0.675000 0.059146 0.025000 0.043812
