7 0.657188 0.644737 0.037915 0.028421
7 0.586098 0.634737 0.037915 0.031579
7 0.504739 0.637368 0.014218 0.007368
7 0.485782 0.635789 0.011058 0.008421
7 0.447077 0.626316 0.012638 0.010526
7 0.451817 0.622105 0.009479 0.008421
7 0.383096 0.622632 0.007899 0.005263
7 0.365719 0.625263 0.014218 0.010526
7 0.364929 0.642632 0.028436 0.017895
7 0.342022 0.720000 0.033175 0.027368
7 0.429700 0.653158 0.037915 0.030526
7 0.097946 0.653158 0.050553 0.032632
7 0.090837 0.670000 0.055292 0.045263
7 0.402844 0.637368 0.022117 0.015789
