7 0.078906 0.420404 0.029687 0.047085
7 0.128906 0.420404 0.010937 0.020179
7 0.102344 0.437220 0.014063 0.026906
7 0.171094 0.409193 0.029687 0.051570
7 0.211719 0.430493 0.026562 0.049327
7 0.222656 0.419283 0.032813 0.058296
7 0.239063 0.428251 0.034375 0.058296
7 0.274219 0.396861 0.045312 0.071749
7 0.360938 0.421525 0.028125 0.049327
7 0.385937 0.433857 0.031250 0.051570
7 0.437500 0.410314 0.037500 0.058296
7 0.508594 0.396861 0.039062 0.067265
7 0.546875 0.389013 0.046875 0.082960
7 0.627344 0.411435 0.035937 0.073991
7 0.684375 0.423767 0.040625 0.062780
7 0.710156 0.369955 0.029687 0.053812
7 0.758594 0.450673 0.029687 0.053812
7 0.810156 0.433857 0.035937 0.060538
7 0.854688 0.433857 0.031250 0.056054
7 0.914062 0.420404 0.028125 0.047085
7 0.951562 0.397982 0.028125 0.042601
7 1.004687 0.410314 0.025000 0.044843
7 0.297656 0.431614 0.035937 0.060538
