7 0.607500 0.572233 0.050000 0.093809
7 0.751875 0.381801 0.041250 0.073171
7 0.856875 0.248593 0.018750 0.028143
7 0.853125 0.220450 0.013750 0.020638
7 0.746250 0.323640 0.032500 0.058161
7 0.693750 0.357411 0.035000 0.069418
7 0.602500 0.334897 0.040000 0.080675
7 0.507500 0.334897 0.040000 0.076923
7 0.421875 0.333021 0.031250 0.069418
7 0.261250 0.371482 0.047500 0.082552
7 0.218125 0.349906 0.038750 0.080675
7 0.220000 0.346154 0.042500 0.080675
7 0.286875 0.274859 0.031250 0.061914
7 0.290625 0.335835 0.033750 0.063790
7 0.715000 0.232645 0.010000 0.015009
7 0.596250 0.211069 0.010000 0.016886
7 0.594375 0.257036 0.011250 0.018762
7 0.425625 0.201689 0.011250 0.020638
7 0.388125 0.203565 0.013750 0.024390
7 0.348750 0.198874 0.012500 0.018762
7 0.287500 0.187617 0.012500 0.022514
7 0.203125 0.184803 0.013750 0.024390
7 0.040625 0.187617 0.013750 0.026266
7 0.062500 0.181989 0.012500 0.022514
7 0.083125 0.197936 0.011250 0.016886
7 0.123125 0.193246 0.011250 0.018762
7 0.160000 0.224203 0.012500 0.020638
7 0.003750 0.175422 0.010000 0.020638
7 0.226875 0.219512 0.008750 0.015009
7 0.937500 0.125704 0.025000 0.093809
7 0.874375 0.160413 0.008750 0.013133
7 0.863750 0.181051 0.007500 0.013133
7 0.800625 0.172608 0.006250 0.011257
7 0.825000 0.171670 0.007500 0.013133
7 0.833750 0.196998 0.025000 0.063790
7 0.837500 0.196060 0.027500 0.065666
7 0.174375 0.207317 0.011250 0.020638
7 0.075625 0.185741 0.011250 0.022514
