7 0.033182 0.567044 0.026364 0.061389
7 0.227273 0.533926 0.029091 0.056543
7 0.464091 0.556543 0.024545 0.050081
7 0.598182 0.559774 0.025455 0.056543
7 0.964091 0.546850 0.026364 0.050081
7 0.492273 0.357027 0.055455 0.084006
7 0.528636 0.296446 0.042727 0.092084
7 0.030455 0.424879 0.022727 0.048465
7 0.098636 0.440226 0.024545 0.033926
7 0.165455 0.368336 0.018182 0.045234
7 0.213636 0.347334 0.020000 0.048465
7 0.265455 0.385299 0.018182 0.037157
7 0.307273 0.377221 0.020000 0.050081
7 0.035909 0.187399 0.019091 0.042003
7 0.113182 0.185784 0.022727 0.042003
7 0.176364 0.217286 0.020000 0.037157
7 0.234091 0.264136 0.017273 0.037157
7 0.033636 0.094507 0.018182 0.037157
7 0.081818 0.067851 0.020000 0.038772
7 0.081818 0.069467 0.016364 0.035541
7 0.136364 0.062197 0.016364 0.043619
7 0.071364 -0.004847 0.020909 0.035541
7 0.198636 0.083199 0.019091 0.040388
7 0.407727 0.336834 0.022727 0.053312
7 0.474091 0.336834 0.017273 0.033926
7 0.595000 0.446688 0.019091 0.043619
7 0.650000 0.453958 0.018182 0.038772
7 0.680000 0.402262 0.020000 0.045234
7 0.737727 0.451535 0.019091 0.043619
7 0.737273 0.367528 0.016364 0.040388
7 0.690000 0.380452 0.018182 0.043619
7 0.620909 0.372375 0.020000 0.040388
7 0.375000 0.237480 0.017273 0.042003
7 0.424545 0.242326 0.020000 0.038772
7 0.618636 0.302100 0.019091 0.042003
7 0.682273 0.200323 0.020909 0.038772
7 0.634091 0.255250 0.017273 0.038772
7 0.555455 0.248788 0.020000 0.042003
7 0.493182 0.183360 0.015455 0.033926
7 0.519545 0.182553 0.019091 0.042003
7 0.360000 0.152666 0.020000 0.033926
7 0.400000 0.105816 0.016364 0.040388
7 0.423636 0.100969 0.018182 0.033926
7 0.454545 0.106624 0.018182 0.042003
7 0.501364 0.118740 0.017273 0.046850
7 0.541364 0.113893 0.017273 0.043619
7 0.576818 0.103393 0.017273 0.032310
7 0.317273 0.016155 0.018182 0.035541
7 0.328182 0.018578 0.016364 0.037157
7 0.284091 -0.069467 0.019091 0.029079
7 0.378636 0.025848 0.015455 0.038772
7 0.437273 0.013732 0.014545 0.027464
7 0.470909 0.082391 0.038182 0.229402
7 0.595000 0.033118 0.015455 0.033926
7 0.553182 0.012116 0.015455 0.033926
7 0.518182 -0.007270 0.016364 0.030695
7 0.906364 0.365105 0.021818 0.045234
7 0.996364 0.376414 0.021818 0.048465
7 0.949545 0.386914 0.017273 0.033926
7 0.956364 0.331179 0.020000 0.038772
7 0.909545 0.285137 0.017273 0.043619
7 0.956364 0.130856 0.016364 0.038772
7 0.912727 0.108239 0.016364 0.032310
7 0.905909 0.058966 0.017273 0.037157
7 0.947273 0.059774 0.016364 0.038772
7 0.977273 0.053312 0.018182 0.035541
7 0.950455 0.012924 0.015455 0.032310
7 0.890000 -0.012116 0.016364 0.027464
7 0.873182 0.152666 0.017273 0.030695
7 0.843636 0.035541 0.023636 0.038772
7 0.813636 0.070275 0.014545 0.037157
7 0.868636 0.061389 0.030000 0.074313
7 0.646818 0.024233 0.017273 0.035541
7 0.695909 0.035541 0.019091 0.035541
7 0.647727 0.025040 0.015455 0.033926
7 0.611818 0.122779 0.014545 0.035541
7 0.743182 0.011309 0.015455 0.032310
7 0.771818 0.025848 0.014545 0.032310
7 0.770000 0.103393 0.020000 0.042003
7 0.743182 0.143780 0.015455 0.038772
7 0.760000 0.172052 0.018182 0.043619
7 0.797273 0.179321 0.016364 0.038772
7 0.931364 0.049273 0.013636 0.027464
