7 0.135000 0.573026 0.017692 0.030263
7 0.111154 0.475658 0.008462 0.014474
7 0.157308 0.476974 0.017692 0.040789
7 0.196923 0.527632 0.038462 0.092105
7 0.226154 0.536842 0.026154 0.057895
7 0.237692 0.498684 0.023077 0.044737
7 0.208462 0.479605 0.012308 0.027632
7 0.290385 0.486184 0.013077 0.019737
7 0.288462 0.545395 0.024615 0.051316
7 0.348462 0.543421 0.026154 0.050000
7 0.395385 0.490132 0.040000 0.085526
7 0.521923 0.508553 0.034615 0.069737
7 0.467692 0.500000 0.016923 0.028947
7 0.319231 0.486842 0.016923 0.028947
7 0.355000 0.505921 0.017692 0.035526
7 0.435385 0.498684 0.016923 0.026316
7 0.498846 0.501974 0.013077 0.027632
7 0.456538 0.461184 0.011538 0.019737
7 0.543077 0.483553 0.012308 0.025000
7 0.556923 0.503947 0.013846 0.028947
7 0.565769 0.507237 0.016154 0.032895
7 0.578846 0.502632 0.020769 0.044737
7 0.622308 0.500000 0.016923 0.036842
7 0.650385 0.494737 0.020769 0.036842
7 0.695769 0.477632 0.016154 0.028947
7 0.670000 0.459868 0.013846 0.017105
7 0.709615 0.484868 0.013077 0.025000
7 0.719615 0.476316 0.006923 0.015789
7 0.727692 0.507237 0.012308 0.025000
7 0.738846 0.509868 0.011538 0.022368
7 0.750385 0.468421 0.011538 0.023684
7 0.766538 0.504605 0.011538 0.022368
7 0.743462 0.467763 0.010000 0.019737
7 0.775385 0.482895 0.009231 0.018421
7 0.804615 0.483553 0.015385 0.030263
7 0.819615 0.511184 0.016154 0.032895
7 0.820385 0.475000 0.010000 0.021053
7 0.846154 0.483553 0.029231 0.048684
7 0.866923 0.484211 0.015385 0.026316
7 0.930385 0.500000 0.017692 0.034211
7 0.957308 0.490132 0.016154 0.032895
7 0.756154 0.473026 0.006154 0.011842
7 0.355000 0.455921 0.006923 0.014474
