7 0.013158 0.535664 0.032895 0.048023
7 0.149319 0.566208 0.035009 0.060381
7 0.199836 0.507415 0.032190 0.050847
7 0.289709 0.520127 0.030545 0.051554
7 0.429746 0.511476 0.028665 0.052613
7 0.540414 0.534428 0.026316 0.042726
7 0.656015 0.550318 0.031485 0.050494
7 0.846217 0.230932 0.084821 0.153249
7 0.595630 0.588983 0.012688 0.024718
7 0.605146 0.599753 0.011513 0.021540
7 0.633929 0.593573 0.013628 0.024011
7 0.708059 0.598340 0.009164 0.017302
7 0.741541 0.595339 0.009398 0.017655
7 0.502585 0.594280 0.009868 0.018362
7 0.478736 0.593397 0.013863 0.021540
7 0.377937 0.594103 0.009633 0.013771
7 0.378994 0.593220 0.010338 0.016243
7 0.584586 0.576271 0.008929 0.016243
