7 0.151875 0.867876 0.071250 0.075130
7 0.223750 0.830959 0.055000 0.076425
7 0.219375 0.762306 0.048750 0.047927
7 0.170000 0.736399 0.065000 0.089378
7 0.073125 0.632124 0.056250 0.067358
7 0.151875 0.581606 0.051250 0.062176
7 0.100000 0.487694 0.057500 0.073834
7 0.184375 0.511010 0.041250 0.053109
7 0.261250 0.444948 0.057500 0.053109
7 0.302500 0.422927 0.057500 0.076425
7 0.379375 0.437824 0.048750 0.072539
7 0.423750 0.329663 0.037500 0.053109
7 0.501875 0.335492 0.053750 0.072539
7 0.496250 0.616580 0.050000 0.064767
7 0.550000 0.382124 0.045000 0.067358
7 0.594375 0.430052 0.043750 0.056995
7 0.696875 0.573187 0.058750 0.066062
7 0.791250 0.527202 0.060000 0.072539
7 0.713750 0.464378 0.057500 0.071244
7 0.713750 0.346503 0.047500 0.055699
7 0.823125 0.336140 0.053750 0.060881
7 0.873125 0.367876 0.058750 0.075130
7 0.778125 0.310233 0.058750 0.071244
7 0.373750 0.820596 0.162500 0.218912
