7 0.245178 0.510286 0.042863 0.030857
7 0.162666 0.510429 0.032147 0.031143
7 0.106730 0.493857 0.036862 0.027714
7 0.047793 0.493571 0.038148 0.031714
7 0.079726 0.563714 0.042863 0.032000
7 0.175525 0.590571 0.034719 0.027429
7 0.244106 0.602429 0.057008 0.043714
7 0.372696 0.589857 0.057865 0.044857
7 0.844406 0.512429 0.033433 0.024286
7 0.505358 0.601429 0.060866 0.046286
7 0.476640 0.366286 0.081440 0.058857
7 0.950493 0.409714 0.096442 0.080000
7 0.688813 0.488714 0.096871 0.072286
7 0.126661 0.599714 0.033005 0.028000
7 0.320832 0.571571 0.030433 0.026571
