7 0.813077 0.535602 0.044615 0.068063
7 0.972308 0.607853 0.055385 0.327749
7 0.538077 0.461257 0.051538 0.072251
7 0.270000 0.492147 0.052308 0.075393
7 0.290385 0.461780 0.048462 0.073298
7 0.444231 0.376963 0.045385 0.075393
7 0.359615 0.274869 0.019231 0.030366
7 0.440000 0.318848 0.013846 0.024084
7 0.504231 0.335602 0.019231 0.026178
7 0.503462 0.335079 0.014615 0.025131
7 0.482692 0.353403 0.011538 0.019895
7 0.553077 0.308377 0.016923 0.028272
7 0.599231 0.335079 0.012308 0.020942
7 0.688462 0.372775 0.024615 0.033508
7 0.758846 0.316754 0.022308 0.038743
7 0.872692 0.348168 0.013077 0.024084
7 0.855385 0.332461 0.023077 0.032461
7 0.521538 0.350785 0.015385 0.025131
7 0.073846 0.292147 0.018462 0.025131
