6 0.38813559322033897 0.134 0.07457627118644068 0.04
0 0.8313559322033899 0.252 0.188135593220339 0.064
0 0.8067796610169492 0.31 0.24745762711864408 0.088
0 0.7991525423728814 0.476 0.24915254237288137 0.136
0 0.16779661016949152 0.594 0.14915254237288136 0.072
0 0.2135593220338983 0.62 0.06779661016949153 0.016
0 0.7940677966101695 0.576 0.26610169491525426 0.148
0 0.40508474576271186 0.7 0.19661016949152543 0.172
0 0.8872881355932203 0.812 0.07288135593220339 0.036
0 0.7203389830508474 0.832 0.19322033898305085 0.08
0 0.8864406779661017 0.844 0.07796610169491526 0.04
0 0.8576271186440678 0.874 0.07796610169491526 0.024
0 0.3677966101694915 0.88 0.41694915254237286 0.24
3 0.6813559322033899 0.778 0.12135806730939659 0.09147319259620235
