4 0.13125 0.10520833333333333 0.0328125 0.04583333333333333
3 0.0515625 0.184375 0.0375 0.052083333333333336
1 0.2125 0.203125 0.01875 0.035416666666666666
4 0.30234375 0.228125 0.0234375 0.035416666666666666
1 0.196875 0.3125 0.0453125 0.04375
1 0.0796875 0.5677083333333334 0.01875 0.03125
0 0.219921875 0.16770833333333332 0.16450233113516421 0.14164135117791035
0 0.1546875 0.16302083333333334 0.1186316664115565 0.11140341589744042
0 0.13046875 0.18854166666666666 0.11865789247877948 0.10827488451228244
0 0.099609375 0.2125 0.08043273113708609 0.08529103533743125
0 0.263671875 0.23802083333333332 0.1131506406639411 0.1072319649675863
0 0.243359375 0.26145833333333335 0.15214987976410557 0.1312115080101556
0 0.155078125 0.246875 0.08982644654575474 0.09158210067381095
1 0.116015625 0.2682291666666667 0.08983272343835222 0.0884260091095159
0 0.228515625 0.2921875 0.0867113989589015 0.0801221716583363
0 0.107421875 0.6260416666666667 0.042763437291441074 0.035052553614134514
