0 0.4109347442680776 0.4583333333333333 0.08818342151675485 0.027777777777777776
4 0.42680776014109345 0.5049603174603174 0.31040564373897706 0.03571428571428571
3 0.42592592592592593 0.566468253968254 0.43209876543209874 0.06547619047619048
4 0.41622574955908287 0.6329365079365079 0.4444444444444444 0.07142857142857142
4 0.4126984126984127 0.6875 0.24691358024691357 0.02976190476190476
0 0.2583774250440917 0.8472222222222222 0.15343915343915343 0.02976190476190476
4 0.7345679012345679 0.8943452380952381 0.16049382716049382 0.040674603174603176
4 0.7354497354497355 0.9270833333333334 0.15520282186948853 0.04265873015873016
0 0.42592592592592593 0.4246031746031746 0.09493549757450831 0.021395060174989166
0 0.7204585537918872 0.9791666666666666 0.06872158816824356 0.017555552190486202
