1 0.446875 0.20885416666666667 0.14066748756073705 0.15303297971041704
6 0.4859375 0.3229166666666667 0.24530650275050725 0.20620434210089275
6 0.484765625 0.4322916666666667 0.2460793532642233 0.18953870492356623
3 0.5140625 0.5026041666666666 0.09999220211798647 0.07803370305910852
1 0.512890625 0.5354166666666667 0.10390521742003252 0.08113915766005059
0 0.481640625 0.596875 0.17260663388710892 0.10411787052557883
0 0.48203125 0.6348958333333333 0.1343583357724473 0.0884722672793771
0 0.509375 0.6833333333333333 0.07022335265943998 0.058158170164480084
0 0.48359375 0.7036458333333333 0.11718192820948126 0.07803370305910846
0 0.4546875 0.7322916666666667 0.0765314824388124 0.06444401670820384
0 0.518359375 0.75625 0.0726045626826279 0.06235005372483873
0 0.48515625 0.7833333333333333 0.10311217179906347 0.0769584586849073
1 0.44296875 0.8177083333333334 0.09513044383460234 0.08320032252539396
1 0.519921875 0.8442708333333333 0.10379276567610027 0.08842600910951598
0 0.480078125 0.9354166666666667 0.08199829953846419 0.06025483896409109
