0 0.6303441084462982 0.127734375 0.22210636079249219 0.05703125
4 0.6287799791449427 0.18125 0.20437956204379562 0.0671875
0 0.5495307612095933 0.2390625 0.08967674661105318 0.0625
3 0.03753910323253389 0.28984375 0.07507820646506778 0.0203125
0 0.632429614181439 0.29765625 0.1553701772679875 0.065625
0 0.03753910323253389 0.3171875 0.06882168925964546 0.0109375
0 0.06256517205422316 0.328125 0.10636079249217935 0.0109375
4 0.5099061522419187 0.3984375 0.4692387904066736 0.08125
0 0.8738269030239834 0.40390625 0.04171011470281543 0.0203125
0 0.5088633993743483 0.484765625 0.4629822732012513 0.05703125
6 0.872784150156413 0.47421875 0.020855057351407715 0.115625
0 0.5067778936392076 0.509375 0.10427528675703858 0.025
0 0.5083420229405631 0.540625 0.41605839416058393 0.05625
1 0.5099061522419187 0.56484375 0.029197080291970802 0.015625
0 0.5099061522419187 0.594921875 0.337851929092805 0.04921875
3 0.5156412930135558 0.6640625 0.3368091762252346 0.0484375
0 0.5140771637122002 0.7 0.4233576642335766 0.04375
0 0.5109489051094891 0.73515625 0.32742440041710114 0.05
6 0.45881126173096975 0.79296875 0.058394160583941604 0.0515625
1 0.6934306569343066 0.7875 0.08967674661105318 0.0375
0 0.513555787278415 0.92109375 0.41605839416058393 0.0609375
0 0.6652763295099061 0.245703125 0.18656280707622258 0.08662525346885266
0 0.632429614181439 0.812109375 0.3284190716751757 0.14918873967538876
0 0.33941605839416056 0.82734375 0.21955823689896148 0.11643982044955789
