0 0.4125 0.20077720207253885 0.7078125 0.19430051813471502
0 0.677734375 0.35168393782383417 0.09453125 0.042746113989637305
0 0.4671875 0.40414507772020725 0.0578125 0.04922279792746114
0 0.63203125 0.3963730569948187 0.053125 0.04922279792746114
0 0.88984375 0.38795336787564766 0.128125 0.06865284974093264
1 0.68359375 0.422279792746114 0.046875 0.023316062176165803
0 0.29140625 0.5595854922279793 0.059375 0.018134715025906734
0 0.278515625 0.6696891191709845 0.17421875 0.12694300518134716
0 0.586328125 0.6204663212435233 0.38359375 0.15803108808290156
0 0.68984375 0.8095854922279793 0.1015625 0.03626943005181347
0 0.069921875 0.8613989637305699 0.13984375 0.08290155440414508
0 0.25703125 0.8704663212435233 0.059375 0.04922279792746114
0 0.494921875 0.8510362694300518 0.15703125 0.11398963730569948
0 0.689453125 0.8484455958549223 0.15390625 0.06476683937823834
0 0.90625 0.8562176165803109 0.153125 0.06476683937823834
0 0.690625 0.8924870466321243 0.11875 0.038860103626943004
0 0.258203125 0.9080310880829016 0.11328125 0.07253886010362694
3 0.47109375 0.9145077720207254 0.034375 0.018134715025906734
0 0.906640625 0.9067357512953368 0.05859375 0.031088082901554404
0 0.86328125 0.16645077720207255 0.1658541019662497 0.1655699815538429
0 0.51484375 0.36722797927461137 0.0700802623245238 0.0657928292957429
0 0.703125 0.38860103626943004 0.10295340965536859 0.07746866160221398
0 0.151953125 0.4112694300518135 0.13183196711583117 0.10992638739829236
0 0.329296875 0.40867875647668395 0.06459105613531343 0.06317637656770089
0 0.53203125 0.41256476683937826 0.093717915675529 0.08919609530614586
0 0.641796875 0.42487046632124353 0.03971961437342717 0.04367599188014786
0 0.325390625 0.44689119170984454 0.11164023041922784 0.08268500006456554
0 0.879296875 0.6055699481865285 0.1869478519662497 0.1723120084106229
0 0.09375 0.6262953367875648 0.19498720986100082 0.16956994246394477
0 0.945703125 0.9047927461139896 0.03185456293640989 0.031880106315150036
