0 0.5367063492063492 0.2204585537918871 0.23412698412698413 0.1128747795414462
4 0.23313492063492064 0.31569664902998235 0.03373015873015873 0.05291005291005291
0 0.4583333333333333 0.32275132275132273 0.3412698412698413 0.1128747795414462
0 0.3878968253968254 0.4021164021164021 0.18253968253968253 0.07407407407407407
0 0.5610119047619048 0.3800705467372134 0.11607142857142858 0.08641975308641975
0 0.8675595238095238 0.36243386243386244 0.2648809523809524 0.14991181657848324
4 0.9305555555555556 0.5149911816578483 0.1388888888888889 0.09171075837742504
1 0.31845238095238093 0.6119929453262787 0.025793650793650792 0.010582010582010581
3 0.39285714285714285 0.6137566137566137 0.027777777777777776 0.014109347442680775
0 0.49007936507936506 0.6155202821869489 0.061507936507936505 0.021164021164021163
0 0.5625 0.6208112874779541 0.03571428571428571 0.024691358024691357
3 0.7648809523809523 0.6507936507936508 0.03968253968253968 0.021164021164021163
0 0.8110119047619048 0.7901234567901234 0.11408730158730158 0.031746031746031744
0 0.9722222222222222 0.8095238095238095 0.0496031746031746 0.021164021164021163
3 0.7688492063492064 0.8342151675485009 0.03968253968253968 0.021164021164021163
0 0.7862103174603174 0.9832451499118166 0.04861111111111111 0.026455026455026454
1 0.5525793650793651 0.13051146384479717 0.22607488497435071 0.09055941650684109
0 0.32787698412698413 0.26278659611992944 0.1551785567063934 0.16590158427522253
