0 0.4708333333333333 0.4722222222222222 0.07314814814814814 0.03333333333333333
3 0.4675925925925926 0.5506172839506173 0.06296296296296296 0.01728395061728395
6 0.3138888888888889 0.6320987654320988 0.05555555555555555 0.08641975308641975
0 0.5162037037037037 0.6895061728395062 0.0824074074074074 0.030864197530864196
0 0.39814814814814814 0.49506172839506174 0.08176638176638172 0.08688035608958508
0 0.538425925925926 0.5037037037037037 0.07838453136097925 0.08880530003129457
0 0.4810185185185185 0.6351851851851852 0.33275815903076694 0.22819659428287167
4 0.5587962962962963 0.730246913580247 0.06683840578801534 0.0917913129065996
0 0.4023148148148148 0.7611111111111111 0.054591060886238975 0.057896335935996
0 0.5046296296296297 0.7765432098765432 0.06836231957489312 0.049555812746589364
0 0.4462962962962963 0.7820987654320988 0.05737267084904992 0.035449267609309866
