4 0.89 0.025039123630672927 0.052 0.050078247261345854
6 0.4 0.564945226917058 0.216 0.15336463223787167
4 0.456 0.7730829420970265 0.592 0.081377151799687
4 0.44 0.8309859154929577 0.472 0.08450704225352113
3 0.313 0.9154929577464789 0.234 0.06572769953051644
0 0.604 0.9389671361502347 0.088 0.050078247261345854
6 0.204 0.9921752738654147 0.048 0.012519561815336464
0 0.366 0.9921752738654147 0.06 0.012519561815336464
1 0.515 0.6752738654147105 0.06966261028176922 0.047725554154125424
3 0.35 0.6854460093896714 0.09988169403855739 0.06236943918391191
3 0.441 0.6971830985915493 0.11224695047554428 0.03865356580290367
6 0.477 0.9295774647887324 0.1207774666160003 0.06840085019880975
