0 0.19692307692307692 0.03613744075829384 0.20461538461538462 0.07227488151658767
0 0.17653846153846153 0.08056872037914692 0.2023076923076923 0.07109004739336493
0 0.14846153846153845 0.1481042654028436 0.16153846153846155 0.06398104265402843
6 0.36846153846153845 0.2334123222748815 0.07230769230769231 0.05924170616113744
6 0.20153846153846153 0.3216824644549763 0.19076923076923077 0.1338862559241706
0 0.6423076923076924 0.30213270142180093 0.11692307692307692 0.07109004739336493
4 0.5119230769230769 0.3690758293838863 0.16538461538461538 0.08175355450236967
4 0.8384615384615385 0.46919431279620855 0.06923076923076923 0.045023696682464455
0 0.8138461538461539 0.5213270142180095 0.1523076923076923 0.04976303317535545
3 0.7215384615384616 0.566350710900474 0.14307692307692307 0.04976303317535545
0 0.8561538461538462 0.5687203791469194 0.06769230769230769 0.04265402843601896
3 0.7596153846153846 0.6119668246445498 0.2023076923076923 0.04383886255924171
0 0.745 0.659952606635071 0.29615384615384616 0.045023696682464455
4 0.7234615384615385 0.6990521327014217 0.33615384615384614 0.04265402843601896
0 0.6665384615384615 0.7422985781990521 0.29923076923076924 0.0462085308056872
0 0.4815384615384615 0.7867298578199052 0.1076923076923077 0.02843601895734597
1 0.5407692307692308 0.79739336492891 0.021538461538461538 0.023696682464454975
0 0.4876923076923077 0.8104265402843602 0.07076923076923076 0.023696682464454975
0 0.0473076923076923 0.023696682464454975 0.11136698034977353 0.08987694834717207
0 0.033846153846153845 0.08530805687203792 0.08895516153980305 0.08987694834717207
0 0.02653846153846154 0.15106635071090047 0.07256032808111133 0.08392329702797817
4 0.3453846153846154 0.351303317535545 0.10679056022838097 0.13850066175721043
1 0.8007692307692308 0.34300947867298576 0.07027951074613961 0.0722336927773178
4 0.71 0.41113744075829384 0.16382350980652088 0.19935601835111766
4 0.5426923076923077 0.5497630331753555 0.21739752132362913 0.26036509949291037
0 0.8088461538461539 0.5704976303317536 0.03414918401001824 0.03865698171130597
