0 0.30853174603174605 0.47354497354497355 0.12698412698412698 0.07936507936507936
0 0.5476190476190477 0.4541446208112875 0.27380952380952384 0.09347442680776014
0 0.4861111111111111 0.5167548500881834 0.03373015873015873 0.02821869488536155
0 0.6299603174603174 0.5097001763668431 0.05555555555555555 0.02821869488536155
0 0.48462301587301587 0.5414462081128748 0.06845238095238096 0.03527336860670194
0 0.628968253968254 0.5326278659611993 0.06547619047619048 0.031746031746031744
0 0.6309523809523809 0.5537918871252204 0.03571428571428571 0.014109347442680775
0 0.2867063492063492 0.5634920634920635 0.047619047619047616 0.037037037037037035
0 0.6458333333333334 0.5890652557319224 0.03571428571428571 0.024691358024691357
0 0.26884920634920634 0.6261022927689595 0.023809523809523808 0.021164021164021163
0 0.44146825396825395 0.7442680776014109 0.07341269841269842 0.042328042328042326
1 0.5168650793650794 0.8800705467372134 0.03571428571428571 0.02821869488536155
0 0.4885912698412698 0.31040564373897706 0.028722593373380904 0.02387379640069624
0 0.2916666666666667 0.5396825396825397 0.0746794917480914 0.040943728639383406
0 0.6031746031746031 0.5802469135802469 0.05555262370885448 0.05960270404268448
0 0.5054563492063492 0.5952380952380952 0.060496179326230096 0.058557987624883026
0 0.310515873015873 0.6102292768959435 0.07225042373486727 0.07825889973932872
0 0.4603174603174603 0.5943562610229277 0.04166419114856719 0.042011874700044506
0 0.4955357142857143 0.7548500881834215 0.04450731284616934 0.04522304393271687
0 0.4131944444444444 0.7839506172839507 0.04645718820356588 0.050641810870442665
0 0.47271825396825395 0.7971781305114638 0.09620125917638685 0.06653770699860702
0 0.3943452380952381 0.8156966490299824 0.04255710791942305 0.04340642341321995
0 0.4419642857142857 0.8271604938271605 0.062444200625533554 0.04522304393271687
0 0.49851190476190477 0.8395061728395061 0.05649161335174895 0.041583260606701374
0 0.48759920634920634 0.8721340388007055 0.028668022416766917 0.03302269564429545
