0 0.3221884498480243 0.024 0.1033434650455927 0.048
0 0.3655015197568389 0.138 0.41185410334346506 0.172
6 0.16109422492401215 0.22 0.0486322188449848 0.048
0 0.3738601823708207 0.51 0.331306990881459 0.072
0 0.3799392097264438 0.566 0.24316109422492402 0.052
0 0.3738601823708207 0.61 0.1641337386018237 0.052
0 0.6056231003039514 0.204 0.11387353477043945 0.1357823027813143
6 0.12310030395136778 0.524 0.1908545988145326 0.39193558979428983
0 0.5463525835866262 0.623 0.4581624845930666 0.6187802821032817
3 0.2560790273556231 0.714 0.21403745912420738 0.22783469256100056
