0 0.17083333333333334 0.43359375 0.07777777777777778 0.015625
0 0.7368055555555556 0.4921875 0.15138888888888888 0.0140625
4 0.3680555555555556 0.509375 0.027777777777777776 0.0234375
0 0.7375 0.50625 0.1111111111111111 0.0109375
0 0.7034722222222223 0.54296875 0.20972222222222223 0.0328125
0 0.7069444444444445 0.56328125 0.2361111111111111 0.0203125
0 0.6847222222222222 0.433984375 0.6593869295345806 0.2101466621505695
0 0.1 0.4375 0.07100482671912794 0.023697521197160575
1 0.14375 0.474609375 0.2833752406269631 0.13361562944328878
0 0.1840277777777778 0.526171875 0.29636755334775117 0.12471709335048989
