0 0.47865353037766833 0.2625 0.32019704433497537 0.10277777777777777
0 0.7889983579638752 0.3148148148148148 0.41824815753924266 0.18885820967877662
4 0.24876847290640394 0.3763888888888889 0.3113435529010174 0.2212698086616648
0 0.5426929392446633 0.35324074074074074 0.4143128557146081 0.07284895430530108
0 0.5689655172413793 0.4013888888888889 0.5660560418057025 0.09168424909557586
4 0.9055829228243021 0.4726851851851852 0.24978175610610642 0.18052160944083
0 0.5927750410509032 0.45185185185185184 0.49261888499174983 0.09513472390796222
1 0.6198686371100164 0.5074074074074074 0.3310030860214017 0.09485426393256875
0 0.3637110016420361 0.562037037037037 0.5092159485172989 0.24442120124355352
0 0.7266009852216748 0.5916666666666667 0.3585114221051405 0.1539453493428324
