1 0.5529891304347826 0.04913557779799818 0.051630434782608696 0.02183803457688808
3 0.06521739130434782 0.23202911737943585 0.035326086956521736 0.018198362147406732
0 0.09103260869565218 0.2629663330300273 0.05434782608695652 0.014558689717925387
0 0.07065217391304347 0.2893539581437671 0.035326086956521736 0.012738853503184714
0 0.07065217391304347 0.31574158325750684 0.11684782608695653 0.01637852593266606
0 0.7771739130434783 0.462238398544131 0.09782608695652174 0.025477707006369428
0 0.5815217391304348 0.4749772520473157 0.09510869565217392 0.012738853503184714
3 0.5095108695652174 0.4913557779799818 0.03804347826086957 0.012738853503184714
6 0.7948369565217391 0.565059144676979 0.03260869565217391 0.014558689717925387
3 0.5536684782608695 0.6960873521383075 0.13451086956521738 0.018198362147406732
0 0.5394021739130435 0.716105550500455 0.08695652173913043 0.01091901728844404
0 0.5217391304347826 0.7315741583257507 0.051630434782608696 0.012738853503184714
0 0.5489130434782609 0.8225659690627843 0.08967391304347826 0.01637852593266606
0 0.5536684782608695 0.8384895359417652 0.10190217391304347 0.02456778889899909
3 0.33016304347826086 0.9253867151956324 0.043478260869565216 0.014558689717925387
6 0.5108695652173914 0.9290263876251137 0.0625 0.01091901728844404
4 0.6154891304347826 0.9262966333030027 0.04891304347826087 0.012738853503184714
0 0.7065217391304348 0.9235668789808917 0.051630434782608696 0.018198362147406732
0 0.7771739130434783 0.9190172884440401 0.04076086956521739 0.012738853503184714
0 0.720108695652174 0.9590536851683349 0.04619565217391304 0.012738853503184714
0 0.6942934782608695 0.15514103730664242 0.4429344713748033 0.2538374242459652
0 0.40353260869565216 0.16742493175614195 0.3650173534993313 0.1912386098273434
0 0.034646739130434784 0.26205641492265697 0.0392330129367492 0.016101907741592543
0 0.7139945652173914 0.3393994540491356 0.3013170820370463 0.1764316685984536
0 0.44497282608695654 0.34986351228389445 0.32528612703340953 0.13731384778827863
0 0.3342391304347826 0.44904458598726116 0.10771321695934259 0.0258615025372692
0 0.6963315217391305 0.44858962693357596 0.058395551296799145 0.02519773220410167
0 0.6942934782608695 0.46678798908098273 0.06249384857458937 0.0289053390776882
0 0.5631793478260869 0.5878070973612375 0.08014872726608038 0.028905339077688146
3 0.6582880434782609 0.5996360327570519 0.05544142836385198 0.023331634130892145
0 0.6915760869565217 0.6833484986351228 0.04303883168488075 0.019560172069596128
0 0.3858695652173913 0.8070973612374887 0.09237781845165757 0.024381451205885883
0 0.31453804347826086 0.8180163785259327 0.038806708721312595 0.013685071786889432
0 0.6243206521739131 0.8184713375796179 0.06065008674054084 0.016195787844429432
0 0.7248641304347826 0.9394904458598726 0.07857123250644867 0.022424414024046553
