3 0.863406408094435 0.286 0.06745362563237774 0.052
0 0.5050590219224284 0.607 0.3288364249578415 0.134
0 0.5016863406408094 0.723 0.5109612141652614 0.154
3 0.5050590219224284 0.841 0.41652613827993257 0.074
0 0.5033726812816189 0.913 0.5446880269814502 0.066
0 0.8389544688026982 0.111 0.18154715738334937 0.1161487696288454
0 0.8507588532883642 0.178 0.17712653754465066 0.06775946997494003
3 0.8541315345699831 0.234 0.15274487144013438 0.08279552338225142
0 0.41652613827993257 0.485 0.21216253277772507 0.14082356646472044
0 0.5893760539629005 0.478 0.16971792731358723 0.11961161351381838
