0 0.43148148148148147 0.3851851851851852 0.03148148148148148 0.022222222222222223
3 0.43148148148148147 0.43950617283950616 0.07592592592592592 0.01728395061728395
0 0.42777777777777776 0.4703703703703704 0.03333333333333333 0.007407407407407408
0 0.6888888888888889 0.4654320987654321 0.03148148148148148 0.014814814814814815
4 0.6805555555555556 0.5703703703703704 0.07407407407407407 0.05185185185185185
4 0.3597222222222222 0.6364197530864197 0.16574074074074074 0.03580246913580247
0 0.36203703703703705 0.6580246913580247 0.16666666666666666 0.019753086419753086
3 0.37592592592592594 0.6876543209876543 0.17222222222222222 0.024691358024691357
0 0.387037037037037 0.717283950617284 0.19444444444444445 0.024691358024691357
0 0.31296296296296294 0.745679012345679 0.04259259259259259 0.01728395061728395
0 0.35555555555555557 0.7481481481481481 0.027777777777777776 0.01728395061728395
3 0.42777777777777776 0.7469135802469136 0.024074074074074074 0.014814814814814815
0 0.3074074074074074 0.7604938271604939 0.03148148148148148 0.01728395061728395
1 0.3731481481481482 0.754320987654321 0.09814814814814815 0.03209876543209877
0 0.3527777777777778 0.7913580246913581 0.14444444444444443 0.019753086419753086
0 0.29074074074074074 0.8197530864197531 0.020370370370370372 0.01728395061728395
0 0.33240740740740743 0.8197530864197531 0.044444444444444446 0.01728395061728395
0 0.44722222222222224 0.8209876543209876 0.040740740740740744 0.014814814814814815
0 0.2953703703703704 0.8345679012345679 0.02962962962962963 0.01728395061728395
0 0.4027777777777778 0.8333333333333334 0.11851851851851852 0.014814814814814815
4 0.725925925925926 0.4419753086419753 0.13488071905001486 0.19747596460720707
4 0.6361111111111111 0.45555555555555555 0.08879186359247679 0.14314186215951036
3 0.3300925925925926 0.832716049382716 0.030531928001319753 0.015407259440483774
