0 0.13869625520110956 0.522 0.08321775312066575 0.052
0 0.049237170596393896 0.951 0.0957004160887656 0.074
0 0.2420249653259362 0.961 0.23994452149791956 0.078
0 0.44521497919556174 0.972 0.10818307905686546 0.048
0 0.5957004160887656 0.974 0.14008321775312066 0.052
0 0.7850208044382802 0.978 0.18307905686546463 0.044
0 0.5027739251040222 0.267 0.1472812883374696 0.092540526793505
4 0.39944521497919555 0.335 0.10701167479611558 0.16540742431542688
4 0.6435506241331485 0.338 0.09753128871326347 0.16385587888656516
0 0.5998613037447988 0.497 0.12336526098471197 0.14240029900489753
0 0.46601941747572817 0.512 0.18862690707350901 0.15979898987322333
