1 0.3473053892215569 0.806 0.06786427145708583 0.04
0 0.44510978043912175 0.814 0.09580838323353294 0.04
0 0.4620758483033932 0.087 0.23693940261853005 0.12967739820199814
0 0.7385229540918163 0.11 0.11968023547833259 0.06353393529275872
0 0.846307385229541 0.125 0.11965932432157045 0.061501990085789646
0 0.7924151696606786 0.17 0.2551203334700158 0.11557960839475209
0 0.4281437125748503 0.333 0.3451905115419558 0.19982288477839644
4 0.7135728542914171 0.417 0.3078708044134002 0.34195267387727973
6 0.2554890219560878 0.462 0.16042672954827097 0.1918661476060251
0 0.2624750499001996 0.82 0.10744197030887465 0.05163821725238927
0 0.5279441117764471 0.825 0.09347074991855171 0.05742781352708198
3 0.7435129740518962 0.838 0.14365903509977776 0.054971125410832884
0 0.626746506986028 0.841 0.11139108790564796 0.06934447577951527
