0 0.25546875 0.3527777777777778 0.046875 0.058333333333333334
1 0.43046875 0.39861111111111114 0.053125 0.06111111111111111
0 0.5015625 0.41805555555555557 0.046875 0.06944444444444445
0 0.1796875 0.5263888888888889 0.0328125 0.022222222222222223
4 0.419140625 0.5291666666666667 0.03828125 0.027777777777777776
0 0.67109375 0.5416666666666666 0.040625 0.025
0 0.959375 0.5513888888888889 0.0484375 0.027777777777777776
1 0.6703125 0.5638888888888889 0.028125 0.011111111111111112
3 0.6703125 0.5777777777777777 0.028125 0.011111111111111112
3 0.9609375 0.5777777777777777 0.0390625 0.019444444444444445
1 0.95078125 0.5902777777777778 0.0171875 0.008333333333333333
0 0.97109375 0.5902777777777778 0.0171875 0.008333333333333333
0 0.406640625 0.4465277777777778 0.08065831303681197 0.057419106912286424
0 0.465234375 0.4513888888888889 0.05073874416334441 0.05802931591358281
