0 0.465625 0.06527777777777778 0.040625 0.03611111111111111
1 0.4671875 0.14027777777777778 0.059375 0.10833333333333334
1 0.39140625 0.19027777777777777 0.128125 0.21666666666666667
3 0.46953125 0.2222222222222222 0.05625 0.08611111111111111
6 0.58515625 0.6027777777777777 0.0359375 0.03333333333333333
0 0.453515625 0.27708333333333335 0.07667574808927746 0.05767592755378854
6 0.395703125 0.29305555555555557 0.05658591539285172 0.04702527424506463
0 0.3546875 0.30625 0.04221565372185774 0.048004324695864874
6 0.477734375 0.3347222222222222 0.04018659612765525 0.038985662993939955
3 0.61796875 0.6256944444444444 0.049767073567822354 0.08179995822568173
1 0.59921875 0.65 0.051561849093935665 0.06364007639010004
1 0.598828125 0.6777777777777778 0.04921586715839883 0.06644005178904469
0 0.60625 0.8680555555555556 0.040600868364730223 0.058150414095903595
0 0.60390625 0.9347222222222222 0.0328125 0.04412078839774899
