0 0.40677083333333336 0.3046875 0.06145833333333333 0.01875
0 0.40520833333333334 0.321875 0.09375 0.021875
6 0.7291666666666666 0.3203125 0.05416666666666667 0.01875
3 0.73125 0.334375 0.06041666666666667 0.0109375
6 0.40208333333333335 0.340625 0.03333333333333333 0.00625
0 0.2708333333333333 0.38671875 0.022916666666666665 0.009375
3 0.525 0.0203125 0.2790501718784313 0.1506499610453263
1 0.971875 0.026171875 0.06920583496854367 0.05201291174634874
0 0.9208333333333333 0.053125 0.0835833245000264 0.05858089676335791
3 0.5369791666666667 0.1015625 0.43932337231190793 0.21544096079732142
0 0.953125 0.077734375 0.12665516374374117 0.08006928475888044
0 0.8661458333333333 0.080078125 0.0819342231765546 0.05284344485526561
0 0.8385416666666666 0.1296875 0.13256240295124375 0.0808795054273975
