0 0.40989583333333335 0.5592334494773519 0.17604166666666668 0.0627177700348432
0 0.3958333333333333 0.5897212543554007 0.15 0.05400696864111498
4 0.4791666666666667 0.8170731707317073 0.06666666666666667 0.05226480836236934
0 0.44479166666666664 0.09233449477351917 0.08946369109315526 0.08392264821538642
0 0.54375 0.1132404181184669 0.120827623614723 0.12876258542473543
0 0.3494791666666667 0.15331010452961671 0.12100237256267536 0.17407078985728405
6 0.6385416666666667 0.23344947735191637 0.09526741050151913 0.18110966423541155
6 0.26666666666666666 0.3554006968641115 0.09999653066861972 0.33446258578129784
0 0.46822916666666664 0.33797909407665505 0.29147665577932264 0.17438893383647558
0 0.5609375 0.5287456445993032 0.1482585428930743 0.11809345509458796
0 0.5515625 0.563588850174216 0.1743670381963403 0.11732766468805803
0 0.5848958333333333 0.7543554006968641 0.13431279687530281 0.1809969322428981
4 0.3703125 0.7709059233449478 0.16740903098899337 0.20026995596853572
