0 0.42091836734693877 0.4827586206896552 0.25313971742543173 0.16475095785440613
0 0.42896389324960754 0.5862068965517241 0.271585557299843 0.18773946360153257
0 0.4236656200941915 0.6660280970625798 0.10164835164835165 0.0421455938697318
0 0.42562794348508637 0.6979565772669221 0.08124018838304553 0.04342273307790549
0 0.42562794348508637 0.7302043422733078 0.10635792778649922 0.044061302681992334
6 0.3987441130298273 0.9233716475095786 0.013343799058084773 0.008939974457215836
6 0.42425431711145994 0.9246487867177522 0.0141287284144427 0.008939974457215836
1 0.4046310832025118 0.9434865900383141 0.10047095761381476 0.02362707535121328
0 0.4054160125588697 0.9648786717752235 0.10047095761381476 0.022988505747126436
3 0.3857927786499215 0.9840357598978289 0.012558869701726845 0.007662835249042145
