6 0.58 0.3353658536585366 0.056 0.042682926829268296
3 0.574 0.45426829268292684 0.06 0.036585365853658534
0 0.726 0.47865853658536583 0.052 0.054878048780487805
4 0.704 0.5487804878048781 0.048 0.042682926829268296
6 0.569 0.7728658536585366 0.178 0.04878048780487805
4 0.262 0.9466463414634146 0.18 0.04573170731707317
0 0.111 0.13490853658536586 0.29683376105126646 0.18135324907741418
0 0.089 0.2035060975609756 0.22095279552383373 0.13865686528344093
0 0.328 0.2553353658536585 0.29475988997658226 0.19354218480290752
0 0.229 0.2766768292682927 0.1494329312125361 0.09589899717664309
0 0.625 0.3079268292682927 0.20986244728531891 0.14315815629665593
6 0.62 0.3780487804878049 0.09414662525839981 0.11881547810833312
0 0.543 0.4367378048780488 0.08394635316997733 0.035149364362363
0 0.704 0.5060975609756098 0.14372595499094906 0.10043244043590666
6 0.825 0.5304878048780488 0.19326249735094847 0.1309985568864128
6 0.795 0.5548780487804879 0.10975211628261627 0.07608034368245614
0 0.873 0.5952743902439024 0.1259705611332049 0.0744573904912121
6 0.352 0.7721036585365854 0.16793256174019575 0.08664395193634646
6 0.571 0.8003048780487805 0.12127692768207612 0.03152970446063021
