4 0.37447916666666664 0.27421875 0.653125 0.2875
1 0.6833333333333333 0.25390625 0.07916666666666666 0.0921875
6 0.6151041666666667 0.411328125 0.5302083333333333 0.24453125
6 0.5078125 0.59140625 0.10520833333333333 0.025
1 0.7708333333333334 0.66796875 0.04375 0.0125
0 0.296875 0.9859375 0.12083333333333333 0.0140625
6 0.30833333333333335 0.537109375 0.13070690632946727 0.08511669678923824
6 0.7041666666666667 0.548046875 0.07941941738241595 0.046564422828839366
6 0.628125 0.576953125 0.11233817229742442 0.04474133834099945
6 0.41510416666666666 0.57890625 0.096875 0.04833301253115287
0 0.64375 0.62265625 0.24009781349071718 0.10396631545314375
0 0.3421875 0.619140625 0.1196035917370794 0.08821534907692855
0 0.459375 0.63984375 0.17060267347461633 0.07178620570750152
