0 0.47131782945736433 0.226 0.08682170542635659 0.1
1 0.289922480620155 0.368 0.09612403100775194 0.096
4 0.5581395348837209 0.338 0.4682170542635659 0.204
3 0.5155038759689923 0.517 0.5069767441860465 0.222
0 0.2868217054263566 0.684 0.08372093023255814 0.104
0 0.5829457364341085 0.65 0.07751937984496124 0.088
0 0.5085271317829457 0.864 0.4930232558139535 0.076
0 0.662015503875969 0.245 0.3409935329628645 0.19780821692104053
0 0.32945736434108525 0.251 0.24691626408837114 0.17672541012663792
0 0.4356589147286822 0.646 0.23190589134516493 0.13395546034542577
0 0.689922480620155 0.676 0.1701296573161688 0.1597446192487564
