3 0.4654320987654321 0.3527777777777778 0.09382716049382717 0.03333333333333333
0 0.5981481481481481 0.3611111111111111 0.08765432098765433 0.03518518518518519
1 0.4691358024691358 0.39814814814814814 0.03950617283950617 0.02962962962962963
0 0.9753086419753086 0.39166666666666666 0.04938271604938271 0.027777777777777776
0 0.9777777777777777 0.4675925925925926 0.044444444444444446 0.027777777777777776
0 0.47530864197530864 0.5046296296296297 0.08641975308641975 0.05
0 0.5432098765432098 0.5157407407407407 0.07407407407407407 0.024074074074074074
0 0.5049382716049383 0.5333333333333333 0.1259259259259259 0.025925925925925925
3 0.5135802469135803 0.22361111111111112 0.2814272022429709 0.08786529006027789
1 0.512962962962963 0.2587962962962963 0.17889186133090804 0.05817279309026362
6 0.5154320987654321 0.2986111111111111 0.22070886264370213 0.07485798253639116
0 0.44753086419753085 0.32592592592592595 0.15430430545726734 0.042426717593400026
0 0.5876543209876544 0.33796296296296297 0.11595738498519838 0.034932296174268684
0 0.5444444444444444 0.39675925925925926 0.138242634840082 0.06747810674504136
4 0.9592592592592593 0.41944444444444445 0.09544496735112278 0.04286574438661601
0 0.5074074074074074 0.4273148148148148 0.07774466245060328 0.026656346649999853
0 0.5438271604938272 0.49537037037037035 0.07972556637530825 0.033535926652685975
