6 0.084375 0.3055555555555556 0.11875 0.2111111111111111
1 0.30234375 0.4361111111111111 0.0234375 0.05555555555555555
4 0.409375 0.3972222222222222 0.096875 0.3
6 0.303515625 0.5048611111111111 0.03046875 0.10138888888888889
0 0.45703125 0.5875 0.0375 0.05
0 0.41484375 0.6194444444444445 0.0265625 0.044444444444444446
0 0.212109375 0.8861111111111111 0.37734375 0.17777777777777778
0 0.66953125 0.8486111111111111 0.434375 0.21666666666666667
3 0.209375 0.034027777777777775 0.07131009975162199 0.053673827038528264
0 0.157421875 0.05555555555555555 0.034471465029509485 0.033512064140101924
0 0.2203125 0.25625 0.2048982237016787 0.24866011252278133
1 0.412109375 0.23055555555555557 0.14963746144679355 0.12856173923094522
0 0.764453125 0.3541666666666667 0.1975297520457578 0.18342769376555768
4 0.438671875 0.46944444444444444 0.24774738202677754 0.41465768150744303
1 0.52421875 0.39652777777777776 0.04666950645684729 0.1763498640735002
4 0.179296875 0.5729166666666666 0.11310071794445971 0.43747840141015026
0 0.7953125 0.5034722222222222 0.2615785971399558 0.19007852883708487
1 0.496484375 0.5208333333333334 0.06312953652883539 0.09828906123154613
0 0.353515625 0.60625 0.10220632468590125 0.14297595329011506
