0 0.47635135135135137 0.283704572098476 0.1527027027027027 0.044548651817116064
3 0.45 0.3376318874560375 0.04054054054054054 0.009378663540445486
6 0.02364864864864865 0.37631887456037516 0.0472972972972973 0.01875732708089097
0 0.025 0.3974208675263775 0.05 0.023446658851113716
1 0.05405405405405406 0.4220398593200469 0.04594594594594595 0.016412661195779603
0 0.3560810810810811 0.46600234466588514 0.20945945945945946 0.06447831184056271
0 0.24932432432432433 0.5691676436107854 0.20945945945945946 0.05744431418522861
0 0.4831081081081081 0.563305978898007 0.22567567567567567 0.059788980070339975
0 0.2959459459459459 0.6611957796014069 0.0945945945945946 0.02813599062133646
0 0.24594594594594596 0.6951934349355217 0.12972972972972974 0.03048065650644783
1 0.3662162162162162 0.694021101992966 0.0945945945945946 0.02813599062133646
0 0.5094594594594595 0.6893317702227433 0.07297297297297298 0.02813599062133646
0 0.2959459459459459 0.30363423212192264 0.19162946859041782 0.08827665814775122
0 0.629054054054054 0.3048065650644783 0.1445808330232804 0.07488325979374894
0 0.5682432432432433 0.45955451348182885 0.2173576289263883 0.07895173922640841
