0 0.2537764350453172 0.42675893886966554 0.04833836858006042 0.03229527104959631
4 0.6631419939577039 0.43137254901960786 0.045317220543806644 0.03229527104959631
4 0.2628398791540785 0.4671280276816609 0.04833836858006042 0.0392156862745098
3 0.4637462235649547 0.46943483275663206 0.19939577039274925 0.02306805074971165
0 0.38746223564954685 0.8217993079584776 0.09516616314199396 0.031141868512110725
0 0.4818731117824773 0.3108419838523645 0.22044034145502833 0.07246437893596852
6 0.2983383685800604 0.35121107266435986 0.17781424052051795 0.14085452274357652
6 0.6321752265861027 0.37254901960784315 0.12201354807962504 0.10835808424730113
1 0.8904833836858006 0.4873125720876586 0.20738779650794062 0.165728244825077
0 0.6095166163141994 0.5230680507497116 0.22858141754831496 0.18194016088722467
4 0.297583081570997 0.5201845444059977 0.12164625699114003 0.09911770855534809
6 0.7817220543806647 0.5778546712802768 0.1240949404466784 0.098492800953825
0 0.42900302114803623 0.5720876585928489 0.15695482820243026 0.06207313830609275
