1 0.5064814814814815 0.5697865353037767 0.018518518518518517 0.03940886699507389
0 0.5537037037037037 0.6921182266009852 0.06296296296296296 0.047619047619047616
0 0.4787037037037037 0.7832512315270936 0.06296296296296296 0.026272577996715927
3 0.5731481481481482 0.8308702791461412 0.09444444444444444 0.07881773399014778
0 0.5509259259259259 0.43596059113300495 0.08373851997203882 0.07349744696302814
4 0.6282407407407408 0.4885057471264368 0.08935004980951847 0.1986201383308369
3 0.5476851851851852 0.5016420361247947 0.07114009735267085 0.07098742881375464
0 0.5921296296296297 0.49917898193760263 0.03237695506160755 0.045471769609700716
6 0.47638888888888886 0.5533661740558292 0.05526865674225826 0.16741397587098994
0 0.5995370370370371 0.6658456486042693 0.03968794975123202 0.07328282828593609
0 0.6472222222222223 0.7298850574712644 0.06442380441111081 0.06095237399016859
0 0.5875 0.7610837438423645 0.033046936274060364 0.03479820201846227
0 0.5578703703703703 0.7692939244663383 0.03489878812591222 0.0383350398170892
0 0.5263888888888889 0.777504105090312 0.036750639977764066 0.034475956944938865
