1 0.6136662286465178 0.064 0.02102496714848883 0.06
0 0.5256241787122208 0.156 0.04730617608409987 0.048
0 0.5164257555847569 0.348 0.08409986859395532 0.132
6 0.2352168199737188 0.432 0.09198423127463863 0.112
0 0.5545335085413929 0.451 0.26018396846254926 0.218
0 0.8567674113009198 0.796 0.08409986859395532 0.048
0 0.1859395532194481 0.899 0.20105124835742444 0.086
0 0.2378449408672799 0.93 0.0735873850197109 0.032
0 0.11695137976346912 0.944 0.04730617608409987 0.028
0 0.5420499342969777 0.097 0.15314980546945103 0.12855170874751592
0 0.576215505913272 0.135 0.07920752652046796 0.0705970433718076
0 0.5893561103810775 0.203 0.14396038812635 0.11847998304005088
0 0.4947437582128778 0.241 0.09624177597900849 0.1046157947252415
1 0.2371879106438896 0.506 0.08944813114221761 0.10022104355186684
0 0.5440210249671484 0.563 0.17059623337445312 0.20649623957722202
0 0.8501971090670171 0.857 0.11227262633789586 0.08975422379007454
