0 0.048 0.5187713310580204 0.088 0.013651877133105802
0 0.142 0.5187713310580204 0.068 0.013651877133105802
3 0.384 0.5102389078498294 0.076 0.020477815699658702
0 0.512 0.515358361774744 0.06 0.030716723549488054
0 0.082 0.5443686006825939 0.112 0.027303754266211604
1 0.184 0.5699658703071673 0.072 0.013651877133105802
0 0.086 0.5767918088737202 0.104 0.030716723549488054
0 0.089 0.6006825938566553 0.146 0.027303754266211604
0 0.786 0.6629692832764505 0.14 0.03583617747440273
0 0.176 0.7542662116040956 0.124 0.030716723549488054
