0 0.22559171597633135 0.21 0.21449704142011836 0.076
4 0.4467455621301775 0.288 0.047337278106508875 0.056
4 0.5695266272189349 0.342 0.3165680473372781 0.052
4 0.5724852071005917 0.382 0.33727810650887574 0.04
3 0.46449704142011833 0.436 0.1863905325443787 0.028
1 0.128698224852071 0.63 0.029585798816568046 0.048
6 0.4822485207100592 0.818 0.21597633136094674 0.08
0 0.7862426035502958 0.804 0.4275147928994083 0.132
0 0.35650887573964496 0.529 0.23950425513049015 0.2218784925365399
0 0.1849112426035503 0.538 0.1680322349010188 0.18733515345986212
0 0.3165680473372781 0.776 0.12106672544080901 0.08185385629197936
