0 0.924 0.1252236135957066 0.128 0.04293381037567084
1 0.904 0.16457960644007155 0.076 0.03220035778175313
0 0.924 0.20930232558139536 0.116 0.03577817531305903
0 0.86 0.35241502683363146 0.168 0.046511627906976744
0 0.852 0.5134168157423972 0.116 0.02146690518783542
0 0.858 0.5974955277280859 0.16 0.025044722719141325
4 0.364 0.627906976744186 0.16 0.05366726296958855
3 0.362 0.7245080500894454 0.128 0.03577817531305903
0 0.11899999999999998 0.15026833631484796 0.3674801797723253 0.32194240454563045
6 0.698 0.4159212880143113 0.14770592843689656 0.15552176705098386
0 0.379 0.49016100178890876 0.15380376985227723 0.06019758760209127
