0 0.9379166666666666 0.194375 0.12416666666666666 0.0625
0 0.8833333333333333 0.450625 0.06666666666666667 0.01625
0 0.6829166666666666 0.0834375 0.21749985652406584 0.09934277680760598
0 0.5225 0.0859375 0.16436739427831734 0.08040020908089555
0 0.64375 0.1125 0.1424218157740582 0.05368244322807744
3 0.5345833333333333 0.118125 0.07223669446589422 0.03689117915383267
6 0.2125 0.210625 0.2075658281932066 0.06305415372086991
0 0.28541666666666665 0.2296875 0.057883137397902545 0.023888283095724317
0 0.23208333333333334 0.23625 0.05873952430192882 0.021742060115418623
0 0.17291666666666666 0.245 0.060863363969981536 0.021719910949138423
