4 0.353125 0.4025974025974026 0.2609375 0.13695395513577333
0 0.6859375 0.3754427390791027 0.3046875 0.10625737898465171
0 0.5453125 0.6942148760330579 0.0640625 0.01652892561983471
0 0.51953125 0.7225501770956316 0.01875 0.01652892561983471
0 0.55625 0.7225501770956316 0.0453125 0.021251475796930343
6 0.52265625 0.7414403778040142 0.034375 0.01652892561983471
0 0.712109375 0.2733175914994097 0.11327932170180936 0.0884105277172446
6 0.634375 0.2762691853600944 0.05933308841404479 0.06050033397769796
0 0.734765625 0.4693034238488784 0.06796875 0.06894518158096503
0 0.657421875 0.47284533648170013 0.10546700697593554 0.07185512778038693
