0 0.6109182098765432 0.19031762295081966 0.13233024691358025 0.10297131147540983
6 0.6622299382716049 0.5286885245901639 0.03665123456790124 0.01639344262295082
0 0.9689429012345679 0.5294569672131147 0.04822530864197531 0.0353483606557377
4 0.2488425925925926 0.5491803278688525 0.10570987654320987 0.09836065573770492
0 0.6668595679012346 0.5502049180327869 0.04822530864197531 0.03483606557377049
1 0.1259645061728395 0.7525614754098361 0.009645061728395061 0.010245901639344262
0 0.25135030864197533 0.7794569672131147 0.09992283950617284 0.05891393442622951
1 0.08256172839506173 0.8944672131147541 0.06944444444444445 0.020491803278688523
0 0.7997685185185185 0.38089139344262296 0.4009810378254017 0.3878023414882164
0 0.47087191358024694 0.4228995901639344 0.26606632472026587 0.34875134976638694
