0 0.5073891625615764 0.1675925925925926 0.16091954022988506 0.027777777777777776
0 0.5057471264367817 0.2074074074074074 0.2857142857142857 0.06111111111111111
0 0.4967159277504105 0.23703703703703705 0.1297208538587849 0.027777777777777776
0 0.5164203612479474 0.5606481481481481 0.17569786535303777 0.03796296296296296
0 0.5402298850574713 0.5851851851851851 0.10180623973727422 0.022222222222222223
0 0.5632183908045977 0.6027777777777777 0.10509031198686371 0.018518518518518517
3 0.5623973727422004 0.6236111111111111 0.30049261083743845 0.03611111111111111
0 0.3768472906403941 0.55 0.11312648833913763 0.03868621060905521
0 0.3702791461412151 0.5722222222222222 0.10340253028648282 0.03316474065938893
0 0.4540229885057471 0.5805555555555556 0.08317452896826738 0.029259327441868915
0 0.34564860426929395 0.5847222222222223 0.10670978360050254 0.03774920711652309
3 0.2717569786535304 0.5949074074074074 0.14285609056499565 0.05635304928702567
0 0.4605911330049261 0.5986111111111111 0.10656590994785439 0.026586950706982398
1 0.3669950738916256 0.611574074074074 0.10312388706662706 0.039622389220527424
1 0.27504105090311987 0.6458333333333334 0.09359551642598797 0.017336915213255217
0 0.3702791461412151 0.6541666666666667 0.11001603178262155 0.017336915213255217
