0 0.3445 0.0852575488454707 0.251 0.1705150976909414
4 0.914 0.6714031971580817 0.046 0.07460035523978685
1 0.534 0.9600355239786856 0.08 0.07992895204262877
0 0.5085 0.15541740674955595 0.15294867363065107 0.23257522097891817
0 0.5025 0.2912966252220249 0.22092167225177992 0.2841128442839036
0 0.633 0.3481349911190053 0.19847671742345097 0.33389107804313845
0 0.9515 0.6119005328596803 0.1149652896662094 0.14018083843844886
3 0.944 0.6474245115452931 0.10791836354299289 0.12242595589837797
6 0.955 0.7042628774422736 0.08595785108762242 0.12587615746191003
6 0.9425 0.7504440497335702 0.08699935915408241 0.12237055296775186
3 0.6985 0.9200710479573713 0.2803644255919476 0.33695918236970435
0 0.3605 0.933392539964476 0.2805328815379038 0.2858418501170061
