0 0.114 0.1683046683046683 0.12 0.10319410319410319
6 0.106 0.5098280098280098 0.072 0.06388206388206388
4 0.102 0.64004914004914 0.204 0.17936117936117937
1 0.716 0.8955773955773956 0.064 0.03194103194103194
0 0.201 0.10687960687960688 0.4005574325552357 0.2358255973093979
6 0.471 0.2536855036855037 0.5101085630473056 0.3009556675860452
0 0.227 0.22235872235872237 0.24959860531435005 0.14488418477568052
0 0.357 0.28869778869778867 0.2534374224774001 0.14242407782761637
0 0.559 0.3857493857493858 0.2254974637457053 0.12521695923351775
6 0.276 0.5067567567567568 0.4142997170285017 0.279917857288124
4 0.274 0.6658476658476659 0.252731282501308 0.11767003467374566
0 0.246 0.7481572481572482 0.22224295039463166 0.07390611250020386
0 0.883 0.7542997542997543 0.13794594567112745 0.06371383069230571
6 0.825 0.8267813267813268 0.3762030872924049 0.19893120179060042
0 0.83 0.914004914004914 0.2079775724027827 0.07358684524558584
