3 0.7731481481481481 0.013580246913580247 0.05740740740740741 0.027160493827160494
1 0.7444444444444445 0.03950617283950617 0.03333333333333333 0.02962962962962963
1 0.7833333333333333 0.043209876543209874 0.03148148148148148 0.024691358024691357
0 0.25972222222222224 0.2111111111111111 0.3453703703703704 0.1382716049382716
0 0.6476851851851851 0.21851851851851853 0.11574074074074074 0.0691358024691358
0 0.1449074074074074 0.3197530864197531 0.08981481481481482 0.08148148148148149
0 0.3013888888888889 0.2938271604938272 0.2564814814814815 0.14814814814814814
0 0.6453703703703704 0.28271604938271605 0.13518518518518519 0.09382716049382717
0 0.9046296296296297 0.3160493827160494 0.07962962962962963 0.0345679012345679
0 0.27824074074074073 0.38271604938271603 0.14722222222222223 0.06419753086419754
0 0.6361111111111111 0.391358024691358 0.1 0.04938271604938271
0 0.8935185185185185 0.3697530864197531 0.12407407407407407 0.08518518518518518
0 0.22361111111111112 0.47530864197530864 0.2175925925925926 0.11358024691358025
3 0.8314814814814815 0.6246913580246913 0.06296296296296296 0.0345679012345679
0 0.5898148148148148 0.6530864197530865 0.014814814814814815 0.02962962962962963
6 0.6657407407407407 0.6395061728395062 0.014814814814814815 0.05185185185185185
0 0.8398148148148148 0.6512345679012346 0.05 0.03827160493827161
1 0.5842592592592593 0.7814814814814814 0.014814814814814815 0.02962962962962963
0 0.8870370370370371 0.19876543209876543 0.10365775176120366 0.09218265258604723
3 0.9518518518518518 0.195679012345679 0.08139075737176132 0.08501158713128969
0 0.9041666666666667 0.2734567901234568 0.12665861007690382 0.10331755210592797
0 0.6407407407407407 0.3450617283950617 0.11803068847984811 0.06793177940721498
0 0.3763888888888889 0.45123456790123456 0.10044190268865541 0.0958499248764981
6 0.6282407407407408 0.6728395061728395 0.020418953354785614 0.103665569761549
0 0.8773148148148148 0.6611111111111111 0.04700396768245085 0.04782981040321088
6 0.6606481481481481 0.7117283950617284 0.01928446179626896 0.055414915253250055
0 0.3439814814814815 0.7234567901234568 0.20627414796495516 0.12331828689767788
6 0.6226851851851852 0.7641975308641975 0.020650047923690754 0.08389141745062267
1 0.2222222222222222 0.7530864197530864 0.08143552953898137 0.09752479208118502
6 0.6574074074074074 0.7648148148148148 0.020080484258205952 0.06285484409375239
4 0.29398148148148145 0.7814814814814814 0.12915303830948013 0.11046183752550326
0 0.1712962962962963 0.8098765432098766 0.07904311402407363 0.11313791358240008
0 0.29814814814814816 0.8716049382716049 0.29326659450125725 0.18829590223471465
0 0.30694444444444446 0.932716049382716 0.08949708726804854 0.07384443561892017
