0 0.48148148148148145 0.4032258064516129 0.28703703703703703 0.19648093841642228
0 0.6481481481481481 0.44868035190615835 0.046296296296296294 0.05865102639296188
4 0.3101851851851852 0.5073313782991202 0.030864197530864196 0.11730205278592376
0 0.42746913580246915 0.24486803519061584 0.20672885420012332 0.19649055546269584
0 0.5979938271604939 0.3035190615835777 0.2046314197634513 0.3370787124625871
0 0.466820987654321 0.5351906158357771 0.29764789021101884 0.27828303010293287
4 0.6111111111111112 0.5747800586510264 0.08839942376471141 0.18121902729917727
4 0.3387345679012346 0.6275659824046921 0.09474129115507204 0.19330898399704644
0 0.5108024691358025 0.6979472140762464 0.10670518141091861 0.11533196826202753
0 0.41280864197530864 0.7008797653958945 0.10946023176836994 0.11658707627398138
