0 0.5027027027027027 0.238 0.1981981981981982 0.052
0 0.2882882882882883 0.326 0.04684684684684685 0.04
1 0.4972972972972973 0.416 0.26666666666666666 0.112
0 0.5126126126126126 0.559 0.618018018018018 0.242
4 0.4945945945945946 0.702 0.29009009009009007 0.124
0 0.46306306306306305 0.854 0.16576576576576577 0.088
0 0.31891891891891894 0.257 0.1871010926089854 0.09112678351216937
0 0.6549549549549549 0.249 0.11693398521381164 0.08153828737168987
0 0.8081081081081081 0.295 0.2179502035652522 0.15383456958400565
0 0.1810810810810811 0.288 0.12730964729638264 0.10307048581176982
0 0.37207207207207205 0.301 0.13328500285583544 0.06544378019905321
0 0.6234234234234234 0.298 0.172966170510667 0.06758946638440409
0 0.7594594594594595 0.336 0.1278889116601759 0.08776114000116263
0 0.8342342342342343 0.386 0.07902130012831561 0.07970814327703954
0 0.2702702702702703 0.814 0.26305343633880063 0.18381466904112811
0 0.6846846846846847 0.824 0.3119670635867083 0.18041303066031877
