0 0.5753424657534246 0.402 0.2876712328767123 0.136
0 0.398972602739726 0.76 0.07534246575342465 0.028
0 0.7705479452054794 0.784 0.11301369863013698 0.036
0 0.398972602739726 0.796 0.0684931506849315 0.028
0 0.4006849315068493 0.832 0.05821917808219178 0.028
0 0.7611301369863014 0.821 0.1113013698630137 0.042
0 0.7577054794520548 0.863 0.0976027397260274 0.038
0 0.20633561643835616 0.93 0.3236301369863014 0.084
0 0.2208904109589041 0.115 0.1362631999383556 0.08156121294981371
6 0.636986301369863 0.574 0.0707905279605749 0.09571811056990191
3 0.5393835616438356 0.615 0.09245345784565602 0.06150199008578966
