6 0.4479166666666667 0.23359375 0.11458333333333333 0.071875
0 0.4484375 0.538671875 0.13854166666666667 0.01484375
4 0.44479166666666664 0.55078125 0.058333333333333334 0.0125
4 0.44166666666666665 0.5640625 0.19791666666666666 0.0296875
0 0.8135416666666667 0.571875 0.08958333333333333 0.021875
0 0.8135416666666667 0.58671875 0.09583333333333334 0.015625
0 0.546875 0.6078125 0.12916666666666668 0.0140625
1 0.8041666666666667 0.60390625 0.06041666666666667 0.009375
4 0.6322916666666667 0.61484375 0.0375 0.0125
0 0.5447916666666667 0.6203125 0.029166666666666667 0.0109375
0 0.5854166666666667 0.6203125 0.03958333333333333 0.0109375
0 0.6322916666666667 0.62265625 0.035416666666666666 0.0046875
0 0.69375 0.6859375 0.027083333333333334 0.0109375
0 0.8359375 0.690234375 0.06354166666666666 0.01171875
0 0.640625 0.7125 0.04583333333333333 0.0140625
1 0.7119791666666667 0.799609375 0.065625 0.01953125
6 0.6692708333333334 0.196875 0.31897930532822044 0.0860706456657458
1 0.3125 0.28125 0.1660957738805437 0.10355057280577204
0 0.5369791666666667 0.383984375 0.139791114030164 0.06658441309788916
0 0.4 0.402734375 0.16872292250446166 0.06605051889235303
0 0.45989583333333334 0.5765625 0.03207172331458317 0.00835517868097444
0 0.6338541666666667 0.65546875 0.032248459207306485 0.013824997350007884
0 0.9067708333333333 0.779296875 0.02803713809421069 0.01262693467768603
