1 0.6645833333333333 0.38003220611916266 0.025 0.03864734299516908
0 0.284375 0.5120772946859904 0.15625 0.05152979066022544
0 0.2833333333333333 0.5652173913043478 0.0625 0.04830917874396135
1 0.5354166666666667 0.7954911433172303 0.025 0.04508856682769726
0 0.5401041666666667 0.32689210950080516 0.10566416830187694 0.08009559785650888
0 0.6265625 0.3438003220611916 0.07803370305910846 0.08503944683006703
4 0.46458333333333335 0.38405797101449274 0.07624845089330161 0.1268600514900511
4 0.7041666666666667 0.45652173913043476 0.07619524226932413 0.17223751612267307
0 0.4203125 0.4718196457326892 0.057212210313324616 0.13518726246073287
0 0.6182291666666667 0.7777777777777778 0.1494638347648319 0.15778320709240248
0 0.4875 0.7673107890499195 0.09164332758240382 0.11740253394718995
