4 0.28363636363636363 0.26663254861821906 0.13454545454545455 0.05424769703172978
0 0.5645454545454546 0.24820880245649948 0.4709090909090909 0.09518935516888434
0 0.44181818181818183 0.3172978505629478 0.2581818181818182 0.032753326509723645
0 0.1509090909090909 0.39508700102354144 0.20727272727272728 0.032753326509723645
4 0.12727272727272726 0.44728761514841353 0.15272727272727274 0.030706243602865915
1 0.11636363636363636 0.5363357215967247 0.05090909090909091 0.008188331627430911
1 0.10909090909090909 0.548618219037871 0.04363636363636364 0.008188331627430911
0 0.6354545454545455 0.10440122824974411 0.6596045505148054 0.19032148123657738
0 0.5609090909090909 0.14329580348004095 0.17268041810250784 0.05920639243145074
6 0.25727272727272726 0.172978505629478 0.19830288790221703 0.1303946850339194
0 0.6790909090909091 0.1601842374616172 0.13634907715508213 0.0643510330407362
0 0.30727272727272725 0.1780962128966223 0.08786355049977529 0.048794523453577016
1 0.1318181818181818 0.5818833162743091 0.07450316980963861 0.014928605914236726
0 0.16454545454545455 0.6463664278403275 0.09969328207433566 0.029812766151630133
