4 0.8913282107574094 0.386 0.09440175631174534 0.072
0 0.4796926454445664 0.642 0.11855104281009879 0.04
0 0.7881448957189902 0.654 0.1734357848518112 0.04
6 0.3578485181119649 0.698 0.03293084522502744 0.024
6 0.6004390779363337 0.71 0.03512623490669594 0.024
0 0.7145993413830956 0.716 0.15367727771679474 0.036
0 0.48902305159165754 0.727 0.09989023051591657 0.038
0 0.7200878155872668 0.75 0.054884742041712405 0.032
4 0.40175631174533477 0.766 0.04171240395170143 0.024
3 0.7200878155872668 0.782 0.054884742041712405 0.024
0 0.4500548847420417 0.802 0.054884742041712405 0.032
0 0.43688254665203075 0.868 0.07683863885839737 0.028
0 0.7574094401756312 0.886 0.08122941822173436 0.032
0 0.44017563117453345 0.9 0.07025246981339188 0.028
0 0.7716794731064764 0.922 0.16245883644346873 0.032
6 0.7145993413830956 0.483 0.28538283827822186 0.25387092557913477
6 0.5010976948408342 0.493 0.15363620372700626 0.18356879266516377
