4 0.04117063492063492 0.35978835978835977 0.08234126984126984 0.15167548500881833
0 0.48214285714285715 0.3368606701940035 0.1111111111111111 0.08818342151675485
4 0.47172619047619047 0.40476190476190477 0.16765873015873015 0.06525573192239859
4 0.8090277777777778 0.5194003527336861 0.10218253968253968 0.037037037037037035
0 0.9191468253968254 0.54673721340388 0.05853174603174603 0.05291005291005291
4 0.8100198412698413 0.5793650793650794 0.17162698412698413 0.1111111111111111
0 0.7777777777777778 0.63668430335097 0.025793650793650792 0.02821869488536155
4 0.39831349206349204 0.8227513227513228 0.12996031746031747 0.09347442680776014
4 0.5158730158730159 0.8059964726631393 0.041666666666666664 0.07760141093474426
0 0.3774801587301587 0.35361552028218696 0.13224011797511762 0.14231515957572968
0 0.5724206349206349 0.35714285714285715 0.1007606535756832 0.11435396666842869
