3 0.42421875 0.4601406799531067 0.3390625 0.205158264947245
0 0.69375 0.45076201641266117 0.1046875 0.08089097303634232
0 0.16640625 0.5357561547479485 0.0546875 0.03048065650644783
0 0.67890625 0.5498241500586166 0.053125 0.01406799531066823
0 0.162890625 0.6055099648300117 0.04140625 0.017584994138335287
4 0.430859375 0.6008206330597889 0.38984375 0.12778429073856976
0 0.3078125 0.7303634232121923 0.0390625 0.04689331770222743
0 0.467578125 0.7133645955451349 0.10390625 0.06213364595545135
0 0.651171875 0.6951934349355217 0.16328125 0.07033997655334115
0 0.180078125 0.7415005861664713 0.14453125 0.06213364595545135
0 0.15390625 0.82063305978898 0.0890625 0.08440797186400938
3 0.407421875 0.8077373974208675 0.24921875 0.04689331770222743
0 0.692578125 0.7825322391559203 0.10859375 0.09964830011723329
0 0.17734375 0.5070339976553341 0.08084955403305827 0.04346334367287702
1 0.37734375 0.67936694021102 0.0715847029056547 0.07836995339561917
4 0.375 0.7245017584994138 0.10294294383460234 0.08892865698125828
