6 0.45652173913043476 0.16346153846153846 0.037267080745341616 0.038461538461538464
0 0.46040372670807456 0.3798076923076923 0.2748447204968944 0.10817307692307693
3 0.5419254658385093 0.9014423076923077 0.11801242236024845 0.07451923076923077
6 0.593944099378882 0.22175480769230768 0.2120280145419997 0.19828052909640886
6 0.34316770186335405 0.23557692307692307 0.20680773740122937 0.21086581180433164
6 0.5986024844720497 0.5264423076923077 0.25700285546418883 0.24185978111077977
3 0.3944099378881988 0.5835336538461539 0.11800705285048883 0.08039363997725445
0 0.390527950310559 0.7908653846153846 0.1676998038391205 0.09354827941408098
4 0.5395962732919255 0.8076923076923077 0.18960195875433342 0.09596396281147435
3 0.3967391304347826 0.8792067307692307 0.13067115688284348 0.08029620062644091
