1 0.4752475247524752 0.484 0.036303630363036306 0.036
0 0.5396039603960396 0.57 0.15181518151815182 0.088
0 0.5429042904290429 0.627 0.09900990099009901 0.058
4 0.5470297029702971 0.679 0.11386138613861387 0.074
3 0.5396039603960396 0.472 0.10229385211290425 0.04357770876399968
0 0.8671617161716172 0.629 0.23908989098432543 0.25363018222524536
0 0.9026402640264026 0.672 0.1281466241740799 0.12885298834585796
0 0.8316831683168316 0.727 0.10052044805794438 0.09967685995026841
0 0.5239273927392739 0.76 0.08415224763552885 0.05169230769230762
0 0.584983498349835 0.76 0.06082005508542986 0.0422709318232146
