3 0.009375 0.28229166666666666 0.01875 0.03125
4 0.58671875 0.54375 0.015625 0.022916666666666665
1 0.66875 0.5416666666666666 0.034375 0.029166666666666667
0 0.718359375 0.5817708333333333 0.12421875 0.06979166666666667
0 0.38125 0.6125 0.0171875 0.014583333333333334
0 0.41328125 0.6322916666666667 0.03125 0.016666666666666666
0 0.32421875 0.7229166666666667 0.053125 0.01875
0 0.896875 0.7875 0.03125 0.03333333333333333
0 0.784765625 0.3484375 0.1429867986339211 0.15949704918981797
0 0.741015625 0.3307291666666667 0.05011324808927746 0.05165018697404319
4 0.645703125 0.41302083333333334 0.14899442079966613 0.1375635036140777
0 0.539453125 0.4984375 0.14750512110055353 0.19419899917700245
