6 0.5591098748261474 0.30703125 0.8817802503477051 0.2375
0 0.5577190542420027 0.5328125 0.7399165507649513 0.1078125
0 0.5445062586926287 0.622265625 0.4325452016689847 0.09609375
0 0.6070931849791377 0.694140625 0.10987482614742698 0.03828125
1 0.4172461752433936 0.72265625 0.15577190542420027 0.0390625
1 0.5660639777468707 0.7296875 0.11126564673157163 0.0328125
0 0.3720445062586926 0.76015625 0.2545201668984701 0.046875
0 0.4089012517385257 0.79765625 0.07510431154381085 0.03125
0 0.614047287899861 0.8109375 0.1599443671766342 0.0375
0 0.6182197496522949 0.873828125 0.1349095966620306 0.03046875
0 0.46453407510431155 0.6875 0.12472586822818667 0.04046958034869661
0 0.6759388038942976 0.740625 0.1413001658904242 0.05769288550668108
0 0.5528511821974965 0.770703125 0.11767593659961013 0.038103252117394605
0 0.7100139082058414 0.779296875 0.22381453375824625 0.061616040941497106
0 0.4902642559109875 0.802734375 0.09778928009591388 0.03652289916277525
0 0.32962447844228093 0.8390625 0.20289526291871682 0.07339567112688279
1 0.8226703755215578 0.855078125 0.1324714192983926 0.045111358927635695
0 0.48400556328233657 0.867578125 0.14731515431055545 0.04283191205615537
0 0.7246175243393602 0.867578125 0.08494704183160375 0.03431269874183655
