0 0.23671875 0.14427083333333332 0.109375 0.03854166666666667
0 0.38828125 0.28229166666666666 0.125 0.04583333333333333
0 0.6625 0.28541666666666665 0.1375 0.05
4 0.43671875 0.33229166666666665 0.01875 0.020833333333333332
0 0.60859375 0.334375 0.0296875 0.027083333333333334
0 0.249609375 0.4322916666666667 0.07890625 0.05
0 0.808203125 0.4479166666666667 0.11640625 0.05416666666666667
1 0.76953125 0.5052083333333334 0.040625 0.0375
0 0.109375 0.5270833333333333 0.0421875 0.04375
0 0.15859375 0.721875 0.021875 0.016666666666666666
1 0.090625 0.746875 0.0171875 0.016666666666666666
1 0.99140625 0.740625 0.015625 0.05416666666666667
1 0.92890625 0.7927083333333333 0.028125 0.05416666666666667
0 0.95703125 0.828125 0.03125 0.0625
4 0.984765625 0.8677083333333333 0.03046875 0.06666666666666667
0 0.5765625 0.990625 0.0484375 0.016666666666666666
0 0.65 0.990625 0.0890625 0.016666666666666666
0 0.68515625 0.19010416666666666 0.21711672291158468 0.16349990806560383
0 0.36796875 0.18229166666666666 0.19393980499580596 0.13563763095887063
0 0.242578125 0.165625 0.03670504359481663 0.022696723314583167
0 0.275390625 0.16927083333333334 0.030441516008901638 0.021635246296629104
0 0.62734375 0.20416666666666666 0.07967130824177282 0.05821196255640159
0 0.405859375 0.203125 0.07263298682910935 0.04899592465447622
0 0.356640625 0.22604166666666667 0.04756522191730115 0.04843974371771923
0 0.68515625 0.22760416666666666 0.051561849093935665 0.05087921683566166
0 0.137890625 0.44583333333333336 0.15492186671877484 0.06354828319188463
0 0.259765625 0.49947916666666664 0.06108578819634029 0.04472547713889921
0 0.20078125 0.509375 0.06998258497187475 0.05000863558784753
0 0.824609375 0.515625 0.08348173208693917 0.053959440464928815
6 0.15 0.51875 0.04450869172721315 0.04489067872496903
0 0.06796875 0.5364583333333334 0.05084134615384615 0.04898614255906348
0 0.121875 0.6666666666666666 0.09653973448852464 0.050346745528553075
0 0.943359375 0.6979166666666666 0.09883405806374732 0.12494675842569929
0 0.15 0.6760416666666667 0.043689314611534115 0.033671825807162985
0 0.098046875 0.6911458333333333 0.047091349751622005 0.03229882537404928
0 0.123046875 0.7 0.07107824121940622 0.04358745761761493
0 0.124609375 0.7171875 0.07420324121940622 0.04457172331458305
3 0.1171875 0.7364583333333333 0.0484375 0.03339373231428126
4 0.968359375 0.784375 0.09410542180074088 0.13954962453137346
