3 0.5524126455906821 0.214 0.10981697171381032 0.088
4 0.6988352745424293 0.476 0.15973377703826955 0.096
0 0.31530782029950083 0.05 0.13115726943291667 0.08356221491555928
0 0.45341098169717137 0.096 0.18801755265825673 0.13578230278131428
0 0.23377703826955074 0.101 0.15471198730105068 0.14173655330211068
0 0.389351081530782 0.151 0.24621534088615263 0.16585964641092216
0 0.6014975041597338 0.155 0.18469217970049917 0.12975931239434102
0 0.16306156405990016 0.371 0.30911482118577704 0.1817668180587068
0 0.391846921797005 0.372 0.10148988253616531 0.04764146590985047
0 0.4068219633943428 0.434 0.156579752264978 0.14367345417197147
6 0.5307820299500832 0.442 0.14972504525621372 0.08356221491555925
0 0.5282861896838602 0.479 0.1580297945772083 0.07748429285320169
