0 0.6363636363636364 0.13 0.18867924528301888 0.052
0 0.6397941680960549 0.18 0.15437392795883362 0.064
0 0.1998284734133791 0.287 0.3996569468267582 0.194
0 0.31046312178387653 0.362 0.2641509433962264 0.052
0 0.7512864493996569 0.54 0.13036020583190394 0.168
4 0.17667238421955403 0.74 0.35334476843910806 0.152
0 0.7607204116638079 0.772 0.307032590051458 0.1
1 0.1269296740994854 0.822 0.1269296740994854 0.024
0 0.25900514579759865 0.852 0.3979416809605489 0.036
3 0.5248713550600344 0.856 0.12006861063464837 0.028
0 0.313893653516295 0.91 0.0548885077186964 0.024
0 0.3053173241852487 0.934 0.058319039451114926 0.032
1 0.4322469982847341 0.93 0.15437392795883362 0.04
0 0.30874785591766724 0.96 0.048027444253859346 0.016
0 0.8164665523156089 0.401 0.23999732694649759 0.20986244728531891
0 0.6749571183533448 0.4 0.1088503685720121 0.1100153128787407
4 0.8790737564322469 0.588 0.07860793674913587 0.12784464540552745
6 0.644082332761578 0.615 0.05665193911878827 0.0776921915811265
0 0.6972555746140652 0.664 0.121764444630424 0.09970159426949748
0 0.8130360205831904 0.663 0.10879926535651825 0.08317348201308118
