1 0.79 0.3677536231884058 0.08 0.06521739130434782
0 0.54 0.45108695652173914 0.42 0.15942028985507245
0 0.562 0.5625 0.28 0.1213768115942029
0 0.849 0.5181159420289855 0.114 0.27898550724637683
4 0.576 0.6431159420289855 0.224 0.09782608695652174
0 0.465 0.802536231884058 0.258 0.09782608695652174
0 0.379 0.322463768115942 0.36299458346715663 0.24689997958623824
0 0.662 0.29438405797101447 0.26793937379359434 0.15023518696641502
4 0.224 0.46467391304347827 0.0951798323820027 0.11753560905284517
6 0.219 0.5978260869565217 0.09226274169979695 0.16280691893778593
0 0.727 0.7445652173913043 0.3221471874721949 0.25998935994690253
6 0.288 0.7182971014492754 0.18135287727572189 0.17923454369777175
