0 0.3317013463892289 0.308 0.4112607099143207 0.112
0 0.40758873929008566 0.362 0.044063647490820076 0.032
0 0.12607099143206854 0.57 0.08078335373317014 0.06
0 0.3317013463892289 0.598 0.11015911872705018 0.052
0 0.1854345165238678 0.628 0.11627906976744186 0.076
0 0.9730722154222766 0.63 0.03671970624235006 0.068
0 0.5128518971848225 0.668 0.044063647490820076 0.028
4 0.6364749082007344 0.679 0.03182374541003672 0.162
0 0.2270501835985312 0.766 0.19216646266829865 0.072
4 0.43880048959608325 0.789 0.18482252141982863 0.086
1 0.7123623011015912 0.778 0.10526315789473684 0.24
0 0.4669522643818849 0.666 0.05740028409811109 0.047155417527999365
