0 0.6008820286659317 0.274 0.11245865490628446 0.108
0 0.432194046306505 0.334 0.08599779492833518 0.136
0 0.8098125689084895 0.354 0.09151047409040794 0.064
0 0.2585446527012128 0.399 0.1819184123484013 0.086
4 0.5964718853362734 0.453 0.26681367144432194 0.126
1 0.8092613009922822 0.436 0.06174200661521499 0.056
1 0.2414553472987872 0.51 0.06615214994487321 0.072
1 0.4217199558985667 0.473 0.08269018743109151 0.106
6 0.5832414553472988 0.534 0.05512679162072767 0.06
1 0.7662624035281147 0.518 0.07056229327453142 0.072
0 0.5413450937155457 0.542 0.037486218302094816 0.06
0 0.5088202866593164 0.288 0.08803029124839258 0.1275274587566823
0 0.6918412348401323 0.306 0.10450172392605725 0.1557291721013944
1 0.8252480705622933 0.51 0.08120165992254984 0.10248756575822034
1 0.26113747564433115 0.602 0.22145588616058975 0.14556880576642767
0 0.5567805953693495 0.643 0.22963870101496964 0.1830677139218642
