6 0.09329044117647059 0.14358660130718953 0.030943627450980393 0.0298202614379085
0 0.5036764705882353 0.15543300653594772 0.4417892156862745 0.12459150326797386
0 0.4322916666666667 0.47998366013071897 0.009191176470588236 0.004901960784313725
0 0.6498161764705882 0.49611928104575165 0.02696078431372549 0.01838235294117647
1 0.6997549019607843 0.4963235294117647 0.01838235294117647 0.013071895424836602
0 0.6502757352941176 0.5149101307189542 0.029105392156862746 0.01838235294117647
0 0.6646752450980392 0.5343137254901961 0.04258578431372549 0.01715686274509804
0 0.5646446078431373 0.6170343137254902 0.02696078431372549 0.01838235294117647
0 0.8244485294117647 0.18116830065359477 0.20926636188030315 0.14255138240616785
0 0.20450367647058823 0.18913398692810457 0.11974039957136291 0.11823696662512186
