0 0.18865248226950354 0.08898305084745763 0.3773049645390071 0.11864406779661017
0 0.6624113475177305 0.07838983050847458 0.08226950354609928 0.1059322033898305
0 0.015602836879432624 0.1885593220338983 0.028368794326241134 0.059322033898305086
0 0.1851063829787234 0.17584745762711865 0.3049645390070922 0.1016949152542373
6 0.4397163120567376 0.1885593220338983 0.04539007092198582 0.07203389830508475
0 0.14609929078014183 0.2817796610169492 0.24680851063829787 0.1059322033898305
0 0.13333333333333333 0.3644067796610169 0.2581560283687943 0.08898305084745763
0 0.6191489361702127 0.3294491525423729 0.21134751773049645 0.08686440677966102
4 0.798581560283688 0.3474576271186441 0.028368794326241134 0.046610169491525424
0 0.12695035460992907 0.4639830508474576 0.25390070921985813 0.0847457627118644
3 0.5205673758865248 0.423728813559322 0.12198581560283688 0.06779661016949153
0 0.6865248226950355 0.4322033898305085 0.07943262411347518 0.06779661016949153
4 0.8042553191489362 0.423728813559322 0.028368794326241134 0.0635593220338983
6 0.8546099290780141 0.4057203389830508 0.07234042553191489 0.23516949152542374
3 0.6148936170212767 0.5042372881355932 0.2028368794326241 0.08050847457627118
4 0.7971631205673759 0.5021186440677966 0.03404255319148936 0.07203389830508475
0 0.1652482269503546 0.5572033898305084 0.3304964539007092 0.0847457627118644
1 0.5900709219858156 0.5677966101694916 0.09645390070921986 0.06779661016949153
1 0.48226950354609927 0.6122881355932204 0.04539007092198582 0.0635593220338983
0 0.15106382978723404 0.6483050847457628 0.3021276595744681 0.08898305084745763
4 0.524822695035461 0.663135593220339 0.05106382978723404 0.05508474576271186
0 0.06524822695035461 0.7351694915254238 0.1276595744680851 0.07627118644067797
0 0.2695035460992908 0.9364406779661016 0.5390070921985816 0.1016949152542373
0 0.10283687943262411 0.9682203389830508 0.20567375886524822 0.0635593220338983
0 0.6801418439716312 0.9629237288135594 0.2907801418439716 0.07415254237288135
0 0.524822695035461 0.1027542372881356 0.2024583351659561 0.20120059479920221
0 0.7794326241134751 0.1652542372881356 0.21558262109373255 0.3092372831194731
0 0.673049645390071 0.1673728813559322 0.17156002237175919 0.17347329221172458
0 0.5425531914893617 0.17478813559322035 0.1254367964006691 0.14968699337779537
6 0.43333333333333335 0.4046610169491525 0.05285351561453857 0.20755268385257788
1 0.45177304964539006 0.5476694915254238 0.052522100008870296 0.08657087621210398
1 0.7695035460992907 0.586864406779661 0.07147561158229122 0.11839721197912181
0 0.7489361702127659 0.7097457627118644 0.24488491278170454 0.31993317106676666
0 0.6808510638297872 0.6779661016949152 0.1632928726203062 0.14992642604322898
0 0.46595744680851064 0.701271186440678 0.1568959434590613 0.21173482488715284
0 0.5865248226950355 0.7807203389830508 0.10278973737535389 0.09904515027193288
0 0.22907801418439716 0.9851694915254238 0.06074200856012452 0.0543251396395137
