1 0.4488888888888889 0.654037886340977 0.05333333333333334 0.04187437686939183
0 0.4725925925925926 0.7372881355932204 0.1511111111111111 0.06879361914257229
0 0.5762962962962963 0.2796610169491525 0.45211542872293775 0.15847565813809095
0 0.19703703703703704 0.2706879361914257 0.16280858116639907 0.09662792348143022
4 0.18592592592592594 0.3220338983050847 0.09571238990032085 0.07371500978284058
0 0.5496296296296296 0.42323030907278164 0.41718348530985505 0.132346486052742
3 0.5755555555555556 0.555333998005982 0.4556585686188225 0.15561915234747617
0 0.6614814814814814 0.6166500498504487 0.21321411815550526 0.07919352043626253
0 0.5177777777777778 0.6405782652043869 0.11701816461354746 0.06413096436784413
0 0.5755555555555556 0.6739780658025922 0.09612613844359859 0.04944460723368999
0 0.64 0.7053838484546361 0.26360077135250354 0.10930271143031725
0 0.5755555555555556 0.7637088733798604 0.28108611302518377 0.0957675136904658
