4 0.019345238095238096 0.48500881834215165 0.03869047619047619 0.07760141093474426
4 0.2113095238095238 0.43033509700176364 0.08531746031746032 0.08465608465608465
0 0.5550595238095238 0.4585537918871252 0.11210317460317461 0.1128747795414462
4 0.2371031746031746 0.5537918871252204 0.13690476190476192 0.042328042328042326
4 0.5109126984126984 0.5590828924162258 0.10714285714285714 0.06349206349206349
4 0.6785714285714286 0.5590828924162258 0.18055555555555555 0.07760141093474426
0 0.28918650793650796 0.6834215167548501 0.0625 0.03350970017636684
0 0.560515873015873 0.36596119929453264 0.25969274493934336 0.1893131765440246
0 0.7088293650793651 0.4012345679012346 0.23060858718246646 0.27514697434640517
4 0.3070436507936508 0.41534391534391535 0.1278887779760247 0.12148701036259385
3 0.2931547619047619 0.49029982363315694 0.09636709270140063 0.113081968977902
1 0.22916666666666666 0.4964726631393298 0.0684558427861304 0.09658178236656
