0 0.3881578947368421 0.6486111111111111 0.5230263157894737 0.14166666666666666
0 0.28289473684210525 0.7222222222222222 0.08552631578947369 0.022222222222222223
0 0.5641447368421053 0.7601851851851852 0.039473684210526314 0.014814814814814815
0 0.47039473684210525 0.7722222222222223 0.03618421052631579 0.012962962962962963
1 0.3807565789473684 0.12129629629629629 0.30990129138165223 0.08971886581289332
0 0.38569078947368424 0.19490740740740742 0.2955345923920623 0.10520158691639486
0 0.4975328947368421 0.25046296296296294 0.2550727656558564 0.06900568849492825
4 0.26069078947368424 0.29074074074074074 0.29191658120762926 0.0951725372839059
3 0.42269736842105265 0.2986111111111111 0.2887286216484412 0.0911841121756438
0 0.5320723684210527 0.3138888888888889 0.1544040889585486 0.0504821407829813
0 0.24588815789473684 0.3375 0.1555563533753479 0.07143821483923823
0 0.36430921052631576 0.35 0.2524212762417756 0.0849353248148276
0 0.19983552631578946 0.3907407407407407 0.16048508101500897 0.07204508156891694
0 0.171875 0.44814814814814813 0.11675009313138951 0.029413858931832765
0 0.2532894736842105 0.4689814814814815 0.07565027530487346 0.015429722767292257
0 0.515625 0.7041666666666667 0.13153482990952084 0.03018570960888509
0 0.38898026315789475 0.7166666666666667 0.13085647631358213 0.027252303191287578
0 0.6833881578947368 0.7314814814814815 0.23508309319562484 0.09645016578877812
4 0.5304276315789473 0.7208333333333333 0.09256073631920414 0.020903404809552564
0 0.42023026315789475 0.7333333333333333 0.10925982187968777 0.0216643794416383
1 0.31743421052631576 0.7407407407407407 0.1212399782295083 0.025449595097607816
0 0.4967105263157895 0.7550925925925925 0.12816171497165085 0.030278283227657448
3 0.5139802631578947 0.7643518518518518 0.06412841180990127 0.018560300107276363
