0 0.5027777777777778 0.08866995073891626 0.1259259259259259 0.06239737274220033
0 0.5 0.1510673234811166 0.12222222222222222 0.03940886699507389
1 0.32037037037037036 0.3218390804597701 0.03518518518518519 0.08210180623973727
0 0.4962962962962963 0.367816091954023 0.03518518518518519 0.022988505747126436
6 0.3074074074074074 0.3842364532019704 0.025925925925925925 0.059113300492610835
4 0.30277777777777776 0.4630541871921182 0.024074074074074074 0.10509031198686371
0 0.49537037037037035 0.5155993431855501 0.020370370370370372 0.013136288998357963
4 0.015277777777777777 0.7996715927750411 0.030555555555555555 0.0722495894909688
6 0.018055555555555554 0.8784893267651889 0.03611111111111111 0.13136288998357964
0 0.3337962962962963 0.1781609195402299 0.09626209434792814 0.1742889947338277
4 0.649537037037037 0.2438423645320197 0.04448344514757444 0.08681220948096717
4 0.29444444444444445 0.28407224958949095 0.057777777777777754 0.12794679137814338
6 0.6805555555555556 0.3374384236453202 0.05627104767209622 0.16907777923961526
6 0.274537037037037 0.3866995073891626 0.040926870357817426 0.13291850148455794
0 0.4962962962962963 0.3842364532019704 0.06029951410904823 0.034949354884452506
6 0.27314814814814814 0.5270935960591133 0.03968932726495127 0.1771749179890537
6 0.31203703703703706 0.5697865353037767 0.04193907427456654 0.1345286361958664
4 0.29953703703703705 0.6617405582922824 0.05963548621099009 0.1509752154245641
0 0.33194444444444443 0.7446633825944171 0.053590450080368106 0.09993644208536571
