0 0.625 0.190625 0.03333333333333333 0.00625
4 0.778125 0.23671875 0.0625 0.028125
0 0.6265625 0.259375 0.28020833333333334 0.06875
0 0.634375 0.37109375 0.15625 0.0234375
3 0.5333333333333333 0.39375 0.027083333333333334 0.0109375
0 0.6333333333333333 0.39140625 0.15416666666666667 0.0234375
0 0.5489583333333333 0.43125 0.04583333333333333 0.0109375
3 0.66875 0.4328125 0.06875 0.0109375
0 0.5390625 0.2140625 0.13836220330639956 0.05468278643135147
0 0.6729166666666667 0.21328125 0.13530142034237802 0.049869390663941096
