0 0.5763888888888888 0.2889983579638752 0.09166666666666666 0.07881773399014778
1 0.6574074074074074 0.6141215106732348 0.022222222222222223 0.059113300492610835
4 0.8833333333333333 0.7241379310344828 0.03888888888888889 0.059113300492610835
0 0.8166666666666667 0.7635467980295566 0.02962962962962963 0.04926108374384237
0 0.475462962962963 0.20853858784893267 0.19472204731435702 0.2304118771952419
0 0.6865740740740741 0.25533661740558294 0.2742443742276087 0.3661389529068114
0 0.6652777777777777 0.3399014778325123 0.12102419002242797 0.17067962090606098
4 0.3425925925925926 0.40476190476190477 0.1591226664649 0.35272741762779514
0 0.46620370370370373 0.37766830870279144 0.15261700294074018 0.2654918418585619
0 0.6231481481481481 0.40804597701149425 0.06429580429920255 0.07145725997493581
0 0.5486111111111112 0.42528735632183906 0.10238676737407378 0.08102339058433033
0 0.5972222222222222 0.5755336617405583 0.05900552913209346 0.07221997776560435
0 0.6449074074074074 0.7110016420361248 0.08881820707362403 0.1700420188298637
0 0.43194444444444446 0.7011494252873564 0.05003900070313 0.05472611030763775
1 0.3824074074074074 0.7208538587848933 0.06402310884655117 0.0718360760021782
0 0.5814814814814815 0.7323481116584565 0.07406951431770874 0.09506081885366803
0 0.8481481481481481 0.7422003284072249 0.055449206897619494 0.0784780023781212
0 0.47685185185185186 0.8481116584564861 0.08987981598669806 0.11452002239772299
0 0.8402777777777778 0.8341543513957307 0.049107441448127585 0.05899000262329963
0 0.7916666666666666 0.8587848932676518 0.06608015106111056 0.07875823870172763
0 0.38981481481481484 0.9006568144499179 0.12953028364810618 0.17913815862189922
0 0.7328703703703704 0.8981937602627258 0.08425925925925926 0.09721893429827223
1 0.5425925925925926 0.922824302134647 0.10609222359477229 0.10715131787989145
0 0.6685185185185185 0.9425287356321839 0.08318948648659949 0.10083771813050663
0 0.7333333333333333 0.9523809523809523 0.09281725989548086 0.09418199857143908
0 0.7958333333333333 0.9638752052545156 0.050114328923862986 0.0566482433336909
