0 0.6138328530259366 0.234 0.0845341018251681 0.08
6 0.15369836695485112 0.325 0.27089337175792505 0.134
0 0.33621517771373677 0.328 0.11911623439000961 0.048
4 0.48318924111431316 0.33 0.024975984630163303 0.06
0 0.19740634005763688 0.424 0.17002881844380405 0.056
3 0.6042267050912584 0.392 0.08261287223823247 0.064
4 0.9068203650336215 0.392 0.1844380403458213 0.104
0 0.5273775216138329 0.472 0.07492795389048991 0.056
0 0.9212295869356388 0.474 0.08069164265129683 0.072
0 0.5730067243035543 0.551 0.0893371757925072 0.078
0 0.9317963496637848 0.558 0.08645533141210375 0.088
0 0.5307396733909702 0.266 0.11604784510750168 0.16130958931794567
0 0.7223823246878002 0.314 0.16671367407408935 0.2599309151648976
0 0.45917387127761766 0.375 0.06528366716780007 0.12892677008068132
0 0.8621517771373679 0.577 0.07342888438341859 0.08182409222938827
