3 0.5069444444444444 0.36507936507936506 0.16071428571428573 0.05291005291005291
0 0.5064484126984127 0.4021164021164021 0.15376984126984128 0.0564373897707231
0 0.4965277777777778 0.455026455026455 0.28273809523809523 0.06349206349206349
0 0.4751984126984127 0.48500881834215165 0.22023809523809523 0.05291005291005291
0 0.45287698412698413 0.5185185185185185 0.15376984126984128 0.04938271604938271
0 0.558531746031746 0.5343915343915344 0.03571428571428571 0.02821869488536155
1 0.4836309523809524 0.6305114638447972 0.0744047619047619 0.08994708994708994
0 0.49603174603174605 0.7125220458553791 0.02976190476190476 0.024691358024691357
0 0.6036706349206349 0.4973544973544973 0.04450731284616934 0.037912926110204845
0 0.591765873015873 0.5352733686067019 0.036350660624851656 0.047034003924185094
0 0.4603174603174603 0.5758377425044092 0.05141994557627444 0.05156594606702699
0 0.5109126984126984 0.582010582010582 0.06149853304929756 0.07028936796917057
0 0.39186507936507936 0.6604938271604939 0.07125188369516527 0.09686993826932738
1 0.5912698412698413 0.6693121693121693 0.039605478871789404 0.052891776498650095
1 0.566468253968254 0.6878306878306878 0.033311219011904446 0.044020741258525266
0 0.45089285714285715 0.699294532627866 0.07043650793650794 0.061387715116476504
1 0.5347222222222222 0.7037037037037037 0.045069416371875254 0.042479365146059864
