0 0.18701171875 0.13802083333333334 0.2626953125 0.1484375
0 0.82568359375 0.17122395833333334 0.1103515625 0.05078125
0 0.52783203125 0.22005208333333334 0.0693359375 0.052083333333333336
0 0.236328125 0.29296875 0.15625 0.06510416666666667
0 0.52587890625 0.2897135416666667 0.0732421875 0.037760416666666664
0 0.82568359375 0.275390625 0.1103515625 0.05078125
4 0.1005859375 0.3470052083333333 0.0625 0.2513020833333333
4 0.3427734375 0.443359375 0.275390625 0.07421875
4 0.634765625 0.4088541666666667 0.0546875 0.140625
0 0.81201171875 0.4518229166666667 0.1533203125 0.0703125
4 0.34765625 0.4908854166666667 0.119140625 0.057291666666666664
0 0.8857421875 0.51953125 0.01953125 0.036458333333333336
0 0.337890625 0.546875 0.224609375 0.046875
6 0.59765625 0.5559895833333334 0.099609375 0.078125
0 0.74365234375 0.541015625 0.1298828125 0.08203125
1 0.8662109375 0.5377604166666666 0.029296875 0.049479166666666664
4 0.59423828125 0.6419270833333334 0.0654296875 0.041666666666666664
0 0.8447265625 0.6595052083333334 0.15234375 0.055989583333333336
1 0.84228515625 0.6966145833333334 0.1259765625 0.06510416666666667
0 0.1240234375 0.73046875 0.19921875 0.057291666666666664
0 0.51171875 0.7369791666666666 0.189453125 0.08072916666666667
0 0.7119140625 0.734375 0.099609375 0.06770833333333333
0 0.33349609375 0.78515625 0.2197265625 0.057291666666666664
0 0.68408203125 0.18033854166666666 0.13005326601785594 0.12378537976391592
0 0.712890625 0.2421875 0.07022645332014932 0.0875582446009066
0 0.52783203125 0.2571614583333333 0.147399771616038 0.07400837561229594
0 0.357421875 0.3548177083333333 0.1502884080181961 0.08704371125841555
0 0.7607421875 0.5891927083333334 0.07953073109681519 0.05293821735939982
0 0.4619140625 0.6015625 0.07354533550235298 0.05467671296736398
1 0.81005859375 0.7317708333333334 0.05486327503908117 0.0404568112637597
0 0.87158203125 0.7330729166666666 0.08687199292227432 0.05440248366898389
