0 0.5732217573221757 0.33125 0.03347280334728033 0.01875
4 0.06014644351464435 0.8296875 0.049163179916317995 0.0140625
0 0.7646443514644351 0.934375 0.07112970711297072 0.0328125
0 0.6114016736401674 0.334765625 0.05958044312336525 0.033431390904820016
4 0.5371338912133892 0.35078125 0.07101428839075082 0.059228273584149525
6 0.6621338912133892 0.364453125 0.0703437718271852 0.06636914127822262
0 0.6040794979079498 0.404296875 0.18305199390727897 0.049117936938124454
0 0.6072175732217573 0.426953125 0.14328514728733246 0.0428319120561552
0 0.6077405857740585 0.448046875 0.14434750596716858 0.049117936938124454
0 0.5674686192468619 0.46015625 0.08677764668287247 0.03422066189341866
0 0.6511506276150628 0.476171875 0.0971530004922002 0.038103252117394605
0 0.6134937238493724 0.491015625 0.17886635864978692 0.055391472052902915
0 0.6176778242677824 0.513671875 0.18304705165982652 0.05695857311031638
1 0.06956066945606694 0.838671875 0.024049153708355555 0.01301882858490302
6 0.8158995815899581 0.969921875 0.05534763923171928 0.06949759433781928
6 0.7175732217573222 0.96953125 0.04201455054354867 0.05778109216769103
