1 0.48255813953488375 0.514 0.05813953488372093 0.108
0 0.4720930232558139 0.636 0.04883720930232558 0.092
3 0.5406976744186046 0.745 0.2 0.126
1 0.7686046511627908 0.704 0.10930232558139535 0.096
0 0.4947674418604651 0.831 0.10348837209302325 0.114
1 0.8645348837209302 0.813 0.10813953488372093 0.106
3 0.7988372093023256 0.887 0.2372093023255814 0.13
0 0.5412790697674419 0.931 0.15 0.102
0 0.5697674418604651 0.976 0.053488372093023255 0.028
0 0.8215116279069767 0.976 0.05930232558139535 0.048
0 0.7581395348837209 0.356 0.5369171617819466 0.5159216090559828
0 0.5575581395348838 0.532 0.13267821998434493 0.15164275137995406
0 0.6738372093023256 0.563 0.16117943650051186 0.14970325268314713
0 0.8046511627906977 0.597 0.14608094111459322 0.1537209207436149
0 0.9081395348837209 0.628 0.12469296526840529 0.14367345417197133
0 0.5662790697674419 0.652 0.16258147031372847 0.13168855151016964
0 0.6726744186046512 0.677 0.08833824457744419 0.11356211857969674
3 0.6732558139534883 0.768 0.10399835298100016 0.10750265711582915
0 0.6162790697674418 0.855 0.15791719705220267 0.13369914049292628
0 0.7686046511627908 0.971 0.06701812737528413 0.07342050341312666
