0 0.5385416666666667 0.21796875 0.041666666666666664 0.03125
0 0.0765625 0.3375 0.153125 0.1328125
0 0.49635416666666665 0.34375 0.578125 0.0671875
1 0.803125 0.3515625 0.052083333333333336 0.01875
3 0.31145833333333334 0.37734375 0.20416666666666666 0.028125
6 0.5567708333333333 0.3640625 0.16979166666666667 0.03125
1 0.008854166666666666 0.41875 0.017708333333333333 0.0234375
3 0.4822916666666667 0.2171875 0.0895419765850832 0.0516371207359966
0 0.5 0.3015625 0.0955478869402718 0.03401737695284144
0 0.7916666666666666 0.324609375 0.0779392325415787 0.04134304299148468
0 0.4401041666666667 0.369921875 0.06700854289307437 0.023100404740964288
