0 0.345625 0.07166666666666667 0.03625 0.043333333333333335
0 0.4290625 0.059583333333333335 0.099375 0.050833333333333335
0 0.56 0.06125 0.13125 0.06416666666666666
0 0.400625 0.11 0.0475 0.035
0 0.4990625 0.10791666666666666 0.126875 0.04083333333333333
0 0.924375 0.22416666666666665 0.03625 0.021666666666666667
4 0.926875 0.2608333333333333 0.045 0.03
0 0.0103125 0.30416666666666664 0.020625 0.013333333333333334
0 0.2515625 0.10291666666666667 0.13737437564781302 0.10034507215986177
0 0.6996875 0.09958333333333333 0.1356121821189182 0.10078271409655522
0 0.280625 0.13875 0.15880265094922547 0.09172885465331125
0 0.6315625 0.12916666666666668 0.10812311895710729 0.07159545246285452
0 0.810625 0.16 0.11985339685433928 0.11663009624672394
0 0.11375 0.18041666666666667 0.138830500362222 0.1335050905628171
