0 0.5518518518518518 0.03940886699507389 0.12222222222222222 0.07881773399014778
0 0.5518518518518518 0.1206896551724138 0.22592592592592592 0.09359605911330049
4 0.5763888888888888 0.19704433497536947 0.08796296296296297 0.0722495894909688
0 0.1388888888888889 0.26108374384236455 0.15925925925925927 0.08866995073891626
0 0.5574074074074075 0.2955665024630542 0.08518518518518518 0.08538587848932677
3 0.12222222222222222 0.34811165845648606 0.24444444444444444 0.07881773399014778
0 0.8592592592592593 0.3333333333333333 0.09444444444444444 0.06568144499178982
0 0.12129629629629629 0.41379310344827586 0.2 0.06896551724137931
0 0.8574074074074074 0.39408866995073893 0.07407407407407407 0.052545155993431854
4 0.08055555555555556 0.48111658456486045 0.12222222222222222 0.059113300492610835
6 0.1648148148148148 0.4794745484400657 0.02962962962962963 0.03940886699507389
4 0.20555555555555555 0.4745484400656814 0.022222222222222223 0.042692939244663386
4 0.5430555555555555 0.4573070607553366 0.38055555555555554 0.18226600985221675
4 0.8453703703703703 0.44170771756978655 0.04259259259259259 0.042692939244663386
4 0.9 0.4400656814449918 0.012962962962962963 0.0361247947454844
3 0.8583333333333333 0.5270935960591133 0.06666666666666667 0.0722495894909688
3 0.1375 0.5812807881773399 0.1175925925925926 0.10180623973727422
6 0.6777777777777778 0.5763546798029556 0.15185185185185185 0.13793103448275862
4 0.46805555555555556 0.5853858784893268 0.2653018981838978 0.169437129181229
