0 0.17524339360222532 0.3734375 0.030598052851182198 0.0140625
0 0.8164116828929068 0.36640625 0.12239221140472879 0.034375
3 0.8233657858136301 0.3875 0.061196105702364396 0.01875
0 0.8456189151599444 0.4015625 0.030598052851182198 0.0109375
0 0.16968011126564672 0.43046875 0.0584144645340751 0.0375
6 0.48817802503477054 0.4328125 0.1168289290681502 0.0671875
4 0.700278164116829 0.442578125 0.06258692628650904 0.11953125
0 0.7788595271210014 0.46875 0.03337969401947149 0.01875
0 0.8247566063977747 0.46953125 0.03616133518776078 0.0203125
6 0.31710709318497915 0.68203125 0.04450625869262865 0.0265625
0 0.6981919332406119 0.3328125 0.1745378259914602 0.09370165081093526
0 0.30528511821974963 0.340625 0.16800380137997506 0.08933662344303847
4 0.19541029207232266 0.350390625 0.069601427274773 0.046012476501945974
4 0.12934631432545202 0.375390625 0.13418634637002902 0.08482050315963648
0 0.7892906815020863 0.354296875 0.06486055231254792 0.025489447315892377
3 0.1349095966620306 0.404296875 0.09243360900901669 0.04363791491232618
4 0.347009735744089 0.459375 0.22668870634854163 0.0745100557162397
3 0.11961057023643949 0.44921875 0.08575362204380024 0.04804842975452317
3 0.17454798331015298 0.465625 0.1334412683031977 0.05919930525018735
6 0.8004172461752433 0.49453125 0.06482039385635129 0.049931844292551555
0 0.44367176634214184 0.518359375 0.22264845830147525 0.08835252528769999
3 0.4958275382475661 0.54921875 0.45919920930835295 0.1499094673784443
0 0.6168289290681502 0.601953125 0.21196001819986396 0.07220891842896009
0 0.8435326842837274 0.595703125 0.0783424216653008 0.04591659083980169
6 0.16411682892906815 0.623828125 0.08356590561187978 0.05071533698891155
4 0.43463143254520165 0.64375 0.24911310434633424 0.08535623456413273
0 0.5904033379694019 0.65859375 0.1984100893595166 0.0429932285247089
0 0.5813630041724618 0.68046875 0.2713076512734825 0.04768465462451825
