4 0.496875 0.453125 0.17708333333333334 0.09375
4 0.8848958333333333 0.45234375 0.23020833333333332 0.06875
4 0.6005208333333333 0.662890625 0.334375 0.07578125
1 0.8994791666666667 0.653125 0.20104166666666667 0.0703125
1 0.9010416666666666 0.74453125 0.19791666666666666 0.078125
4 0.7557291666666667 0.905859375 0.48854166666666665 0.07734375
4 0.6583333333333333 0.980859375 0.2625 0.03828125
0 0.890625 0.9796875 0.12708333333333333 0.040625
1 0.9916666666666667 0.97421875 0.014583333333333334 0.034375
0 0.5348958333333333 0.500390625 0.171875 0.04680423457640863
0 0.39739583333333334 0.501171875 0.11978839320124995 0.04754788533592791
