4 0.7708553326293559 0.066 0.08447729672650475 0.132
0 0.5073917634635692 0.162 0.09609292502639916 0.056
3 0.5073917634635692 0.317 0.5121436114044351 0.342
3 0.14889123548046462 0.72 0.2006335797254488 0.064
0 0.5068637803590285 0.694 0.36536430834213307 0.088
6 0.8511087645195353 0.722 0.13938753959873285 0.06
0 0.7497360084477297 0.852 0.04012671594508976 0.028
1 0.5279831045406547 0.942 0.03590285110876452 0.04
0 0.38965153115100315 0.189 0.14482044092320515 0.11499985652591857
0 0.6700105596620908 0.234 0.22894720043338787 0.22792927204342528
0 0.2787750791974657 0.267 0.09600196154917824 0.13875024720085175
