6 0.8497913769123783 0.08125 0.061196105702364396 0.0359375
1 0.5695410292072323 0.10859375 0.4575799721835883 0.05625
0 0.5445062586926287 0.139453125 0.1404728789986092 0.02109375
1 0.7524339360222532 0.2953125 0.09735744089012517 0.01875
0 0.7239221140472879 0.31796875 0.05702364394993046 0.0125
1 0.24339360222531292 0.44453125 0.03894297635605007 0.015625
4 0.3623087621696801 0.53671875 0.2851182197496523 0.3546875
0 0.5180806675938804 0.76953125 0.23504867872044508 0.0671875
0 0.9568845618915159 0.85625 0.05285118219749652 0.0390625
0 0.7051460361613352 0.061328125 0.16686352347424355 0.06788651156889972
0 0.26842837273991654 0.09140625 0.11898001614268086 0.06089293253052071
0 0.3998609179415855 0.12734375 0.12656467315716272 0.03428169531295415
0 0.8574408901251739 0.297265625 0.11532166038020075 0.0286798841457526
0 0.6460361613351877 0.2984375 0.10939953347023393 0.026972148335675693
0 0.4631432545201669 0.3359375 0.2805272171976029 0.10478863721152942
4 0.29346314325452016 0.40546875 0.15649037992634968 0.09632933766665097
4 0.20792767732962447 0.498046875 0.10912433366743916 0.11169676025811928
0 0.7712100139082059 0.58046875 0.5721761952418023 0.30277677327425856
0 0.9568845618915159 0.588671875 0.14174115187737538 0.08126843753774474
0 0.8650904033379694 0.6296875 0.13407766898003456 0.06941717111592141
3 0.6995827538247567 0.835546875 0.18902464673347444 0.0741363384883595
0 0.8504867872044506 0.85390625 0.17003760896958103 0.05923544975779471
