3 0.59375 0.4864583333333333 0.06875 0.027083333333333334
0 0.58828125 0.5723958333333333 0.065625 0.028125
0 0.986328125 0.571875 0.02734375 0.0375
0 0.63984375 0.5927083333333333 0.021875 0.016666666666666666
0 0.1390625 0.6635416666666667 0.14375 0.06666666666666667
0 0.39453125 0.6864583333333333 0.0953125 0.052083333333333336
0 0.136328125 0.7479166666666667 0.09453125 0.041666666666666664
0 0.796875 0.825 0.034375 0.03333333333333333
0 0.180078125 0.3921875 0.3101438969390782 0.15306071530794796
0 0.76640625 0.5041666666666667 0.049931844292551555 0.03929883319605227
1 0.7453125 0.5192708333333333 0.04197412489703929 0.036116914468497484
1 0.783203125 0.5291666666666667 0.04910139634465267 0.03717927061281567
6 0.900390625 0.5546875 0.14605286744047669 0.10928773657092919
3 0.585546875 0.5572916666666666 0.06170112250172473 0.028846153846153775
0 0.635546875 0.5817708333333333 0.03279154420702248 0.024018732314281265
0 0.576953125 0.5864583333333333 0.038220564611534155 0.024560113295833002
3 0.613671875 0.7036458333333333 0.04732633497187475 0.036769293422816436
0 0.410546875 0.7546875 0.11171875 0.09668444522153857
3 0.120703125 0.8369791666666667 0.03982804608384556 0.021635246296629163
