0 0.030063291139240507 0.15071283095723015 0.060126582278481014 0.06517311608961303
0 0.2563291139240506 0.2668024439918534 0.10443037974683544 0.07331975560081466
6 0.015031645569620253 0.3095723014256619 0.030063291139240507 0.12627291242362526
0 0.7183544303797469 0.4378818737270876 0.06962025316455696 0.05295315682281059
6 0.3829113924050633 0.7006109979633401 0.06962025316455696 0.048879837067209775
0 0.5055379746835443 0.6771894093686355 0.17246835443037975 0.07535641547861507
0 0.4849683544303797 0.7260692464358453 0.11234177215189874 0.054989816700611
6 0.15110759493670886 0.1924643584521385 0.21677141983446546 0.22591892253800394
1 0.47943037974683544 0.40224032586558045 0.5249412326367746 0.5151913712239643
4 0.08544303797468354 0.3604887983706721 0.134324771457996 0.2565609499779541
3 0.8393987341772152 0.45417515274949083 0.4066044392472836 0.33327905372728445
4 0.20806962025316456 0.3910386965376782 0.1018824733605004 0.15466333393475967
4 0.15268987341772153 0.37983706720977595 0.07671766250857028 0.11186406313382612
4 0.07278481012658228 0.45824847250509165 0.14722094319710616 0.24841017880161667
0 0.21677215189873417 0.4714867617107943 0.10364767998711955 0.12812574775535207
4 0.1843354430379747 0.5142566191446029 0.13447310569959117 0.1852190651796575
0 0.30063291139240506 0.4989816700610998 0.11047603639378477 0.1260826180306536
0 0.17958860759493672 0.5977596741344195 0.1467124815731455 0.16889984359564375
0 0.28164556962025317 0.6069246435845214 0.14546246153572345 0.14644418792262492
0 0.4596518987341772 0.630346232179226 0.06797940060767624 0.042301092555527484
0 0.7397151898734177 0.6639511201629328 0.1417100278459777 0.10647980292867903
0 0.6542721518987342 0.6608961303462322 0.14037010563851424 0.07465419913890983
0 0.2824367088607595 0.6710794297352343 0.12183544303797468 0.10767542886743187
0 0.6147151898734177 0.714867617107943 0.15070038083404955 0.07813343338385954
4 0.41218354430379744 0.7942973523421588 0.1381354206048655 0.24019496213320568
4 0.4786392405063291 0.8930753564154786 0.08794240740878807 0.11995105890527667
