4 0.2390625 0.2396359959555106 0.255625 0.19413549039433772
1 0.7234375 0.3493427704752275 0.2675 0.21638018200202225
0 0.231875 0.5755813953488372 0.225 0.12285136501516683
0 0.1859375 0.7917087967644085 0.01 0.010111223458038422
0 0.19984375 0.7904448938321537 0.0084375 0.009605662285136502
0 0.26078125 0.7891809908998989 0.0184375 0.01314459049544995
3 0.1921875 0.801314459049545 0.016875 0.012133468149646108
0 0.24875 0.8068756319514662 0.015625 0.007077856420626896
0 0.24796875 0.8169868554095046 0.0159375 0.007077856420626896
0 0.21203125 0.8384732052578362 0.0259375 0.021739130434782608
0 0.44921875 0.8276036400404448 0.0315625 0.04853387259858443
3 0.213125 0.8579373104145601 0.0275 0.024266936299292215
0 0.27140625 0.8586956521739131 0.0140625 0.009605662285136502
0 0.1359375 0.8920626895854399 0.01 0.008594539939332659
4 0.73390625 0.5872093023255814 0.2852920393148474 0.30761646030766343
0 0.2821875 0.7353387259858443 0.02499902727926127 0.015546509121787072
6 0.15640625 0.7403943377148635 0.017786141428263208 0.011001769267193382
6 0.31828125 0.7449443882709808 0.0134329036734691 0.010500422873995838
0 0.25484375 0.7778058645096056 0.01527674875812096 0.012442589522394135
0 0.2690625 0.7808392315470172 0.01183338153482687 0.014516636381972304
6 0.38796875 0.8319009100101112 0.03350560328527436 0.041872957468902045
