0 0.4309210526315789 0.4324074074074074 0.049342105263157895 0.014814814814814815
3 0.3034539473684211 0.48703703703703705 0.5180921052631579 0.09444444444444444
0 0.8125 0.5101851851851852 0.09539473684210527 0.018518518518518517
0 0.4901315789473684 0.600925925925926 0.10526315789473684 0.024074074074074074
0 0.45148026315789475 0.40925925925925927 0.24792070345642778 0.08693693543888083
1 0.48273026315789475 0.43472222222222223 0.08055186667548442 0.03410009038679063
0 0.6291118421052632 0.5046296296296297 0.17538446522067525 0.05350907796053337
0 0.3988486842105263 0.6060185185185185 0.09875348809108613 0.035680586059904346
0 0.571546052631579 0.6055555555555555 0.08985529367944149 0.03493229617426879
0 0.3248355263157895 0.6157407407407407 0.09810839728577757 0.044381746512027996
3 0.43585526315789475 0.8550925925925926 0.16259859112779665 0.06542301319397446
