4 0.2375 0.10390625 0.26666666666666666 0.0421875
0 0.20208333333333334 0.178125 0.05 0.025
0 0.4630208333333333 0.170703125 0.18854166666666666 0.04921875
3 0.4427083333333333 0.20390625 0.15 0.028125
3 0.44375 0.24140625 0.19166666666666668 0.0234375
0 0.45416666666666666 0.259375 0.17708333333333334 0.0140625
0 0.4666666666666667 0.27265625 0.15208333333333332 0.0125
0 0.446875 0.284375 0.125 0.0109375
0 0.3177083333333333 0.165234375 0.08482063909071051 0.04935337103945603
1 0.153125 0.163671875 0.0729044952821847 0.04287408152553316
0 0.25625 0.179296875 0.06805020955974103 0.026488980701641296
