1 0.891358024691358 0.21481481481481482 0.04691358024691358 0.03518518518518519
0 0.508641975308642 0.31666666666666665 0.11358024691358025 0.02962962962962963
3 0.5 0.3861111111111111 0.09876543209876543 0.018518518518518517
0 0.5740740740740741 0.5083333333333333 0.11851851851851852 0.014814814814814815
0 0.5518518518518518 0.7055555555555556 0.36790123456790125 0.05555555555555555
0 0.29259259259259257 0.7324074074074074 0.07407407407407407 0.06296296296296296
0 0.5493827160493827 0.7546296296296297 0.36049382716049383 0.05555555555555555
0 0.3925925925925926 0.3425925925925926 0.13572874691393916 0.08518021544800852
0 0.6117283950617284 0.34675925925925927 0.11435946046929629 0.07495126611490348
0 0.5401234567901234 0.45925925925925926 0.3644509736993846 0.21354820475278471
6 0.6339506172839506 0.5407407407407407 0.09886935531161196 0.07716565257118191
0 0.43765432098765433 0.5800925925925926 0.15183003322593766 0.06196385739873449
0 0.5530864197530864 0.5810185185185185 0.10317390141396493 0.04492997382722129
