1 0.345703125 0.18098958333333334 0.044921875 0.057291666666666664
6 0.4775390625 0.5234375 0.595703125 0.2708333333333333
0 0.44921875 0.7630208333333334 0.06640625 0.041666666666666664
0 0.69921875 0.8255208333333334 0.248046875 0.11197916666666667
4 0.986328125 0.92578125 0.02734375 0.033854166666666664
4 0.9853515625 0.9596354166666666 0.02734375 0.026041666666666668
0 0.51123046875 0.15169270833333334 0.3251887147869521 0.25384713875455356
4 0.30078125 0.275390625 0.08531339421198736 0.18615258992925673
4 0.64208984375 0.3033854166666667 0.05304847382901379 0.1271453622556996
0 0.478515625 0.6790364583333334 0.13323984528300964 0.07313250815654038
0 0.5576171875 0.7252604166666666 0.152780713915375 0.16776803344063662
0 0.36181640625 0.7161458333333334 0.12357804948111628 0.13796702231803395
