4 0.48072916666666665 0.37265625 0.16145833333333334 0.04375
4 0.33645833333333336 0.589453125 0.11875 0.02890625
4 0.3489583333333333 0.61796875 0.10625 0.0234375
4 0.340625 0.6546875 0.13125 0.025
4 0.325 0.696875 0.06666666666666667 0.021875
4 0.34375 0.73203125 0.12083333333333333 0.0234375
6 0.91875 0.76953125 0.029166666666666667 0.0953125
0 0.41875 0.17734375 0.17021829999280852 0.08540954747681555
0 0.5369791666666667 0.179296875 0.1177077206933447 0.07258561156145096
6 0.8911458333333333 0.762890625 0.026675238267724666 0.056950477199074534
