3 0.5411089866156787 0.208 0.07648183556405354 0.028
0 0.5516252390057361 0.256 0.2390057361376673 0.084
0 0.5889101338432122 0.296 0.07265774378585087 0.036
4 0.3298279158699809 0.488 0.09369024856596558 0.04
4 0.21414913957934992 0.57 0.05736137667304015 0.04
4 0.32695984703632885 0.552 0.11089866156787763 0.096
0 0.5525812619502868 0.572 0.23709369024856597 0.028
0 0.635755258126195 0.217 0.12810611126182475 0.06961366894208441
0 0.45506692160611856 0.223 0.11086070508764806 0.06233361066981604
0 0.4904397705544933 0.304 0.11648627667832447 0.06843760156980182
0 0.20363288718929254 0.507 0.07450313669482624 0.04153967288952794
