4 0.47650338510553564 0.24673629242819844 0.49183592194344883 0.25674499564838993
1 0.468936678614098 0.3124456048738033 0.13102349661489446 0.06875543951261967
0 0.28594185583432896 0.412532637075718 0.01592990840302668 0.01392515230635335
0 0.2712066905615293 0.4308093994778068 0.04221425726802071 0.012184508268059183
0 0.6612903225806451 0.5167536988685814 0.04659498207885305 0.01784160139251523
3 0.666268418956591 0.5374238468233247 0.01752289924332935 0.008703220191470844
0 0.672242134607726 0.5456919060052219 0.010354440461967344 0.006092254134029591
6 0.6754281162883313 0.5522193211488251 0.008761449621664676 0.006962576153176675
0 0.6668657905217045 0.5585291557876414 0.022700119474313024 0.008268059181897302
0 0.6670649143767423 0.5652741514360313 0.023894862604540025 0.006962576153176675
0 0.09458383114297093 0.6309834638816362 0.08482676224611709 0.016536118363794605
0 0.9028275587415372 0.6327241079199304 0.019115890083632018 0.006092254134029591
0 0.26264436479490244 0.4155787641427328 0.04479163725952578 0.029509630507442052
0 0.24970131421744324 0.489556135770235 0.03084009105660643 0.022091721232979936
6 0.89705296694544 0.6137946040034813 0.05374144842423206 0.02473386965632869
0 0.16348068498606133 0.6333768494342907 0.05692993623153681 0.023857635958171836
