3 0.27041742286751363 0.438 0.29038112522686027 0.088
6 0.8030852994555354 0.373 0.3393829401088929 0.202
1 0.7994555353901996 0.529 0.33575317604355714 0.194
6 0.2658802177858439 0.632 0.49183303085299457 0.364
0 0.79491833030853 0.653 0.3194192377495463 0.114
0 0.24954627949183303 0.833 0.2849364791288566 0.134
1 0.8039927404718693 0.776 0.33756805807622503 0.192
0 0.3121597096188748 0.954 0.05807622504537205 0.012
0 0.382032667876588 0.942 0.16152450090744103 0.04
4 0.8030852994555354 0.917 0.3466424682395644 0.166
0 0.3702359346642468 0.972 0.09437386569872959 0.016
