0 0.4802469135802469 0.5351851851851852 0.6962962962962963 0.17222222222222222
0 0.49135802469135803 0.6324074074074074 0.05925925925925926 0.027777777777777776
0 0.4901234567901235 0.6601851851851852 0.21728395061728395 0.03333333333333333
0 0.5098765432098765 0.7194444444444444 0.07901234567901234 0.037037037037037035
0 0.4302469135802469 0.3907407407407407 0.14781077523452235 0.058455499642106244
0 0.5407407407407407 0.3907407407407407 0.10605799207556169 0.05355985685696975
0 0.6314814814814815 0.42824074074074076 0.1290433572424453 0.08976849490457034
0 0.32222222222222224 0.43425925925925923 0.11911574506503336 0.0934669184351844
4 0.6567901234567901 0.6541666666666667 0.13399634086262258 0.11153791916035706
4 0.30925925925925923 0.6606481481481481 0.12944947974318302 0.10829315933589045
0 0.5777777777777777 0.7041666666666667 0.10980774309876437 0.065642150160892
0 0.412962962962963 0.711574074074074 0.141961335033635 0.06933677497824638
