0 0.31746031746031744 0.037698412698412696 0.03880070546737213 0.017857142857142856
4 0.4567901234567901 0.047619047619047616 0.08818342151675485 0.047619047619047616
1 0.5326278659611993 0.03571428571428571 0.09876543209876543 0.07142857142857142
3 0.7178130511463845 0.026785714285714284 0.15520282186948853 0.04365079365079365
4 0.19929453262786595 0.18353174603174602 0.06701940035273368 0.025793650793650792
6 0.7724867724867724 0.2113095238095238 0.04938271604938271 0.025793650793650792
4 0.599647266313933 0.5823412698412699 0.04585537918871252 0.01984126984126984
3 0.5335097001763669 0.45783730158730157 0.10613755492066865 0.03166905742775335
4 0.46119929453262787 0.4895833333333333 0.09086669196288147 0.06638984721292981
4 0.4585537918871252 0.5446428571428571 0.09836502438926235 0.07730118645762829
6 0.6798941798941799 0.5565476190476191 0.16534615188239904 0.10278905908123824
