0 0.7277070063694268 0.072 0.5445859872611465 0.144
6 0.9235668789808917 0.226 0.10191082802547771 0.108
3 0.2786624203821656 0.414 0.14012738853503184 0.136
0 0.5875796178343949 0.416 0.3089171974522293 0.096
3 0.28662420382165604 0.594 0.14331210191082802 0.136
0 0.589171974522293 0.592 0.3057324840764331 0.096
3 0.28821656050955413 0.768 0.14012738853503184 0.132
0 0.5907643312101911 0.762 0.3089171974522293 0.1
3 0.29378980891719747 0.937 0.1449044585987261 0.126
0 0.5947452229299363 0.932 0.3105095541401274 0.104
