0 0.20032840722495895 0.16527777777777777 0.5715513921703794 0.28794679240732185
0 0.5985221674876847 0.21944444444444444 0.0725451455501135 0.029457632886265347
0 0.7019704433497537 0.22592592592592592 0.1001495800452967 0.03868621060905521
0 0.5385878489326765 0.23842592592592593 0.1127256248764414 0.06337456260516582
6 0.674055829228243 0.25555555555555554 0.10529306278780319 0.021703983681672305
0 0.5788177339901478 0.26342592592592595 0.10833033922001423 0.028531323124890925
0 0.6477832512315271 0.27175925925925926 0.20078313248288363 0.037319438802764865
4 0.6502463054187192 0.41759259259259257 0.15734603218055637 0.10676613986808779
3 0.680623973727422 0.45601851851851855 0.09897689274560939 0.038631300368027
0 0.8719211822660099 0.5518518518518518 0.23061038769178874 0.1118781732636539
