0 0.4875 0.5307262569832403 0.4275 0.12290502793296089
0 0.490625 0.6517690875232774 0.51125 0.1340782122905028
0 0.609375 0.750465549348231 0.25875 0.09683426443202979
1 0.47 0.851024208566108 0.0625 0.074487895716946
4 0.6925 0.8342644320297952 0.1625 0.1154562383612663
0 0.43625 0.2569832402234637 0.14412081691846068 0.1148774634570209
0 0.628125 0.30353817504655495 0.3060686071759548 0.31277492149240027
0 0.28875 0.3426443202979516 0.2018465686296848 0.2627499736451851
0 0.528125 0.8426443202979516 0.07782488354149251 0.09207816112730795
0 0.2625 0.8733705772811918 0.18464238345442627 0.10747468671050464
