0 0.348828125 0.321875 0.11328125 0.0625
1 0.44140625 0.7572916666666667 0.046875 0.020833333333333332
0 0.59765625 0.7895833333333333 0.1328125 0.08333333333333333
0 0.5984375 0.853125 0.1171875 0.0875
0 0.591796875 0.9057291666666667 0.13046875 0.042708333333333334
0 0.445703125 0.34427083333333336 0.10075363580157734 0.10095604922070259
0 0.2734375 0.3458333333333333 0.06607416348212922 0.075437837246857
4 0.226953125 0.42135416666666664 0.08874469471973531 0.15514118452118772
4 0.4953125 0.39375 0.04646339340487184 0.07486709500742338
6 0.52265625 0.46510416666666665 0.04132285590738558 0.11343902956772318
0 0.439453125 0.7213541666666666 0.18821692816567612 0.157223119412532
6 0.436328125 0.7796875 0.06639111902897188 0.027779458567721824
