1 0.20212765957446807 0.3465783664459161 0.024822695035460994 0.052980132450331126
1 0.44148936170212766 0.3686534216335541 0.09219858156028368 0.09713024282560706
0 0.5851063829787234 0.37527593818984545 0.07092198581560284 0.052980132450331126
6 0.6790780141843972 0.5375275938189845 0.1773049645390071 0.09050772626931568
0 0.09929078014184398 0.6203090507726269 0.05319148936170213 0.03532008830022075
4 0.5363475177304965 0.6236203090507726 0.3351063829787234 0.10816777041942605
6 0.8918439716312057 0.6799116997792495 0.06382978723404255 0.03090507726269316
4 0.19592198581560283 0.6997792494481236 0.38475177304964536 0.18984547461368653
3 0.5762411347517731 0.7196467991169978 0.32269503546099293 0.10596026490066225
0 0.18262411347517732 0.8123620309050773 0.20567375886524822 0.08388520971302428
3 0.5531914893617021 0.8057395143487859 0.1950354609929078 0.07947019867549669
0 0.0549645390070922 0.8653421633554084 0.04964539007092199 0.03090507726269316
4 0.10638297872340426 0.8830022075055187 0.05673758865248227 0.0706401766004415
0 0.20567375886524822 0.8852097130242825 0.06382978723404255 0.06622516556291391
6 0.2916666666666667 0.890728476821192 0.14716312056737588 0.09050772626931568
0 0.5443262411347518 0.8741721854304636 0.13120567375886524 0.0706401766004415
1 0.44858156028368795 0.9315673289183223 0.0673758865248227 0.052980132450331126
4 0.7092198581560284 0.9293598233995585 0.03900709219858156 0.04415011037527594
4 0.5797872340425532 0.9580573951434879 0.08865248226950355 0.052980132450331126
0 0.625886524822695 0.11258278145695365 0.2663829636879884 0.16294819419082585
0 0.6320921985815603 0.18543046357615894 0.2898675201670896 0.19980703008735842
4 0.44592198581560283 0.17880794701986755 0.1278749560236096 0.10368356093582418
4 0.4432624113475177 0.25055187637969095 0.14133671411975357 0.13660246320108813
0 0.6462765957446809 0.293598233995585 0.21934168361342943 0.18695329187884735
1 0.26773049645390073 0.32229580573951433 0.13454812668338484 0.10768783893563652
0 0.28634751773049644 0.3830022075055188 0.22619668308000965 0.14607033737363437
0 0.14184397163120568 0.36534216335540837 0.12453899205678268 0.1011869181490767
0 0.5815602836879432 0.45695364238410596 0.4179430617223417 0.2603150222411621
1 0.11702127659574468 0.4315673289183223 0.19443725227264047 0.13574395440772213
4 0.22695035460992907 0.48123620309050774 0.09868486625017403 0.08338893901105472
3 0.22429078014184398 0.5441501103752759 0.08872716446698645 0.07179206496416239
0 0.5469858156028369 0.5540838852097131 0.13064411626418387 0.08119422772671077
0 0.09485815602836879 0.5684326710816777 0.10645766092088718 0.07531234389965231
1 0.4299645390070922 0.5662251655629139 0.10400401518634426 0.07076363214900097
0 0.8874113475177305 0.6479028697571744 0.05842354965272233 0.03219701540443525
0 0.9654255319148937 0.6843267108167771 0.08327859045314143 0.043594513360359986
4 0.6560283687943262 0.9481236203090507 0.09159266766861382 0.08166377280739603
