6 0.17972350230414746 0.17806841046277666 0.055299539170506916 0.04426559356136821
4 0.49923195084485406 0.4919517102615694 0.11981566820276497 0.07847082494969819
6 0.2019969278033794 0.5256539235412475 0.17665130568356374 0.06740442655935613
4 0.5 0.5543259557344065 0.10599078341013825 0.04225352112676056
1 0.20276497695852536 0.6106639839034205 0.18125960061443933 0.08450704225352113
4 0.16129032258064516 0.6911468812877264 0.08602150537634409 0.04426559356136821
4 0.36482334869431643 0.11066398390342053 0.411668368031582 0.21159321441165965
0 0.45161290322580644 0.13329979879275655 0.1957495260560241 0.08826042549548149
4 0.3655913978494624 0.45774647887323944 0.1531704916512562 0.06624172611175536
4 0.5030721966205837 0.6096579476861167 0.11057258053972262 0.056935994147969106
