0 0.3111111111111111 0.06568144499178982 0.05740740740740741 0.06239737274220033
0 0.5 0.0665024630541872 0.1388888888888889 0.1330049261083744
1 0.8425925925925926 0.11001642036124795 0.08703703703703704 0.09852216748768473
0 0.17731481481481481 0.2044334975369458 0.20833333333333334 0.1921182266009852
6 0.42407407407407405 0.1839080459770115 0.09259259259259259 0.17077175697865354
6 0.8574074074074074 0.21510673234811165 0.0962962962962963 0.12151067323481117
6 0.16527777777777777 0.30952380952380953 0.13240740740740742 0.14942528735632185
0 0.44166666666666665 0.3497536945812808 0.03518518518518519 0.042692939244663386
0 0.5013888888888889 0.2742200328407225 0.1398148148148148 0.1412151067323481
0 0.5226851851851851 0.35467980295566504 0.13240740740740742 0.052545155993431854
0 0.8356481481481481 0.3160919540229885 0.11203703703703703 0.1297208538587849
0 0.17962962962962964 0.3957307060755337 0.15555555555555556 0.04926108374384237
0 0.5722222222222222 0.3924466338259442 0.0962962962962963 0.042692939244663386
0 0.8268518518518518 0.39655172413793105 0.12777777777777777 0.05090311986863711
0 0.9902777777777778 0.39080459770114945 0.019444444444444445 0.029556650246305417
0 0.2740740740740741 0.4293924466338259 0.08888888888888889 0.05090311986863711
6 0.8638888888888889 0.43349753694581283 0.03518518518518519 0.03940886699507389
0 0.5898148148148148 0.5041050903119869 0.04259259259259259 0.042692939244663386
0 0.5 0.8357963875205254 0.03518518518518519 0.03284072249589491
0 0.18611111111111112 0.8866995073891626 0.02962962962962963 0.022988505747126436
0 0.274537037037037 0.013957307060755337 0.06753782131414698 0.04714927218972256
0 0.32546296296296295 0.029556650246305417 0.05090825379674068 0.04882328805387887
0 0.3226851851851852 0.05582922824302135 0.0342232975475758 0.03577808601313601
4 0.13935185185185187 0.09523809523809523 0.09719815333729932 0.14325044766167452
0 0.549537037037037 0.17159277504105092 0.21147505362224592 0.2445378763298309
0 0.7662037037037037 0.22413793103448276 0.12198067000353721 0.18298303101482508
6 0.9171296296296296 0.40229885057471265 0.03053192800131965 0.02566086525847864
0 0.9875 0.409688013136289 0.030496809858721007 0.0341048217483809
0 0.5986111111111111 0.5344827586206896 0.05572221633335104 0.056170525904149116
6 0.5921296296296297 0.7594417077175698 0.0576221321410304 0.10933234106762607
0 0.7351851851851852 0.7816091954022989 0.0701566145239305 0.10165281683588
0 0.29259259259259257 0.812807881773399 0.06668335035369342 0.11685641899718534
0 0.8467592592592592 0.7980295566502463 0.033589747853774186 0.05528772167691242
0 0.4527777777777778 0.8136288998357963 0.07584639203560278 0.09670931021755476
0 0.5462962962962963 0.8177339901477833 0.07211433708717184 0.07826980798942532
0 0.7898148148148149 0.8201970443349754 0.062918563087967 0.05715407959120236
0 0.8277777777777777 0.8185550082101807 0.030953677502639124 0.04272318897972743
0 0.7 0.8464696223316913 0.08703667837113029 0.08350923212003888
0 0.41203703703703703 0.8481116584564861 0.05370267670386955 0.0768951100701129
0 0.1537037037037037 0.8645320197044335 0.046227380203185245 0.06378669259534206
0 0.2337962962962963 0.8727422003284072 0.07498161922299994 0.06734363734351553
