0 0.4924698795180723 0.8253807106598985 0.06927710843373494 0.026395939086294416
1 0.12198795180722892 0.8700507614213198 0.03614457831325301 0.016243654822335026
0 0.07078313253012049 0.9025380710659898 0.04819277108433735 0.02030456852791878
0 0.07078313253012049 0.9370558375634518 0.04819277108433735 0.02030456852791878
0 0.12650602409638553 0.9319796954314721 0.0391566265060241 0.018274111675126905
6 0.1280120481927711 0.949238578680203 0.04216867469879518 0.016243654822335026
0 0.07228915662650602 0.9563451776649746 0.045180722891566265 0.018274111675126905
6 0.07530120481927711 0.9736040609137055 0.0391566265060241 0.016243654822335026
1 0.12650602409638553 0.9827411167512691 0.045180722891566265 0.018274111675126905
0 0.07379518072289157 0.9908629441624366 0.04819277108433735 0.018274111675126905
0 0.4796686746987952 0.26903553299492383 0.4170714049325066 0.125807544212034
1 0.48569277108433734 0.43604060913705583 0.5157878697626969 0.2762015480269393
0 0.46686746987951805 0.6096446700507614 0.3288232065608029 0.10969933725436008
0 0.5579819277108434 0.7182741116751269 0.23752735231313762 0.1319689102899055
0 0.3998493975903614 0.7426395939086294 0.18880958102697304 0.10828745654858667
6 0.07153614457831325 0.9208121827411168 0.05440282415327125 0.024958141082096135
