0 0.4190012180267966 0.226 0.06090133982947625 0.04
0 0.52557856272838 0.24 0.07186358099878197 0.036
1 0.6041412911084044 0.246 0.03654080389768575 0.024
0 0.6552984165651644 0.246 0.04628501827040195 0.032
0 0.8526187576126675 0.22 0.06333739342265529 0.048
0 0.4159561510353228 0.277 0.08160779537149818 0.042
1 0.5006090133982948 0.284 0.0535931790499391 0.028
4 0.6881851400730816 0.286 0.09744214372716199 0.04
0 0.1705237515225335 0.41 0.05115712545676005 0.024
0 0.8623629719853837 0.478 0.05115712545676005 0.04
3 0.8733252131546894 0.538 0.0535931790499391 0.032
0 0.9104750304506699 0.243 0.06688195392975553 0.0533365604500259
