6 0.506 0.33861386138613864 0.288 0.08712871287128712
6 0.496 0.38811881188118813 0.148 0.027722772277227723
0 0.486 0.4198019801980198 0.196 0.055445544554455446
6 0.49 0.4792079207920792 0.092 0.015841584158415842
0 0.224 0.8396039603960396 0.068 0.027722772277227723
4 0.214 0.8732673267326733 0.072 0.039603960396039604
1 0.214 0.906930693069307 0.064 0.03564356435643564
0 0.435 0.24653465346534653 0.22914172029062313 0.10238681839105677
0 0.617 0.2712871287128713 0.14574630439850808 0.11861325154436982
6 0.369 0.3891089108910891 0.06394635316997734 0.06491384539902002
0 0.625 0.40594059405940597 0.061922322702763724 0.04656167527829369
