6 0.6453407510431154 0.2984375 0.04172461752433936 0.0140625
1 0.502086230876217 0.45390625 0.04450625869262865 0.015625
1 0.8929068150208623 0.7375 0.019471488178025034 0.0203125
0 0.6655076495132128 0.2734375 0.24881872491677728 0.0780772166771376
0 0.5751043115438108 0.284765625 0.09873283445123654 0.03192301060321334
0 0.6696801112656467 0.288671875 0.06536788088409352 0.0209819948295082
0 0.6126564673157163 0.325390625 0.2655884382435212 0.08510682430769637
0 0.7058414464534075 0.309765625 0.09596596204622121 0.03192301060321334
6 0.037552155771905425 0.36171875 0.10829695394799987 0.04676254029362905
0 0.5299026425591099 0.42265625 0.28074152376070766 0.0968378534873231
0 0.42698191933240615 0.436328125 0.11955825854930849 0.04287408152553311
0 0.5236439499304589 0.438671875 0.112590114713675 0.035067251058697305
0 0.4659248956884562 0.4875 0.29192796862550163 0.10152208341066338
0 0.46801112656467314 0.466015625 0.068137886830913 0.025610540567582163
0 0.5702364394993046 0.46796875 0.10846395622504322 0.040518014205888166
1 0.9019471488178025 0.53828125 0.09311619209159647 0.03270960792894577
0 0.34005563282336576 0.6 0.312626340437384 0.11715805215161304
0 0.29694019471488176 0.638671875 0.28198575814943533 0.08669763502778416
4 0.28720445062586925 0.611328125 0.059788898389438544 0.025610540567582163
3 0.34492350486787204 0.625 0.09175903601803313 0.03270960792894577
0 0.2566063977746871 0.6828125 0.3349339212709954 0.12809212982275148
6 0.805980528511822 0.66015625 0.04641920610201446 0.043693770146814435
4 0.2732962447844228 0.659765625 0.12086111579635277 0.0413431376836888
6 0.8198887343532685 0.66875 0.05162725418638758 0.054652235950702455
6 0.8546592489568846 0.69921875 0.06238893192975283 0.0749592739827536
4 0.8803894297635605 0.70703125 0.08971723866082348 0.08903487189196309
6 0.9172461752433936 0.70859375 0.06219044117750177 0.05619710392605359
4 0.6578581363004172 0.8265625 0.04792918417470358 0.043693770146814616
0 0.6446453407510431 0.85859375 0.08205247924080683 0.03422066189341848
3 0.713490959666203 0.876171875 0.11124666285079042 0.04130362154211653
