0 0.09652173913043478 0.10544611819235226 0.12 0.05793742757821553
3 0.8030434782608695 0.09038238702201622 0.1191304347826087 0.05793742757821553
0 0.2708695652173913 0.22479721900347624 0.08434782608695653 0.055619930475086905
0 0.6352173913043478 0.23174971031286212 0.0808695652173913 0.04866743916570104
1 0.9739130434782609 0.2085747392815759 0.050434782608695654 0.04866743916570104
0 0.25782608695652176 0.3383545770567787 0.06521739130434782 0.03476245654692932
1 0.3060869565217391 0.33603707995365006 0.01565217391304348 0.02549246813441483
0 0.6226086956521739 0.3464658169177289 0.06608695652173913 0.030127462340672075
0 0.9721739130434782 0.32560834298957125 0.05565217391304348 0.030127462340672075
0 0.2743478260869565 0.4426419466975666 0.12260869565217392 0.06952491309385864
3 0.6369565217391304 0.4519119351100811 0.1208695652173913 0.06257242178447277
0 0.10695652173913044 0.5758980301274623 0.08 0.046349942062572425
6 0.8243478260869566 0.5735805330243338 0.0817391304347826 0.05098493626882966
0 0.10173913043478261 0.6894553881807648 0.08869565217391304 0.030127462340672075
1 0.45217391304347826 0.6859791425260718 0.09043478260869565 0.03244495944380069
0 0.8234782608695652 0.6917728852838934 0.09217391304347826 0.03476245654692932
6 0.10217391304347827 0.7960602549246814 0.1208695652173913 0.06025492468134415
0 0.45217391304347826 0.7937427578215527 0.12173913043478261 0.06257242178447277
0 0.8321739130434782 0.8006952491309386 0.12 0.06257242178447277
6 0.27217391304347827 0.9420625724217845 0.08 0.05098493626882966
0 0.6417391304347826 0.93279258400927 0.0817391304347826 0.05098493626882966
0 0.4369565217391304 0.08980301274623406 0.08924409994718269 0.07046713499046532
6 0.9143478260869565 0.26998841251448435 0.08869641575667352 0.15752514503205517
4 0.3421739130434783 0.28041714947856317 0.08208233497257296 0.14364049506314278
6 0.19869565217391305 0.2833140208574739 0.08532655563975922 0.14942805084223496
4 0.56 0.2885283893395133 0.09522430626491137 0.15739458752797966
4 0.7065217391304348 0.287369640787949 0.08213473035212898 0.1413214102585685
1 0.9695652173913043 0.43453070683661643 0.07636527345200549 0.07396618777502272
0 0.45521739130434785 0.5695249130938587 0.08911898520043926 0.0681321443659375
4 0.3791304347826087 0.626882966396292 0.09518437188888129 0.1574123910180206
6 0.03130434782608696 0.6326767091541136 0.09149448291753784 0.15739458752797972
4 0.5256521739130435 0.6309385863267671 0.07677207461719401 0.1448000068157089
6 0.8982608695652174 0.6315179606025493 0.08641363801108415 0.1482784276349586
4 0.17565217391304347 0.6338354577056778 0.07765612619627296 0.1436404950631428
6 0.5739130434782609 0.9658169177288528 0.07251671492922133 0.10071462425869353
0 0.9504347826086956 0.9698725376593279 0.07142437342870597 0.10153475870204413
