0 0.49589490968801314 0.6277777777777778 0.059113300492610835 0.02962962962962963
6 0.40558292282430214 0.8675925925925926 0.05582922824302135 0.027777777777777776
6 0.8333333333333334 0.1685185185185185 0.22186391928653496 0.158550461382415
6 0.6789819376026273 0.33055555555555555 0.1529772653021305 0.10708408571149143
6 0.6830870279146142 0.3972222222222222 0.32238979971434056 0.22129923339845842
4 0.5779967159277504 0.41805555555555557 0.15405545489077097 0.11347775404967522
0 0.3448275862068966 0.44537037037037036 0.09439643540609947 0.03280221011962186
6 0.4236453201970443 0.5421296296296296 0.18095117949878867 0.14899387341776996
1 0.5648604269293924 0.5731481481481482 0.12488541596852643 0.11663245156458275
4 0.3472906403940887 0.7333333333333333 0.08385235812009154 0.06845940260387891
6 0.41625615763546797 0.8481481481481481 0.08373412617208083 0.040557821503311005
3 0.39326765188834156 0.8837962962962963 0.06383246589554582 0.03410009038679063
