6 0.21203703703703702 0.12345679012345678 0.06481481481481481 0.0345679012345679
6 0.2388888888888889 0.15925925925925927 0.06111111111111111 0.05432098765432099
0 0.38287037037037036 0.31419753086419755 0.1398148148148148 0.08271604938271605
0 0.16666666666666666 0.36728395061728397 0.07222222222222222 0.05555555555555555
0 0.5847222222222223 0.42098765432098767 0.13240740740740742 0.06172839506172839
1 0.10833333333333334 0.5493827160493827 0.21666666666666667 0.1506172839506173
0 0.6680555555555555 0.6265432098765432 0.0787037037037037 0.06049382716049383
0 0.11990740740740741 0.6858024691358025 0.23981481481481481 0.13950617283950617
6 0.19675925925925927 0.14876543209876544 0.043336560857358215 0.03796419141098127
0 0.7296296296296296 0.31851851851851853 0.11438730312193507 0.0886873173901058
0 0.5944444444444444 0.36790123456790125 0.08459570737961249 0.06294408795380349
0 0.9717592592592592 0.6203703703703703 0.08308030364811397 0.08715131607858392
0 0.9638888888888889 0.6858024691358025 0.10348793343360282 0.11204525471748386
6 0.6759259259259259 0.6814814814814815 0.11046295314817758 0.08047286069251029
