0 0.6596467391304348 0.024365482233502538 0.16983695652173914 0.048730964467005075
0 0.8383152173913043 0.03553299492385787 0.12771739130434784 0.07106598984771574
0 0.7866847826086957 0.5736040609137056 0.2798913043478261 0.09746192893401015
0 0.7866847826086957 0.6253807106598985 0.2608695652173913 0.06294416243654823
4 0.35122282608695654 0.4152284263959391 0.5101430033222982 0.19341723917595752
0 0.2764945652173913 0.4847715736040609 0.2105949189914914 0.08009807714721172
0 0.405570652173913 0.4883248730964467 0.10446351012150687 0.047144773167311485
0 0.9470108695652174 0.5969543147208122 0.11014972998048077 0.08246778602108557
0 0.19361413043478262 0.6786802030456853 0.3864442067275743 0.16946986807008865
6 0.5115489130434783 0.6746192893401015 0.1357132100369432 0.10820403765228524
0 0.43342391304347827 0.7253807106598985 0.09667855642391218 0.06274594574250597
0 0.12771739130434784 0.7395939086294416 0.14400334804953188 0.08009807714721172
0 0.296875 0.7548223350253808 0.2300377023800359 0.0663903699305027
