0 0.5027816411682893 0.455078125 0.2545201668984701 0.03359375
0 0.5041724617524339 0.48203125 0.24061196105702365 0.0328125
0 0.49791376912378305 0.5796875 0.06675938803894298 0.021875
0 0.4937413073713491 0.601953125 0.23087621696801114 0.04453125
6 0.5361613351877608 0.157421875 0.12364244173345586 0.045976960935482224
6 0.7378303198887344 0.186328125 0.20166424520246848 0.058525277294331435
6 0.9318497913769124 0.2125 0.16968011126564672 0.049902672346928
6 0.38247566063977745 0.29609375 0.18355072717046414 0.03422066189341866
0 0.586230876216968 0.538671875 0.08158312178734102 0.030221596625851176
0 0.4631432545201669 0.543359375 0.17517895307410575 0.03500936187208144
6 0.4993045897079277 0.651953125 0.15833255410012084 0.03377949304867496
