1 0.47944078947368424 0.34629629629629627 0.3404605263157895 0.08888888888888889
0 0.4942434210526316 0.42962962962962964 0.8207236842105263 0.1111111111111111
0 0.49588815789473684 0.5282407407407408 0.4720394736842105 0.03981481481481482
0 0.39144736842105265 0.5638888888888889 0.3881578947368421 0.027777777777777776
3 0.7401315789473685 0.5564814814814815 0.11842105263157894 0.024074074074074074
0 0.5 0.5898148148148148 0.7269736842105263 0.03888888888888889
0 0.5016447368421053 0.6143518518518518 0.4868421052631579 0.03611111111111111
0 0.5049342105263158 0.6861111111111111 0.24013157894736842 0.044444444444444446
0 0.4095394736842105 0.21481481481481482 0.29158678767903384 0.06473860202430982
0 0.6825657894736842 0.2310185185185185 0.3024077947998708 0.1008790480465046
0 0.20723684210526316 0.26064814814814813 0.16500009730635357 0.08278634672791849
0 0.6365131578947368 0.5592592592592592 0.11378288427634724 0.030229553641495217
0 0.7138157894736842 0.7361111111111112 0.27392258715920476 0.10199989630679455
0 0.2590460526315789 0.7282407407407407 0.17245198931137967 0.07307575188967277
0 0.4564144736842105 0.7611111111111111 0.27132193329941295 0.05169615125731563
