6 0.253125 0.4847222222222222 0.0296875 0.06111111111111111
0 0.28828125 0.8736111111111111 0.040625 0.06111111111111111
6 0.462890625 0.20277777777777778 0.10543773243881241 0.08267670977392741
0 0.59921875 0.23055555555555557 0.14825146140768714 0.17216909338818365
6 0.53125 0.24375 0.1343417240160621 0.0900537487513876
6 0.369140625 0.26805555555555555 0.08869517353760528 0.12174563090207273
0 0.396484375 0.2923611111111111 0.10874825704935862 0.13350974282701122
0 0.615625 0.2972222222222222 0.07326408135997972 0.12210946756508127
0 0.455078125 0.2951388888888889 0.0976329868291094 0.07149861852685362
0 0.537890625 0.29375 0.077339420245006 0.07063489216819963
6 0.615625 0.44027777777777777 0.0834741647231457 0.29164140822618384
0 0.377734375 0.4798611111111111 0.17318238451193985 0.16031971681495885
0 0.53828125 0.575 0.16255768104207444 0.21027264401391538
6 0.646484375 0.6006944444444444 0.06371862232407591 0.19850267519781728
0 0.4015625 0.5875 0.14647801232177807 0.1652388839539902
6 0.234375 0.6090277777777777 0.038885326564607234 0.14577475473504758
6 0.266796875 0.6666666666666666 0.0450441215421999 0.23880394075935574
6 0.021093749999999998 0.8763888888888889 0.07453466847628547 0.1304811931144583
0 0.35 0.8645833333333334 0.0419741248970392 0.053808536703612235
