0 0.3149556400506971 0.611 0.07731305449936629 0.058
3 0.38276299112801015 0.628 0.06844106463878327 0.036
0 0.08745247148288973 0.685 0.16730038022813687 0.086
0 0.09062103929024082 0.731 0.11533586818757921 0.062
1 0.5126742712294043 0.751 0.07731305449936629 0.05
3 0.5247148288973384 0.788 0.053231939163498096 0.028
0 0.6527249683143219 0.792 0.048162230671736375 0.064
4 0.8745247148288974 0.868 0.05576679340937896 0.056
4 0.623574144486692 0.896 0.045627376425855515 0.064
4 0.6653992395437263 0.892 0.07604562737642585 0.132
6 0.6603295310519645 0.978 0.15716096324461343 0.04
0 0.6825095057034221 0.535 0.1329247524122823 0.1738334414705048
0 0.7078580481622306 0.817 0.10737403114056009 0.16185195832684712
0 0.6051964512040557 0.831 0.07760246395199577 0.12904902064809493
