0 0.49753086419753084 0.38981481481481484 0.06419753086419754 0.024074074074074074
0 0.562962962962963 0.39166666666666666 0.04197530864197531 0.018518518518518517
3 0.5259259259259259 0.41574074074074074 0.20246913580246914 0.027777777777777776
0 0.5246913580246914 0.45555555555555555 0.1259259259259259 0.022222222222222223
0 0.5222222222222223 0.4740740740740741 0.19012345679012346 0.022222222222222223
3 0.5234567901234568 0.49907407407407406 0.2074074074074074 0.027777777777777776
0 0.5222222222222223 0.5407407407407407 0.1925925925925926 0.03518518518518519
0 0.5216049382716049 0.5810185185185185 0.10740740740740741 0.03611111111111111
0 0.49074074074074076 0.2810185185185185 0.11220388080176426 0.07163663792134768
4 0.571604938271605 0.287962962962963 0.08616006167755016 0.0684594026038788
