0 0.4699074074074074 0.25862068965517243 0.14166666666666666 0.08045977011494253
6 0.4861111111111111 0.2955665024630542 0.037037037037037035 0.022988505747126436
3 0.48333333333333334 0.32019704433497537 0.10925925925925926 0.026272577996715927
6 0.48703703703703705 0.3497536945812808 0.06481481481481481 0.026272577996715927
0 0.5037037037037037 0.38587848932676516 0.15 0.07881773399014778
3 0.5060185185185185 0.5311986863711001 0.4601851851851852 0.35960591133004927
0 0.5555555555555556 0.6855500821018062 0.3611111111111111 0.07389162561576355
3 0.3125 0.7085385878489326 0.13055555555555556 0.05090311986863711
0 0.6143518518518518 0.7167487684729064 0.25277777777777777 0.060755336617405585
0 0.49444444444444446 0.7520525451559934 0.5092592592592593 0.09852216748768473
0 0.34444444444444444 0.7865353037766831 0.2111111111111111 0.06568144499178982
3 0.5041666666666667 0.8505747126436781 0.325 0.15763546798029557
0 0.5884259259259259 0.30049261083743845 0.10825479652093788 0.13781877563931094
0 0.36203703703703705 0.30952380952380953 0.09153373084424658 0.14690037504252462
