0 0.773828125 0.2326388888888889 0.45234375 0.14305555555555555
0 0.686328125 0.37430555555555556 0.62734375 0.19583333333333333
0 0.289453125 0.4888888888888889 0.15546875 0.08333333333333333
0 0.3890625 0.49027777777777776 0.01875 0.03611111111111111
0 0.507421875 0.48055555555555557 0.07890625 0.044444444444444446
0 0.635546875 0.46805555555555556 0.09453125 0.05555555555555555
0 0.92890625 0.5027777777777778 0.1421875 0.05
0 0.73828125 0.5215277777777778 0.246875 0.05694444444444444
0 0.417578125 0.5486111111111112 0.07421875 0.041666666666666664
1 0.521484375 0.5395833333333333 0.11640625 0.04583333333333333
0 0.7140625 0.46041666666666664 0.06510015716980569 0.04623879703001389
0 0.568359375 0.47708333333333336 0.046907906843265935 0.05042368506942283
0 0.43359375 0.48680555555555555 0.06810937003126494 0.054998152047582655
0 0.31171875 0.5493055555555556 0.0649651699437495 0.0783147740982972
