1 0.865625 0.3458333333333333 0.0484375 0.027777777777777776
4 0.06171875 0.37083333333333335 0.0890625 0.06944444444444445
0 0.462890625 0.4847222222222222 0.09609375 0.05
0 0.33203125 0.5152777777777777 0.025 0.022222222222222223
0 0.4234375 0.5361111111111111 0.0203125 0.019444444444444445
0 0.4828125 0.5541666666666667 0.146875 0.03611111111111111
0 0.17421875 0.8472222222222222 0.0375 0.019444444444444445
0 0.569140625 0.46597222222222223 0.11278637745781203 0.06517081552235042
1 0.601953125 0.5298611111111111 0.05221195714131603 0.03987825747077254
3 0.56640625 0.5416666666666666 0.02756009975162197 0.03116505978249822
