0 0.32166666666666666 0.159375 0.35 0.06625
0 0.31333333333333335 0.203125 0.45 0.07625
0 0.5716666666666667 0.22375 0.07 0.0325
0 0.6841666666666667 0.229375 0.16166666666666665 0.04875
4 0.6583333333333333 0.275 0.2 0.0475
4 0.29333333333333333 0.30125 0.06333333333333334 0.045
4 0.1225 0.451875 0.085 0.12125
4 0.7166666666666667 0.43 0.09333333333333334 0.06
6 0.705 0.48875 0.10333333333333333 0.0625
0 0.96 0.67875 0.06333333333333334 0.06
0 0.41 0.748125 0.73 0.08375
0 0.31083333333333335 0.831875 0.4716666666666667 0.10875
0 0.445 0.81125 0.06666666666666667 0.045
0 0.655 0.82875 0.24666666666666667 0.06
0 0.5766666666666667 0.034375 0.17327512301412393 0.07858869910099907
1 0.1625 0.05625 0.17816254006536952 0.0647513285579146
6 0.3525 0.095625 0.31784385525538916 0.11859166945374998
4 0.15833333333333333 0.090625 0.13942840346699661 0.0609652033878313
0 0.5758333333333333 0.13125 0.40166104742622827 0.09235015042188877
0 0.5891666666666666 0.1825 0.23490455295511783 0.06222806214685368
0 0.465 0.326875 0.2895735558238977 0.1636973164992253
0 0.92 0.29 0.046581303985648595 0.01692055319899346
4 0.1775 0.35625 0.169613540144522 0.13690530183999158
6 0.5533333333333333 0.5675 0.18184302406995662 0.18710616165746066
0 0.32666666666666666 0.648125 0.2831247375853241 0.09607557546475931
0 0.6233333333333333 0.794375 0.3018691253288597 0.06663906634042263
