0 0.654320987654321 0.4675925925925926 0.12098765432098765 0.037037037037037035
1 0.7358024691358025 0.5796296296296296 0.0345679012345679 0.022222222222222223
4 0.454320987654321 0.5990740740740741 0.03950617283950617 0.027777777777777776
4 0.6901234567901234 0.6185185185185185 0.03209876543209877 0.022222222222222223
4 0.6617283950617284 0.6333333333333333 0.0345679012345679 0.025925925925925925
4 0.5450617283950617 0.6509259259259259 0.21358024691358024 0.06296296296296296
1 0.04197530864197531 0.37453703703703706 0.15993302487719843 0.1879353760710547
4 0.7469135802469136 0.49953703703703706 0.11811558303969226 0.11940408136745254
0 0.5598765432098766 0.48842592592592593 0.09993376934565103 0.06253584465764882
4 0.48271604938271606 0.5444444444444444 0.12054357920798645 0.11450994941909859
