0 0.4671875 0.34234234234234234 0.3 0.0945945945945946
0 0.50625 0.3783783783783784 0.096875 0.03153153153153153
4 0.2125 0.39414414414414417 0.053125 0.04504504504504504
4 0.8015625 0.39414414414414417 0.05 0.04504504504504504
1 0.2109375 0.4369369369369369 0.059375 0.05405405405405406
0 0.803125 0.4346846846846847 0.053125 0.04504504504504504
0 0.65234375 0.3614864864864865 0.10781131919515871 0.1100091174825117
1 0.2875 0.3761261261261261 0.07059374006252979 0.07135955784029169
0 0.43046875 0.38288288288288286 0.06514170496247691 0.044660792906493295
0 0.6140625 0.393018018018018 0.12812448642096969 0.06925899784435773
0 0.37421875 0.3975225225225225 0.06918269950324399 0.05193239419304083
