1 0.45481481481481484 0.16533864541832669 0.10666666666666667 0.04183266932270916
1 0.38814814814814813 0.2061752988047809 0.07703703703703704 0.061752988047808766
4 0.674074074074074 0.19721115537848605 0.09481481481481481 0.08964143426294821
4 0.38666666666666666 0.250996015936255 0.044444444444444446 0.03187250996015936
0 0.5585185185185185 0.2559760956175299 0.044444444444444446 0.029880478087649404
1 0.4222222222222222 0.2739043824701195 0.044444444444444446 0.029880478087649404
0 0.15555555555555556 0.3954183266932271 0.056296296296296296 0.025896414342629483
0 0.48074074074074075 0.49203187250996017 0.5111111111111111 0.16733067729083664
1 0.5214814814814814 0.6434262948207171 0.4237037037037037 0.15737051792828685
3 0.502962962962963 0.09113545816733068 0.16589705191169035 0.08052452304711392
6 0.30666666666666664 0.14342629482071714 0.23423629903296808 0.1684851899211207
1 0.5666666666666667 0.21314741035856574 0.06302120842336013 0.07155368382137092
6 0.4948148148148148 0.28286852589641437 0.1129481355852229 0.0507680853466298
4 0.8437037037037037 0.7455179282868526 0.3376347902455554 0.187663206893185
4 0.4622222222222222 0.9043824701195219 0.2144117363871968 0.13351088878856812
