0 0.4383116883116883 0.284375 0.06818181818181818 0.021875
0 0.44155844155844154 0.3046875 0.1590909090909091 0.025
0 0.44642857142857145 0.328125 0.1038961038961039 0.021875
0 0.14772727272727273 0.4765625 0.045454545454545456 0.01875
0 0.16558441558441558 0.490625 0.05844155844155844 0.0125
0 0.22646103896103897 0.49140625 0.0633116883116883 0.0265625
0 0.17532467532467533 0.5140625 0.1461038961038961 0.01875
1 0.4675324675324675 0.5609375 0.06168831168831169 0.025
0 0.37905844155844154 0.0734375 0.12103843678653803 0.11239420785210719
0 0.46915584415584416 0.1578125 0.12685251771150768 0.13114317869428183
6 0.5616883116883117 0.27734375 0.09636214442850914 0.12022087348536718
6 0.6209415584415584 0.37734375 0.08784488174543335 0.12648026156889966
6 0.5925324675324676 0.5765625 0.18927489090682065 0.37810730296915734
6 0.6956168831168831 0.55703125 0.12238034686361662 0.27654651042634804
