3 0.46545454545454545 0.2878581173260573 0.3563636363636364 0.1009549795361528
1 0.76 0.6384720327421555 0.06909090909090909 0.05184174624829468
6 0.5454545454545454 0.7708049113233287 0.04 0.027285129604365622
0 0.7854545454545454 0.6657571623465212 0.14751454631656252 0.11649830617594308
0 0.6409090909090909 0.7025920873124147 0.22489216577451854 0.11904358801625906
0 0.34 0.7025920873124147 0.11620501944448382 0.07349779334028057
0 0.2872727272727273 0.7203274215552524 0.14479369691120503 0.09813409689679209
0 0.6536363636363637 0.7442019099590723 0.19305453389094385 0.09089710643558094
0 0.45636363636363636 0.732605729877217 0.1599197732096421 0.057000146599972205
0 0.4309090909090909 0.7653478854024557 0.19636311212754637 0.0707545132108279
