0 0.385 0.6635859519408502 0.306 0.09981515711645102
0 0.479 0.7680221811460258 0.394 0.09057301293900184
0 0.648 0.8410351201478743 0.124 0.029574861367837338
6 0.418 0.8558225508317929 0.312 0.066543438077634
0 0.646 0.8632162661737524 0.104 0.029574861367837338
4 0.362 0.9094269870609981 0.228 0.04436229205175601
0 0.558 0.9131238447319778 0.144 0.025878003696857672
0 0.424 0.9500924214417745 0.092 0.025878003696857672
0 0.558 0.9482439926062847 0.096 0.029574861367837338
0 0.652 0.9463955637707948 0.104 0.04805914972273567
0 0.38 0.9870609981515711 0.172 0.025878003696857672
0 0.6 0.9852125693160814 0.092 0.029574861367837338
0 0.638 0.6460258780036968 0.2301404025312679 0.11888387861605143
6 0.281 0.9482439926062847 0.057904748240735784 0.025021150756367305
