6 0.502734375 0.13489583333333333 0.08671875 0.03854166666666667
3 0.98828125 0.128125 0.021875 0.020833333333333332
1 0.495703125 0.24739583333333334 0.44140625 0.17604166666666668
4 0.50078125 0.35260416666666666 0.209375 0.084375
6 0.37109375 0.4 0.0484375 0.058333333333333334
0 0.62421875 0.4 0.0421875 0.05
3 0.17265625 0.478125 0.184375 0.04583333333333333
0 0.36796875 0.46770833333333334 0.06875 0.0625
4 0.4515625 0.47291666666666665 0.078125 0.05
6 0.581640625 0.471875 0.16484375 0.0625
6 0.803515625 0.49322916666666666 0.12265625 0.040625
0 0.70234375 0.571875 0.05 0.020833333333333332
1 0.48671875 0.628125 0.0703125 0.03125
3 0.170703125 0.7177083333333333 0.10703125 0.041666666666666664
0 0.394921875 0.1484375 0.13190987922306827 0.07324779565956736
0 0.648046875 0.18645833333333334 0.20831173449452223 0.1603857856471095
0 0.29453125 0.19375 0.08584776831986644 0.08505922317655455
