0 0.8675 0.2681564245810056 0.0325 0.0260707635009311
0 0.025625 0.28677839851024206 0.05125 0.0335195530726257
0 0.284375 0.29236499068901306 0.47125 0.09683426443202979
4 0.88625 0.297951582867784 0.08 0.0260707635009311
0 0.19625 0.3370577281191806 0.0675 0.055865921787709494
0 0.64875 0.3258845437616387 0.1125 0.0931098696461825
0 0.89 0.3333333333333333 0.165 0.055865921787709494
0 0.345 0.3538175046554935 0.1675 0.0335195530726257
6 0.8875 0.3687150837988827 0.1625 0.0260707635009311
4 0.09 0.40409683426443205 0.0825 0.037243947858473
0 0.16875 0.4022346368715084 0.0575 0.0446927374301676
0 0.26375 0.3985102420856611 0.035 0.0335195530726257
0 0.32625 0.3947858472998138 0.0425 0.0521415270018622
0 0.54375 0.3947858472998138 0.05 0.0335195530726257
0 0.8125 0.3947858472998138 0.325 0.0446927374301676
3 0.20125 0.5363128491620112 0.105 0.0335195530726257
0 0.495625 0.9003724394785847 0.19375 0.061452513966480445
0 0.908125 0.2681564245810056 0.05370372648006423 0.03677525987382323
0 0.83375 0.2802607076350093 0.044987592975525105 0.04924166600011531
0 0.125 0.351024208566108 0.08485642931178632 0.08134809018762545
1 0.035625 0.3575418994413408 0.038108235365617915 0.0318028070630293
0 0.378125 0.38640595903165736 0.07856223415144427 0.08344875827982177
