0 0.47802734375 0.16927083333333334 0.3994140625 0.13541666666666666
0 0.3896484375 0.2721354166666667 0.27734375 0.078125
0 0.6298828125 0.2708333333333333 0.154296875 0.07291666666666667
0 0.349609375 0.421875 0.158203125 0.08072916666666667
0 0.619140625 0.4322916666666667 0.236328125 0.0546875
0 0.712890625 0.4609375 0.0234375 0.010416666666666666
0 0.3125 0.4713541666666667 0.052734375 0.018229166666666668
0 0.361328125 0.4713541666666667 0.037109375 0.018229166666666668
0 0.40234375 0.4713541666666667 0.025390625 0.018229166666666668
0 0.3427734375 0.6028645833333334 0.12109375 0.08854166666666667
0 0.61181640625 0.6458333333333334 0.2255859375 0.08072916666666667
0 0.615234375 0.6966145833333334 0.181640625 0.020833333333333332
0 0.3427734375 0.7102864583333334 0.142578125 0.03515625
0 0.34375 0.7486979166666666 0.244140625 0.020833333333333332
