0 0.3946078431372549 0.17647058823529413 0.041666666666666664 0.0392156862745098
0 0.4540441176470588 0.3202614379084967 0.09558823529411764 0.03431372549019608
0 0.4522058823529412 0.3545751633986928 0.05514705882352941 0.03104575163398693
4 0.31556372549019607 0.3790849673202614 0.030637254901960783 0.0392156862745098
0 0.4518995098039216 0.3917483660130719 0.17708333333333334 0.049836601307189546
0 0.0070465686274509805 0.7156862745098039 0.014093137254901961 0.011437908496732025
0 0.5401348039215687 0.19566993464052287 0.24203407972277954 0.1658158529193099
0 0.2824754901960784 0.2238562091503268 0.18688393594801264 0.17983703709475904
6 0.7558210784313726 0.3729575163398693 0.22442303704493624 0.3684560685155509
4 0.125 0.3868464052287582 0.1816777860085583 0.2837690560642592
