0 0.555 0.33666666666666667 0.14666666666666667 0.04888888888888889
1 0.18666666666666668 0.4866666666666667 0.02666666666666667 0.04
0 0.45666666666666667 0.5133333333333333 0.475 0.3
0 0.45 0.7677777777777778 0.34 0.11333333333333333
0 0.41208333333333336 0.35 0.12916666666666668 0.07029924209112058
3 0.7041666666666667 0.37833333333333335 0.15816266849253774 0.12995179120306843
0 0.27541666666666664 0.4122222222222222 0.14719302836074669 0.1252629016352061
3 0.31333333333333335 0.4811111111111111 0.07271658902766168 0.056864474215619666
0 0.5591666666666667 0.8383333333333334 0.5433488049710969 0.3461836467188141
1 0.16666666666666666 0.8016666666666666 0.12555954468984812 0.16329690339275607
1 0.2525 0.8744444444444445 0.079993123601402 0.07097268956007535
