0 0.6234375 0.24624765478424016 0.170625 0.05347091932457786
0 0.57375 0.3977485928705441 0.14 0.04690431519699812
0 0.5096875 0.24718574108818012 0.0449198953965444 0.040535494293555685
0 0.4590625 0.2584427767354597 0.05027466790196172 0.046441552154908146
0 0.733125 0.26454033771106944 0.051042681781395344 0.04859386758567698
0 0.6628125 0.2926829268292683 0.14559447546398502 0.07492711972268125
0 0.515625 0.29080675422138835 0.11653543007265582 0.0619591405315204
0 0.474375 0.35365853658536583 0.22542759030370618 0.13359103618884602
0 0.715 0.3611632270168856 0.24999418166468387 0.15755025931877642
0 0.660625 0.40196998123827393 0.0382873345355992 0.04385488830051812
