0 0.555921052631579 0.46953125 0.10855263157894737 0.03125
1 0.13486842105263158 0.536328125 0.26973684210526316 0.08046875
4 0.8799342105263158 0.634375 0.049342105263157895 0.025
4 0.07730263157894737 0.83046875 0.15460526315789475 0.0859375
1 0.9407894736842105 0.87109375 0.11842105263157894 0.0796875
1 0.5263157894736842 0.98359375 0.16447368421052633 0.0328125
0 0.7532894736842105 0.447265625 0.12361088409210422 0.04806708056922062
0 0.41776315789473684 0.462890625 0.19407025655192675 0.053823922906909516
0 0.8355263157894737 0.46484375 0.11496369895674534 0.04990267234692798
0 0.662828947368421 0.46484375 0.12973303632696967 0.03799216878713203
0 0.9342105263157895 0.48515625 0.1611189103974998 0.04676254029362905
6 0.8643092105263158 0.54140625 0.1771031307613922 0.14686270032928483
0 0.6792763157894737 0.51953125 0.27948048019361876 0.1124559195831047
4 0.4251644736842105 0.53671875 0.16358888865497168 0.08901776742299976
0 0.600328947368421 0.83359375 0.5621089796948545 0.16402314105371155
0 0.7195723684210527 0.94140625 0.6562346401111769 0.157779791692413
