0 0.7797927461139896 0.017241379310344827 0.13471502590673576 0.02413793103448276
0 0.9248704663212435 0.017241379310344827 0.13471502590673576 0.02413793103448276
0 0.5103626943005182 0.27844827586206894 0.47668393782383417 0.06379310344827586
1 0.5090673575129534 0.3258620689655172 0.3290155440414508 0.06551724137931035
0 0.5012953367875648 0.5879310344827586 0.15284974093264247 0.020689655172413793
0 0.48704663212435234 0.6551724137931034 0.06735751295336788 0.02413793103448276
0 0.46632124352331605 0.7086206896551724 0.06735751295336788 0.020689655172413793
6 0.06217616580310881 0.9887931034482759 0.09844559585492228 0.022413793103448276
0 0.16580310880829016 0.9896551724137931 0.09326424870466321 0.013793103448275862
4 0.483160621761658 0.08275862068965517 0.36781051379437607 0.1388511243135052
4 0.7124352331606217 0.16551724137931034 0.1424670411313825 0.17922067962721377
