3 0.33540372670807456 0.30206378986866794 0.07142857142857142 0.075046904315197
0 0.8400621118012422 0.31144465290806755 0.06832298136645963 0.07879924953095685
0 0.15760869565217392 0.33677298311444653 0.29195894145714596 0.30687925087165385
0 0.6669254658385093 0.33583489681050654 0.29018722049779716 0.28918580081304235
4 0.4114906832298137 0.3893058161350844 0.10232243702100627 0.15559066267441107
4 0.9099378881987578 0.40150093808630394 0.09902634911290649 0.15371095580353206
6 0.9122670807453416 0.6078799249530957 0.13150682144310477 0.2062858759889303
4 0.6156832298136646 0.648217636022514 0.14684421652485566 0.22318607844291782
4 0.3920807453416149 0.650093808630394 0.15861839499132702 0.19975071741500025
0 0.19642857142857142 0.700750469043152 0.3276279990826498 0.26068927228015887
0 0.7771739130434783 0.7204502814258912 0.2122422878246476 0.11842037925593177
0 0.2841614906832298 0.775797373358349 0.0652019788515838 0.029552364385513043
