0 0.453125 0.3067708333333333 0.1984375 0.08229166666666667
4 0.44375 0.690625 0.0515625 0.0125
4 0.51796875 0.69375 0.0828125 0.025
6 0.4453125 0.7 0.028125 0.008333333333333333
4 0.43359375 0.7114583333333333 0.03125 0.0125
4 0.490625 0.7104166666666667 0.0265625 0.01875
4 0.53515625 0.7104166666666667 0.046875 0.01875
4 0.61953125 0.70625 0.11875 0.03958333333333333
0 0.9296875 0.7151041666666667 0.140625 0.07604166666666666
6 0.54375 0.796875 0.065625 0.027083333333333334
4 0.94375 0.9020833333333333 0.1125 0.07916666666666666
6 0.941015625 0.9692708333333333 0.11796875 0.06145833333333333
0 0.16796875 0.3692708333333333 0.2742934778130725 0.2115030035288277
0 0.76484375 0.4088541666666667 0.366717300012444 0.28435683408089596
