0 0.12674094707520892 0.5140625 0.0584958217270195 0.01875
0 0.5264623955431755 0.50859375 0.06128133704735376 0.0203125
0 0.5111420612813371 0.62890625 0.04456824512534819 0.009375
0 0.22562674094707522 0.68984375 0.14484679665738162 0.0515625
0 0.5647632311977716 0.407421875 0.1599774488101463 0.0679192717042969
0 0.4449860724233983 0.408984375 0.11959865269424921 0.06057878524620701
0 0.2075208913649025 0.41171875 0.11667785244556883 0.05619710392605359
4 0.06267409470752089 0.42421875 0.09098963153362755 0.05443290593424153
4 0.054317548746518104 0.4859375 0.08764103242568475 0.07340752463182679
0 0.45264623955431754 0.49921875 0.11960190759881761 0.05460775700445399
3 0.19637883008356546 0.50234375 0.11269339496806656 0.052086311122540606
4 0.7506963788300836 0.68203125 0.1523614188725748 0.054459630032484795
