3 0.84375 0.35791015625 0.040364583333333336 0.021484375
1 0.049479166666666664 0.41943359375 0.07161458333333333 0.05859375
0 0.08854166666666667 0.6484375 0.17708333333333334 0.0625
0 0.2841796875 0.665283203125 0.13606770833333334 0.04833984375
0 0.6028645833333334 0.6923828125 0.055989583333333336 0.0419921875
0 0.244140625 0.76171875 0.48828125 0.091796875
3 0.3216145833333333 0.30712890625 0.18421499109655548 0.07417450719742757
3 0.13151041666666666 0.34228515625 0.20115734269524177 0.15232604433327634
6 0.4993489583333333 0.40771484375 0.181774034125334 0.20702579523970815
0 0.7757161458333334 0.35009765625 0.09434393164506923 0.03116836916496324
0 0.9000651041666666 0.362548828125 0.07210311155648312 0.02969391479334549
0 0.7805989583333334 0.380615234375 0.11456581892924451 0.04144969177008562
0 0.890625 0.390625 0.13277045631945908 0.03900015118377842
0 0.28515625 0.562255859375 0.6418504991844841 0.21141478999317515
1 0.4723307291666667 0.681640625 0.25574946396134673 0.0722277025977951
0 0.6126302083333334 0.79150390625 0.2732103847197387 0.08688073874442948
