0 0.4706521739130435 0.43300653594771243 0.3565217391304348 0.12745098039215685
0 0.475 0.5473856209150327 0.3695652173913043 0.13071895424836602
4 0.4722826086956522 0.7075163398692811 0.18369565217391304 0.06535947712418301
1 0.4608695652173913 0.9558823529411765 0.06739130434782609 0.0718954248366013
0 0.5331521739130435 0.07352941176470588 0.18369533548470857 0.1861609814753919
4 0.3467391304347826 0.15196078431372548 0.2322897431166347 0.3552416442339174
4 0.6445652173913043 0.2107843137254902 0.11689724236057349 0.22869860407874334
0 0.4190217391304348 0.20261437908496732 0.09121071476855629 0.11224241390304006
1 0.5222826086956521 0.1968954248366013 0.06846924671303808 0.07981053621280258
0 0.34130434782608693 0.8578431372549019 0.21756020485438882 0.32675886066578175
0 0.5956521739130435 0.8684640522875817 0.21957589675355468 0.33066866359815483
