4 0.240234375 0.33645833333333336 0.27109375 0.06458333333333334
6 0.3046875 0.3854166666666667 0.3984375 0.06458333333333334
0 0.261328125 0.6520833333333333 0.11640625 0.041666666666666664
1 0.888671875 0.6572916666666667 0.22265625 0.12708333333333333
0 0.259765625 0.6921875 0.11953125 0.059375
1 0.26328125 0.7458333333333333 0.115625 0.06458333333333334
0 0.73125 0.7802083333333333 0.121875 0.052083333333333336
0 0.8796875 0.7791666666666667 0.0546875 0.04375
4 0.96796875 0.78125 0.05625 0.03958333333333333
1 0.71953125 0.9114583333333334 0.028125 0.020833333333333332
6 0.878125 0.9171875 0.2203125 0.04479166666666667
6 0.807421875 0.5036458333333333 0.44043560361459316 0.2968279083689126
0 0.203515625 0.8421875 0.0882143533479927 0.10928773657092919
0 0.3453125 0.871875 0.23278554676774915 0.12685358410500763
