0 0.5025 0.44066666666666665 0.255 0.1
6 0.498 0.5026666666666667 0.158 0.058666666666666666
6 0.5015 0.5513333333333333 0.187 0.05466666666666667
3 0.506 0.592 0.392 0.064
0 0.5115 0.648 0.293 0.050666666666666665
0 0.513 0.6933333333333334 0.264 0.050666666666666665
6 0.574 0.848 0.052 0.07466666666666667
1 0.7 0.8573333333333333 0.236 0.136
4 0.582 0.32266666666666666 0.32391608745875494 0.30129008108109867
4 0.3235 0.4226666666666667 0.3302023496349059 0.526566840006976
4 0.7215 0.5333333333333333 0.12033038021047537 0.2798534787445709
