0 0.5491832386363636 0.7367424242424242 0.08203125 0.058712121212121215
1 0.5724431818181818 0.8373579545454546 0.027698863636363636 0.039299242424242424
1 0.59765625 0.16027462121212122 0.1782081528901006 0.13776807315113043
3 0.4200994318181818 0.1893939393939394 0.17398426738706216 0.17379117277966108
6 0.7318892045454546 0.2627840909090909 0.12292893893482372 0.18654593611366904
4 0.29527698863636365 0.3799715909090909 0.1354511580281546 0.2911223542070508
6 0.7368607954545454 0.6183712121212122 0.32886106842916496 0.6376744199604822
6 0.31019176136363635 0.6420454545454546 0.15838661967072873 0.32196685249789403
4 0.3678977272727273 0.6131628787878788 0.07231969577282817 0.1668345600518929
0 0.4694602272727273 0.814157196969697 0.21090336777616658 0.17375654200537838
