0 0.5506072874493927 0.40310077519379844 0.5344129554655871 0.15503875968992248
0 0.5445344129554656 0.5193798449612403 0.4898785425101215 0.17054263565891473
6 0.8947368421052632 0.4883720930232558 0.08097165991902834 0.16279069767441862
0 0.5506072874493927 0.6124031007751938 0.46963562753036436 0.12403100775193798
1 0.8744939271255061 0.6007751937984496 0.08906882591093117 0.07751937984496124
0 0.5526315789473685 0.8003875968992248 0.2388663967611336 0.10465116279069768
4 0.8097165991902834 0.2713178294573643 0.2960853617890718 0.3486741459115103
0 0.29959514170040485 0.2248062015503876 0.2600337816118406 0.25349648727539403
6 0.21052631578947367 0.5271317829457365 0.21359705563167594 0.4804272500327825
0 0.7631578947368421 0.7248062015503876 0.2886951105574588 0.2683312140416561
0 0.3623481781376518 0.7655038759689923 0.2307645624693941 0.18150822493294094
