1 0.528076171875 0.18912760416666666 0.03955078125 0.027994791666666668
1 0.71484375 0.310546875 0.0400390625 0.041666666666666664
0 0.03369140625 0.4466145833333333 0.0126953125 0.015625
1 0.022216796875 0.4876302083333333 0.04443359375 0.0234375
3 0.408203125 0.193359375 0.18432320088996773 0.06186092250205381
0 0.620361328125 0.21842447916666666 0.14006955469782345 0.09047068490714712
0 0.32861328125 0.2571614583333333 0.26109802937547 0.15993373610409203
0 0.593505859375 0.248046875 0.21820494259521417 0.127585717160594
0 0.284912109375 0.23111979166666666 0.0638714297336086 0.05486101949689074
0 0.020263671875 0.4348958333333333 0.028736269430586703 0.035074142264600074
