1 0.6828793774319066 0.26112759643916916 0.038910505836575876 0.0771513353115727
0 0.20136186770428016 0.32344213649851633 0.5330278424640319 0.6883534095843846
0 0.7626459143968871 0.18397626112759644 0.175577724660592 0.17540699571597548
6 0.9095330739299611 0.258160237388724 0.177255812571603 0.34405017314303676
4 0.6400778210116731 0.42136498516320475 0.0929767270563685 0.22534034706815134
6 0.9406614785992218 0.6320474777448071 0.0993237206012585 0.2965969012004619
0 0.5145914396887159 0.6335311572700296 0.227625175543785 0.31726932022681303
6 0.6245136186770428 0.7240356083086054 0.07209094130525681 0.21344894072803738
4 0.872568093385214 0.8397626112759644 0.14431266978459445 0.23026781600096122
0 0.6867704280155642 0.887240356083086 0.15152719462744382 0.21336527083088674
