0 0.5538461538461539 0.2926829268292683 0.2 0.06208425720620843
0 0.5532051282051282 0.3303769401330377 0.27307692307692305 0.07982261640798226
0 0.541025641025641 0.4190687361419069 0.08461538461538462 0.07982261640798226
0 0.5057692307692307 0.4745011086474501 0.07307692307692308 0.07095343680709534
0 0.43333333333333335 0.6607538802660754 0.2564102564102564 0.06208425720620843
0 0.6493589743589744 0.6496674057649667 0.10128205128205128 0.06208425720620843
0 0.4987179487179487 0.7682926829268293 0.2846153846153846 0.05543237250554324
0 0.49615384615384617 0.8070953436807096 0.3769230769230769 0.05321507760532151
0 0.39871794871794874 0.4556541019955654 0.20440120700316883 0.20087021809172811
0 0.642948717948718 0.4501108647450111 0.14220279515790815 0.15490895618253092
