0 0.13421052631578947 0.132 0.05789473684210526 0.016
0 0.29473684210526313 0.14 0.10526315789473684 0.016
6 0.4026315789473684 0.148 0.06842105263157895 0.016
0 0.6644736842105263 0.164 0.15 0.036
1 0.5 0.374 0.08947368421052632 0.032
1 0.5973684210526315 0.364 0.21052631578947367 0.084
6 0.7052631578947368 0.368 0.03684210526315789 0.06
6 0.6223684210526316 0.432 0.3078947368421053 0.08
1 0.6105263157894737 0.534 0.19473684210526315 0.088
0 0.48947368421052634 0.69 0.1 0.04
4 0.2236842105263158 0.586 0.11475227153346465 0.12381313090610183
6 0.7052631578947368 0.606 0.17652306451901612 0.1470961371816966
0 0.34342105263157896 0.666 0.24447641287836233 0.13584689344855178
0 0.593421052631579 0.675 0.15240892506082696 0.07768221279597379
