0 0.4749322493224932 0.29594721960414705 0.3888888888888889 0.07917059377945335
0 0.47628726287262874 0.3567389255419416 0.5 0.0763430725730443
0 0.4186991869918699 0.6786050895381716 0.06504065040650407 0.016965127238454288
0 0.55420054200542 0.672478793590952 0.10298102981029811 0.017907634307257305
0 0.49525745257452575 0.6870876531573987 0.13143631436314362 0.022620169651272386
0 0.49661246612466126 0.7884071630537229 0.5785907859078591 0.10273327049952875
0 0.5 0.84684260131951 0.26558265582655827 0.08011310084825636
0 0.3875338753387534 0.4820923656927427 0.26127617316478696 0.17566356864311522
0 0.6158536585365854 0.48350612629594725 0.2302453788243705 0.15642277335127783
0 0.5785907859078591 0.7064090480678605 0.1572952386652324 0.07231804863298776
0 0.42208672086720866 0.7167766258246937 0.18019646406468695 0.06307348349729806
