0 0.6203125 0.547566371681416 0.2921875 0.13716814159292035
6 0.927734375 0.8832964601769911 0.08984375 0.06969026548672566
6 0.866796875 0.9457964601769911 0.07421875 0.035398230088495575
6 0.9375 0.9369469026548672 0.053125 0.028761061946902654
6 0.855078125 0.974004424778761 0.06484375 0.034292035398230086
6 0.572265625 0.1847345132743363 0.5956099444240653 0.43323171582314624
1 0.546484375 0.35398230088495575 0.26611008754117604 0.36562323724615453
0 0.766796875 0.7079646017699115 0.3699774287452656 0.5653798151856341
0 0.41875 0.7422566371681416 0.36797386960549777 0.45130802951541255
6 0.916796875 0.9679203539823009 0.054720406843265935 0.03603938217074565
