3 0.04003099173553719 0.5017361111111112 0.08006198347107438 0.04282407407407408
6 0.24741735537190082 0.515625 0.07128099173553719 0.17554012345679013
6 0.3835227272727273 0.5520833333333334 0.019111570247933883 0.012345679012345678
1 0.42613636363636365 0.5555555555555556 0.01756198347107438 0.011574074074074073
0 0.47133264462809915 0.5596064814814815 0.02737603305785124 0.011959876543209876
1 0.5074896694214877 0.5626929012345679 0.018078512396694214 0.011959876543209876
0 0.5441632231404959 0.5657793209876543 0.013946280991735538 0.010416666666666666
1 0.6433367768595041 0.5501543209876543 0.07179752066115702 0.1728395061728395
4 0.2884814049586777 0.39351851851851855 0.10046338643091032 0.08140553598817903
6 0.6180268595041323 0.44058641975308643 0.06308129062958912 0.07175015369533477
1 0.46410123966942146 0.5225694444444444 0.19406277530621804 0.07674862751414198
0 0.05268595041322314 0.5858410493827161 0.08671828132608991 0.025014930208718863
3 0.44240702479338845 0.6604938271604939 0.38117550480173706 0.13115878371061143
