0 0.6636363636363637 0.14320388349514562 0.3236363636363636 0.10194174757281553
0 0.5781818181818181 0.41262135922330095 0.10545454545454545 0.043689320388349516
0 0.7209090909090909 0.4174757281553398 0.1509090909090909 0.05825242718446602
1 0.6581818181818182 0.441747572815534 0.13454545454545455 0.03398058252427184
0 0.6572727272727272 0.46116504854368934 0.2781818181818182 0.06310679611650485
3 0.6709090909090909 0.5242718446601942 0.06181818181818182 0.019417475728155338
6 0.9127272727272727 0.5655339805825242 0.08363636363636363 0.04854368932038835
6 0.88 0.616504854368932 0.10545454545454545 0.03398058252427184
3 0.8963636363636364 0.691747572815534 0.11272727272727273 0.05825242718446602
0 0.8809090909090909 0.7427184466019418 0.09636363636363636 0.03398058252427184
0 0.8772727272727273 0.7633495145631068 0.09636363636363636 0.03155339805825243
0 0.5781818181818181 0.32281553398058255 0.18545395364664582 0.14051465699486382
0 0.740909090909091 0.3276699029126214 0.17521193299272642 0.11897850575729842
