6 0.5414737654320988 0.36208677685950413 0.2341820987654321 0.08161157024793389
0 0.8341049382716049 0.7319214876033058 0.07175925925925926 0.01652892561983471
0 0.8373842592592593 0.7507747933884298 0.04976851851851852 0.017045454545454544
0 0.4681712962962963 0.7621384297520661 0.13310185185185186 0.020144628099173553
0 0.10802469135802469 0.778150826446281 0.06018518518518518 0.020144628099173553
0 0.4627700617283951 0.7753099173553719 0.12384259259259259 0.01962809917355372
0 0.10146604938271606 0.7918388429752066 0.05015432098765432 0.01962809917355372
0 0.486304012345679 0.8032024793388429 0.1701388888888889 0.01652892561983471
0 0.8458719135802469 0.8037190082644629 0.15007716049382716 0.015495867768595042
0 0.19945987654320987 0.8143078512396694 0.08410493827160494 0.014979338842975207
0 0.5017361111111112 0.8119834710743802 0.2017746913580247 0.01859504132231405
1 0.6240354938271605 0.8145661157024794 0.010416666666666666 0.007231404958677686
0 0.8605324074074074 0.8148243801652892 0.14544753086419754 0.017045454545454544
0 0.16030092592592593 0.8225723140495868 0.07137345679012345 0.017045454545454544
0 0.4095293209876543 0.824896694214876 0.017361111111111112 0.007231404958677686
0 0.42862654320987653 0.8246384297520661 0.023148148148148147 0.01084710743801653
0 0.7754629629629629 0.8176652892561983 0.02854938271604938 0.013429752066115703
0 0.10455246913580248 0.8321280991735537 0.020833333333333332 0.007231404958677686
0 0.13580246913580246 0.8290289256198347 0.018518518518518517 0.009297520661157025
0 0.20081018518518517 0.8398760330578512 0.0798611111111111 0.014462809917355372
0 0.26851851851851855 0.84400826446281 0.017746913580246913 0.007231404958677686
0 0.42322530864197533 0.8429752066115702 0.044753086419753084 0.010330578512396695
0 0.4818672839506173 0.8393595041322314 0.047839506172839504 0.010330578512396695
1 0.6259645061728395 0.8424586776859504 0.011188271604938271 0.008264462809917356
0 0.8522376543209876 0.8391012396694215 0.1550925925925926 0.017045454545454544
0 0.13599537037037038 0.8502066115702479 0.13464506172839505 0.01962809917355372
0 0.24459876543209877 0.8460743801652892 0.03009259259259259 0.009297520661157025
0 0.4834104938271605 0.8491735537190083 0.16666666666666666 0.01859504132231405
0 0.8983410493827161 0.8483987603305785 0.13695987654320987 0.019111570247933883
0 0.13657407407407407 0.8553719008264463 0.011574074074074073 0.007231404958677686
0 0.7868441358024691 0.8540805785123967 0.08834876543209877 0.014979338842975207
0 0.10532407407407407 0.8589876033057852 0.026234567901234566 0.010330578512396695
0 0.43885030864197533 0.8695764462809917 0.02662037037037037 0.01084710743801653
0 0.5115740740740741 0.8662190082644629 0.11419753086419752 0.013429752066115703
0 0.6294367283950617 0.8698347107438017 0.013503086419753086 0.007231404958677686
0 0.09587191358024691 0.878099173553719 0.059799382716049385 0.013429752066115703
0 0.17418981481481483 0.8788739669421488 0.03973765432098766 0.01084710743801653
0 0.4868827160493827 0.87525826446281 0.17515432098765432 0.020144628099173553
0 0.8587962962962963 0.87525826446281 0.020833333333333332 0.012913223140495868
0 0.13406635802469136 0.8832644628099173 0.04128086419753087 0.010330578512396695
0 0.41030092592592593 0.8809400826446281 0.02044753086419753 0.00878099173553719
0 0.10030864197530864 0.8868801652892562 0.02546296296296296 0.010330578512396695
1 0.2665895061728395 0.8894628099173554 0.009259259259259259 0.010330578512396695
0 0.8607253086419753 0.8879132231404959 0.026234567901234566 0.012396694214876033
0 0.1552854938271605 0.8992768595041323 0.011959876543209876 0.007231404958677686
0 0.18460648148148148 0.8966942148760331 0.017361111111111112 0.008264462809917356
0 0.45968364197530864 0.8974690082644629 0.11998456790123457 0.016012396694214875
0 0.10648148148148148 0.9039256198347108 0.08950617283950617 0.01859504132231405
0 0.19463734567901234 0.9054752066115702 0.060570987654320986 0.013429752066115703
0 0.4618055555555556 0.9070247933884298 0.03780864197530864 0.010330578512396695
0 0.5318287037037037 0.9044421487603306 0.0783179012345679 0.012396694214876033
3 0.11304012345679013 0.9127066115702479 0.07175925925925926 0.014462809917355372
0 0.4216820987654321 0.9088326446280992 0.043209876543209874 0.01084710743801653
1 0.8651620370370371 0.9127066115702479 0.021219135802469136 0.012396694214876033
0 0.1400462962962963 0.9292355371900827 0.021604938271604937 0.012396694214876033
1 0.26350308641975306 0.9222623966942148 0.010030864197530864 0.021177685950413222
0 0.4855324074074074 0.9253615702479339 0.17476851851851852 0.020144628099173553
1 0.6350308641975309 0.9276859504132231 0.014660493827160493 0.007231404958677686
0 0.0785108024691358 0.9356921487603306 0.04050925925925926 0.01084710743801653
0 0.12094907407407407 0.9318181818181818 0.018132716049382717 0.007231404958677686
0 0.47087191358024694 0.9359504132231405 0.09837962962962964 0.014462809917355372
0 0.5657793209876543 0.931301652892562 0.02353395061728395 0.008264462809917356
0 0.13020833333333334 0.9411157024793388 0.018132716049382717 0.007231404958677686
0 0.4106867283950617 0.9390495867768595 0.022762345679012346 0.009297520661157025
1 0.07137345679012345 0.9452479338842975 0.018518518518518517 0.007231404958677686
0 0.08892746913580248 0.9442148760330579 0.013503086419753086 0.007231404958677686
3 0.1587577160493827 0.9571280991735537 0.02353395061728395 0.008264462809917356
0 0.2048611111111111 0.9522210743801653 0.07021604938271606 0.016012396694214875
0 0.4693287037037037 0.9555785123966942 0.0783179012345679 0.012396694214876033
1 0.6377314814814815 0.9571280991735537 0.015432098765432098 0.008264462809917356
0 0.06346450617283951 0.9664256198347108 0.017361111111111112 0.007231404958677686
0 0.1089891975308642 0.9628099173553719 0.07523148148148148 0.015495867768595042
0 0.16859567901234568 0.9661673553719008 0.018518518518518517 0.00981404958677686
0 0.2037037037037037 0.9635847107438017 0.02700617283950617 0.00878099173553719
3 0.4670138888888889 0.9633264462809917 0.1385030864197531 0.01859504132231405
0 0.5588348765432098 0.9615185950413223 0.02353395061728395 0.00878099173553719
0 0.10127314814814815 0.9726239669421488 0.04282407407407408 0.009297520661157025
0 0.15335648148148148 0.9679752066115702 0.01427469135802469 0.008264462809917356
0 0.41454475308641975 0.9695247933884298 0.03202160493827161 0.009297520661157025
0 0.06076388888888889 0.9762396694214877 0.013503086419753086 0.006198347107438017
0 0.07600308641975309 0.9757231404958677 0.009259259259259259 0.007231404958677686
0 0.44155092592592593 0.987603305785124 0.08989197530864197 0.013429752066115703
0 0.5297067901234568 0.9829545454545454 0.047839506172839504 0.010330578512396695
1 0.6381172839506173 0.987603305785124 0.011574074074074073 0.008264462809917356
0 0.8778935185185185 0.9855371900826446 0.10532407407407407 0.028925619834710745
0 0.4627700617283951 0.9958677685950413 0.01273148148148148 0.006198347107438017
0 0.5291280864197531 0.9932851239669421 0.08140432098765432 0.009297520661157025
1 0.22955246913580246 0.4478305785123967 0.1769703134936935 0.20245969718983223
4 0.8190586419753086 0.45015495867768596 0.17498611006177506 0.16888528566556552
0 0.11902006172839506 0.8215392561983471 0.013305010915314193 0.00929030224378192
0 0.09895833333333333 0.8236053719008265 0.028656222099566416 0.011448681024344418
0 0.4521604938271605 0.8414256198347108 0.013690813384449907 0.00872646032592974
0 0.2162422839506173 0.8483987603305785 0.028656222099566406 0.011456762533872657
0 0.16859567901234568 0.8977272727272727 0.016579157633097478 0.011355658963547123
0 0.4866898148148148 0.9052169421487604 0.014105608649261622 0.010353886423480615
0 0.1568287037037037 0.9090909090909091 0.01856615557012814 0.012378762782917234
0 0.06963734567901235 0.9173553719008265 0.01639143066840059 0.008665348140555886
0 0.5482253086419753 0.9323347107438017 0.01211968115832287 0.00877700303549257
0 0.10532407407407407 0.9333677685950413 0.015035947756554268 0.010310457106678841
0 0.5306712962962963 0.9331095041322314 0.02462516478578172 0.011539926994889727
0 0.5412808641975309 0.9622933884297521 0.01211968115832287 0.00877700303549257
0 0.18287037037037038 0.9646177685950413 0.014980103057386656 0.009704986767561959
1 0.13252314814814814 0.9692665289256198 0.02030804932138814 0.010194264928726576
0 0.4963348765432099 0.9847623966942148 0.0215387450326953 0.011647174554452647
