0 0.49119718309859156 0.3882042253521127 0.08890845070422536 0.052230046948356805
1 0.27508802816901406 0.48708920187793425 0.022007042253521125 0.018779342723004695
1 0.33076584507042256 0.4847417840375587 0.09022887323943662 0.051643192488262914
0 0.6294014084507042 0.4536384976525822 0.18397887323943662 0.09624413145539906
0 0.48569542253521125 0.5017605633802817 0.20642605633802816 0.06572769953051644
0 0.6221390845070423 0.516725352112676 0.04973591549295775 0.03931924882629108
1 0.441681338028169 0.5416666666666666 0.4159330985915493 0.09624413145539906
3 0.1969630281690141 0.6869131455399061 0.2706866197183099 0.06631455399061033
0 0.504181338028169 0.7109741784037559 0.23107394366197184 0.07453051643192488
0 0.7295334507042254 0.727406103286385 0.2205105633802817 0.06396713615023474
0 0.32548415492957744 0.409037558685446 0.40003429438561305 0.18190553697788367
0 0.3998679577464789 0.3767605633802817 0.08478221794754079 0.05273232329023784
