4 0.409375 0.271875 0.0578125 0.0625
6 0.200390625 0.5307291666666667 0.05078125 0.11979166666666667
3 0.4546875 0.8541666666666666 0.14375 0.05416666666666667
0 0.54609375 0.321875 0.24795053692934593 0.24789214689046998
0 0.276953125 0.35989583333333336 0.22555463218727329 0.30127080449419735
4 0.66015625 0.4895833333333333 0.09010923084728475 0.18746910258981925
4 0.6484375 0.6895833333333333 0.07013519459457633 0.1145187601149741
0 0.2890625 0.7677083333333333 0.21544678621576532 0.26873374512048165
0 0.583984375 0.7927083333333333 0.13840724712799268 0.17018445485630854
1 0.48203125 0.8171875 0.07510783550235303 0.06101170449063839
0 0.4078125 0.81875 0.09359828652883535 0.0643959004893818
