0 0.55 0.11125 0.09833333333333333 0.045
0 0.41 0.175 0.13666666666666666 0.065
3 0.9241666666666667 0.215 0.135 0.035
3 0.20416666666666666 0.28 0.04833333333333333 0.03
0 0.3279166666666667 0.285625 0.0875 0.03875
3 0.5833333333333334 0.33625 0.05333333333333334 0.0375
0 0.4 0.375 0.09 0.04
0 0.5825 0.37125 0.045 0.0325
0 0.7333333333333333 0.40375 0.06333333333333334 0.0375
0 0.1225 0.43375 0.06833333333333333 0.0375
0 0.11833333333333333 0.51125 0.06166666666666667 0.025
0 0.21666666666666667 0.4975 0.043333333333333335 0.035
0 0.5154166666666666 0.47125 0.23916666666666667 0.1275
0 0.1925 0.56875 0.04833333333333333 0.0375
0 0.5195833333333333 0.5625 0.11583333333333333 0.095
0 0.7183333333333334 0.58375 0.07 0.0325
6 0.17333333333333334 0.62125 0.03 0.0325
3 0.175 0.65875 0.04 0.0375
0 0.9616666666666667 0.66625 0.051666666666666666 0.02
1 0.5225 0.69125 0.14333333333333334 0.135
0 0.27 0.7925 0.06333333333333334 0.03
0 0.72375 0.165625 0.08749363527326712 0.05853640254087347
0 0.7229166666666667 0.200625 0.12081899430532701 0.06853105928984839
0 0.5791666666666667 0.238125 0.060891689832689624 0.06645827469080466
