0 0.4169278996865204 0.12578616352201258 0.05642633228840126 0.05870020964360587
0 0.5195924764890282 0.28721174004192873 0.29310344827586204 0.06289308176100629
1 0.46865203761755486 0.3417190775681342 0.0877742946708464 0.041928721174004195
1 0.5721003134796239 0.3438155136268344 0.07836990595611286 0.050314465408805034
0 0.5203761755485894 0.42348008385744235 0.219435736677116 0.050314465408805034
0 0.5219435736677116 0.4716981132075472 0.28213166144200624 0.041928721174004195
0 0.5203761755485894 0.5241090146750524 0.3448275862068966 0.050314465408805034
0 0.5219435736677116 0.59958071278826 0.2225705329153605 0.050314465408805034
1 0.5219435736677116 0.649895178197065 0.16614420062695925 0.050314465408805034
0 0.5869905956112853 0.13522012578616352 0.29935370002615497 0.18641684429114255
0 0.3503134796238245 0.16876310272536688 0.10999999003137789 0.1253888368609715
