0 0.49375 0.2775 0.3025 0.09166666666666666
0 0.4934375 0.3383333333333333 0.204375 0.075
3 0.9275 0.6345833333333334 0.04625 0.015833333333333335
3 0.96625 0.635 0.0275 0.006666666666666667
0 0.960625 0.6525 0.03 0.013333333333333334
0 0.788125 0.665 0.02 0.015
0 0.925 0.6725 0.02625 0.013333333333333334
1 0.37 0.6875 0.01375 0.013333333333333334
0 0.885625 0.6833333333333333 0.02375 0.006666666666666667
0 0.925 0.6858333333333333 0.03125 0.013333333333333334
3 0.961875 0.7008333333333333 0.0325 0.016666666666666666
0 0.969375 0.715 0.015 0.011666666666666667
0 0.95125 0.7308333333333333 0.01625 0.01
0 0.969375 0.7333333333333333 0.015 0.011666666666666667
0 0.8121875 0.66625 0.03177096420896561 0.022223566854177458
