0 0.5125 0.17 0.14 0.05333333333333334
0 0.51 0.43 0.345 0.04
6 0.78 0.48 0.035 0.07333333333333333
0 0.50625 0.5266666666666666 0.4075 0.06
3 0.51 0.6233333333333333 0.355 0.04
3 0.51 0.6533333333333333 0.11 0.02666666666666667
0 0.5125 0.71 0.17 0.06666666666666667
3 0.4275 0.7633333333333333 0.09 0.04
0 0.5925 0.7633333333333333 0.09 0.04
0 0.37125 0.22 0.14331238193719098 0.1498871437216503
0 0.65625 0.22 0.14733869910099912 0.13956099383016862
1 0.2525 0.58 0.0712105437531104 0.2999107650706835
4 0.7325 0.735 0.12279213450312426 0.1959358694062405
0 0.35875 0.8183333333333334 0.20676849632292602 0.22984495596867494
0 0.65125 0.845 0.0925 0.10071409591126326
0 0.535 0.8883333333333333 0.16207106781186553 0.07447099554035531
