6 0.51625 0.25 0.10644427190999921 0.05853406341438112
6 0.66 0.28404255319148936 0.15404493766353566 0.125310574303172
1 0.43125 0.30319148936170215 0.1156117637874739 0.11658453870681286
6 0.6925 0.42659574468085104 0.06650791373455973 0.08693926291938953
6 0.5825 0.5 0.14357492925712542 0.05937262254077241
6 0.5325 0.6085106382978723 0.20892715036327886 0.08707857052338229
6 0.6825 0.6361702127659574 0.09780868809443036 0.08479589710323343
6 0.4325 0.6723404255319149 0.07180451099367274 0.0890814854235119
6 0.69875 0.7819148936170213 0.10457106781186554 0.12539463753276522
6 0.48 0.8329787234042553 0.15982260855038774 0.11248645866789159
6 0.6175 0.8457446808510638 0.11428476690885254 0.06283606630006174
