0 0.5 0.29282407407407407 0.6756198347107438 0.09876543209876543
0 0.10537190082644628 0.3543595679012346 0.08987603305785125 0.030478395061728395
0 0.10950413223140495 0.39949845679012347 0.09504132231404959 0.02353395061728395
0 0.10769628099173553 0.41512345679012347 0.0759297520661157 0.010802469135802469
0 0.5010330578512396 0.3869598765432099 0.6694214876033058 0.09953703703703703
6 0.08806818181818182 0.4324845679012346 0.05010330578512397 0.005401234567901234
6 0.5028409090909091 0.4851466049382716 0.5986570247933884 0.07445987654320987
6 0.5273760330578512 0.5638503086419753 0.390495867768595 0.07137345679012345
4 0.5493285123966942 0.6356095679012346 0.40857438016528924 0.06751543209876543
0 0.4997417355371901 0.7916666666666666 0.1368801652892562 0.021604938271604937
0 0.5891012396694215 0.18209876543209877 0.5396059674854308 0.19057833096337423
1 0.2957128099173554 0.19598765432098766 0.20427849720036545 0.11263595559212321
