6 0.51375 0.05545112781954887 0.1125 0.11090225563909774
6 0.1734375 0.7955827067669173 0.009375 0.1550751879699248
4 0.190625 0.7838345864661654 0.03125 0.19172932330827067
6 0.51625 0.17481203007518797 0.23624989727575296 0.26500763785941633
0 0.40125 0.2730263157894737 0.11657528128728543 0.08606031312355687
1 0.518125 0.31296992481203006 0.10217847695018563 0.12778305212419377
4 0.4575 0.4440789473684211 0.44994049749486037 0.26030492541768663
0 0.3803125 0.5859962406015038 0.10752715090498711 0.14752433603132326
0 0.554375 0.6226503759398496 0.08158496915743484 0.10788312121832798
0 0.4740625 0.644266917293233 0.11672904716284876 0.07598366648430681
