1 0.2056338028169014 0.369140625 0.15492957746478872 0.03828125
1 0.29859154929577464 0.3671875 0.05070422535211268 0.01875
0 0.2605633802816901 0.52109375 0.15211267605633802 0.0375
0 0.7267605633802817 0.52734375 0.16619718309859155 0.046875
1 0.2697183098591549 0.558203125 0.14507042253521127 0.04140625
0 0.7274647887323944 0.56328125 0.21549295774647886 0.04375
0 0.29577464788732394 0.584765625 0.15774647887323945 0.03046875
0 0.6936619718309859 0.805078125 0.19014084507042253 0.02265625
3 0.23098591549295774 0.93125 0.23653151727229946 0.09058195964781497
3 0.24084507042253522 0.970703125 0.2647882937878823 0.10854597023425505
