0 0.4795833333333333 0.2675 0.48083333333333333 0.04875
1 0.7908333333333334 0.60625 0.03 0.01125
0 0.47791666666666666 0.62 0.4575 0.0675
4 0.8083333333333333 0.629375 0.021666666666666667 0.0125
0 0.47041666666666665 0.6671875 0.2625 0.034375
0 0.47375 0.69125 0.13916666666666666 0.03125
6 0.0175 0.8675 0.03333333333333333 0.10375
4 0.020833333333333332 0.94125 0.03 0.04625
4 0.014583333333333334 0.981875 0.025833333333333333 0.03625
0 0.33458333333333334 0.4275 0.21921303214164542 0.07906749230747195
0 0.5891666666666666 0.4325 0.26332383026687184 0.10372078206466796
0 0.7895833333333333 0.6371875 0.03914093751297647 0.01170241776894727
