0 0.49375 0.367578125 0.18541666666666667 0.05234375
0 0.4921875 0.463671875 0.228125 0.03515625
6 0.4947916666666667 0.48125 0.21875 0.025
1 0.4484375 0.678515625 0.203125 0.10546875
0 0.5604166666666667 0.70625 0.07291666666666667 0.0484375
1 0.9671875 0.696875 0.065625 0.1421875
6 0.8786458333333333 0.829296875 0.23584333426432333 0.24559719415009268
0 0.4713541666666667 0.751171875 0.24893892141007232 0.058502903887895384
6 0.95625 0.848828125 0.16627447361591194 0.16771160552909237
1 0.8765625 0.9515625 0.14302041872494348 0.13729960197594587
