1 0.138125 0.31666666666666665 0.03 0.03166666666666667
6 0.16 0.33916666666666667 0.02375 0.03333333333333333
1 0.1725 0.36583333333333334 0.0175 0.028333333333333332
6 0.3565625 0.40375 0.285625 0.18416666666666667
6 0.6821875 0.40791666666666665 0.264375 0.1775
0 0.31 0.5095833333333334 0.1625 0.0425
0 0.4525 0.5108333333333334 0.07875 0.03666666666666667
0 0.590625 0.5108333333333334 0.08 0.03666666666666667
0 0.726875 0.5116666666666667 0.15625 0.04
4 0.9078125 0.5379166666666667 0.044375 0.030833333333333334
1 0.081875 0.31708333333333333 0.0647364142826322 0.06177002697426
4 0.934375 0.34 0.05499648807854584 0.05824827413808435
0 0.070625 0.5141666666666667 0.06099341649025256 0.07328185251142448
0 0.8628125 0.5204166666666666 0.05657726656230324 0.07077781382350168
0 0.1253125 0.53125 0.05395512573584462 0.031235681388172527
