6 0.4772727272727273 0.013429752066115703 0.1921487603305785 0.026859504132231406
6 0.6074380165289256 0.020919421487603305 0.04855371900826446 0.04183884297520661
0 0.44886363636363635 0.4214876033057851 0.6869834710743802 0.25413223140495866
0 0.462551652892562 0.6051136363636364 0.309400826446281 0.06973140495867769
0 0.46461776859504134 0.6668388429752066 0.27634297520661155 0.07024793388429752
0 0.465650826446281 0.731404958677686 0.2887396694214876 0.06921487603305786
0 0.7368285123966942 0.2352789256198347 0.5148182692764519 0.5129109604415032
0 0.25387396694214875 0.14075413223140495 0.28589528360703814 0.19545079533817705
6 0.03899793388429752 0.4057334710743802 0.150206004713626 0.31869506706283557
0 0.7515495867768595 0.7784090909090909 0.1011695902192174 0.09829309910091363
0 0.26730371900826444 0.8478822314049587 0.26361556180782336 0.1668298257803131
0 0.547004132231405 0.8695764462809917 0.3600924936133318 0.1484722793920077
