0 0.47897376543209874 0.26213842975206614 0.055169753086419755 0.020144628099173553
0 0.48032407407407407 0.2768595041322314 0.07407407407407407 0.01962809917355372
0 0.48900462962962965 0.290547520661157 0.024305555555555556 0.00981404958677686
6 0.9014274691358025 0.5325413223140496 0.07600308641975309 0.010330578512396695
4 0.4174382716049383 0.6459194214876033 0.10570987654320987 0.03977272727272727
3 0.4888117283950617 0.7409607438016529 0.41435185185185186 0.05113636363636364
6 0.7220293209876543 0.74974173553719 0.022762345679012346 0.0253099173553719
0 0.36709104938271603 0.4615185950413223 0.20769148318818684 0.11973107398625307
0 0.6008873456790124 0.47856404958677684 0.14686692736361473 0.11930519658178534
6 0.7411265432098766 0.606404958677686 0.15084408923930515 0.21900402738647792
