0 0.5018181818181818 0.1650485436893204 0.16727272727272727 0.06796116504854369
6 0.43272727272727274 0.23786407766990292 0.33090909090909093 0.09223300970873786
4 0.6827272727272727 0.2354368932038835 0.19090909090909092 0.09223300970873786
0 0.5381818181818182 0.279126213592233 0.13818181818181818 0.06310679611650485
4 0.3381818181818182 0.5388349514563107 0.22181818181818183 0.03398058252427184
0 0.34 0.5606796116504854 0.17454545454545456 0.02912621359223301
0 0.3190909090909091 0.1929611650485437 0.2126297330363224 0.12226994897327435
0 0.73 0.19053398058252427 0.23088399088254535 0.1428410436830516
0 0.35363636363636364 0.29975728155339804 0.22370188502541433 0.10448167527618193
0 0.7154545454545455 0.29854368932038833 0.20902539389790037 0.11610882836920434
