4 0.08314043209876543 0.19266528925619836 0.02816358024691358 0.11260330578512397
0 0.4506172839506173 0.5446797520661157 0.2638888888888889 0.10795454545454546
6 0.2962962962962963 0.6588326446280992 0.23919753086419754 0.10382231404958678
3 0.5329861111111112 0.6513429752066116 0.19637345679012347 0.09090909090909091
1 0.6755401234567902 0.6513429752066116 0.05555555555555555 0.07024793388429752
1 0.09972993827160494 0.7115185950413223 0.018132716049382717 0.019111570247933883
1 0.040123456790123455 0.7675619834710744 0.019290123456790122 0.012396694214876033
0 0.8869598765432098 0.81275826446281 0.06635802469135803 0.05113636363636364
6 0.9079861111111112 0.8522727272727273 0.03356481481481482 0.02066115702479339
6 0.8931327160493827 0.8773243801652892 0.06867283950617284 0.02221074380165289
6 0.9020061728395061 0.9238119834710744 0.06172839506172839 0.021177685950413222
6 0.9025848765432098 0.9447314049586777 0.011959876543209876 0.01756198347107438
0 0.8981481481481481 0.9641012396694215 0.06867283950617284 0.0253099173553719
6 0.9048996913580247 0.9865702479338843 0.04050925925925926 0.022727272727272728
0 0.29398148148148145 0.3442665289256198 0.18148446784791653 0.16475663333963186
0 0.37114197530864196 0.44860537190082644 0.3437398642338154 0.29379994256289294
0 0.605516975308642 0.48708677685950413 0.17677234358669142 0.2282982128823527
