0 0.37042389210019266 0.16939890710382513 0.5578034682080925 0.10109289617486339
4 0.8646435452793835 0.16325136612021857 0.27071290944123316 0.040983606557377046
0 0.6083815028901735 0.27561475409836067 0.05684007707129094 0.018442622950819672
4 0.4682080924855491 0.5450819672131147 0.10789980732177264 0.03278688524590164
0 0.2745664739884393 0.5546448087431693 0.055876685934489405 0.01639344262295082
0 0.7456647398843931 0.8640710382513661 0.09633911368015415 0.017759562841530054
0 0.8815028901734104 0.85724043715847 0.06358381502890173 0.017759562841530054
0 0.8959537572254336 0.875 0.06165703275529865 0.017759562841530054
0 0.8429672447013488 0.8954918032786885 0.09441233140655106 0.020491803278688523
0 0.20857418111753373 0.9132513661202186 0.2649325626204239 0.0546448087431694
0 0.8068400770712909 0.9286202185792349 0.2957610789980732 0.05122950819672131
0 0.1416184971098266 0.9685792349726776 0.12138728323699421 0.04918032786885246
1 0.2726396917148362 0.9685792349726776 0.05202312138728324 0.04371584699453552
0 0.5004816955684007 0.9648224043715847 0.313102119460501 0.05942622950819672
1 0.4503853564547206 0.05976775956284153 0.15213428855791358 0.03052220793075623
1 0.3063583815028902 0.07923497267759563 0.13550087239860578 0.03905233163549345
4 0.49710982658959535 0.6875 0.8997868989014048 0.2588429926524008
0 0.7591522157996147 0.8203551912568307 0.2013735135937613 0.05983411013344739
1 0.5736994219653179 0.819672131147541 0.16058313546931843 0.058652248513994844
0 0.821290944123314 0.860655737704918 0.05206370015354566 0.02129085472729159
0 0.47639691714836224 0.8852459016393442 0.11641540645335134 0.07096836344032474
0 0.8294797687861272 0.8773907103825137 0.06903493696059546 0.021522446470743604
0 0.5891136801541426 0.9139344262295082 0.13355289931671502 0.06959898776285516
