0 0.3296875 0.246875 0.309375 0.0890625
0 0.65 0.24375 0.20625 0.0859375
0 0.9052083333333333 0.24375 0.18958333333333333 0.08125
0 0.6005208333333333 0.34765625 0.271875 0.075
0 0.8864583333333333 0.34375 0.22708333333333333 0.071875
0 0.5333333333333333 0.3984375 0.052083333333333336 0.0296875
0 0.9 0.397265625 0.18333333333333332 0.05078125
1 0.7385416666666667 0.5125 0.15625 0.0578125
0 0.6333333333333333 0.73984375 0.04791666666666667 0.015625
0 0.61875 0.402734375 0.14890028323958238 0.05959890381974105
