0 0.23295454545454544 0.016203703703703703 0.028925619834710745 0.018518518518518517
4 0.24870867768595042 0.027584876543209878 0.030475206611570247 0.015817901234567902
0 0.45919421487603307 0.30671296296296297 0.1725206611570248 0.040123456790123455
0 0.5237603305785123 0.33815586419753085 0.11570247933884298 0.03973765432098766
0 0.4452479338842975 0.3726851851851852 0.08161157024793389 0.023148148148148147
0 0.5113636363636364 0.2044753086419753 0.2528395325798606 0.14891250109801563
4 0.3525309917355372 0.23013117283950618 0.12295576104925875 0.11195754563772795
0 0.5699896694214877 0.2980324074074074 0.062226697998501224 0.032638888888888856
0 0.3419421487603306 0.3148148148148148 0.07329790714914045 0.03469415813479753
0 0.400051652892562 0.3487654320987654 0.13616812469332976 0.03985207700775308
0 0.5196280991735537 0.36709104938271603 0.07223458359821994 0.021103931419421115
0 0.3827479338842975 0.3775077160493827 0.050237555182434925 0.019966456411529276
