3 0.24170524691358025 0.04700413223140496 0.29128086419753085 0.09400826446280992
0 0.7092978395061729 0.05397727272727273 0.22723765432098766 0.10795454545454546
0 0.08969907407407407 0.2856404958677686 0.17939814814814814 0.13119834710743802
3 0.4756944444444444 0.2825413223140496 0.47685185185185186 0.12396694214876033
1 0.8821373456790124 0.28486570247933884 0.2357253086419753 0.11208677685950413
0 0.44830246913580246 0.4478305785123967 0.4791666666666667 0.25206611570247933
3 0.4357638888888889 0.6002066115702479 0.40084876543209874 0.08057851239669421
0 0.12133487654320987 0.7644628099173554 0.24266975308641975 0.09607438016528926
0 0.49209104938271603 0.7621384297520661 0.3460648148148148 0.09555785123966942
6 0.8499228395061729 0.7618801652892562 0.3001543209876543 0.09090909090909091
