0 0.7673100490196079 0.44812091503267976 0.0389093137254902 0.008169934640522876
0 0.7682291666666666 0.4624183006535948 0.05238970588235294 0.022058823529411766
4 0.7982536764705882 0.5210375816993464 0.008884803921568627 0.01511437908496732
6 0.8112745098039216 0.5243055555555556 0.006127450980392157 0.010212418300653595
1 0.8080575980392157 0.5324754901960784 0.005821078431372549 0.010212418300653595
0 0.7783394607843137 0.5428921568627451 0.015625 0.008169934640522876
0 0.7647058823529411 0.559640522875817 0.017769607843137254 0.010620915032679739
4 0.7810968137254902 0.6006944444444444 0.09160539215686274 0.06985294117647059
0 0.3408394607843137 0.258374183006536 0.20066963360990403 0.1842240140996159
0 0.16299019607843138 0.2900326797385621 0.14588649675442183 0.19504816678689293
0 0.31816789215686275 0.3290441176470588 0.15900732623526534 0.12784852605512734
4 0.19347426470588236 0.36519607843137253 0.10588890316700711 0.1434287330149056
0 0.8118872549019608 0.4381127450980392 0.17373688143392763 0.21854054680218618
6 0.44056372549019607 0.5357434640522876 0.15232511136168006 0.3353733678168137
4 0.7000612745098039 0.4652777777777778 0.08024632519766607 0.15277045908041742
3 0.18535539215686275 0.6284722222222222 0.3988633902095024 0.47099429220849676
4 0.35723039215686275 0.5249183006535948 0.07337651867042629 0.1280727124719703
6 0.7991727941176471 0.5320669934640523 0.024441474621549813 0.037803962824563386
0 0.21767769607843138 0.559640522875817 0.09050303825702509 0.11191866595354893
1 0.7815563725490197 0.5290032679738562 0.02642369806236045 0.02875816993464056
0 0.758578431372549 0.5406454248366013 0.027565249030503454 0.02159666485862302
0 0.8023897058823529 0.5416666666666666 0.016787524079961934 0.023529441845268968
0 0.7781862745098039 0.5498366013071896 0.026218660773284285 0.015420695619034891
4 0.7921262254901961 0.5531045751633987 0.01790133936974565 0.017509804149705988
0 0.7513786764705882 0.5549428104575164 0.015011952423813122 0.014218478133595709
0 0.36151960784313725 0.5855800653594772 0.07725289243796238 0.10622789727774504
0 0.7795649509803921 0.5588235294117647 0.014790725392792999 0.010660289911216191
0 0.2922794117647059 0.5863970588235294 0.07114985237005583 0.0487133566710093
0 0.22319240196078433 0.6166258169934641 0.0793184793265689 0.08045751850687603
0 0.2925857843137255 0.6292892156862745 0.06749833179321083 0.04896297316933496
