0 0.46875 0.19270833333333334 0.225 0.09583333333333334
0 0.4890625 0.2703125 0.265625 0.09479166666666666
0 0.469140625 0.4890625 0.21328125 0.103125
1 0.590625 0.734375 0.0484375 0.06666666666666667
1 0.4546875 0.809375 0.2734375 0.14583333333333334
0 0.7359375 0.215625 0.3249964581025357 0.18328517080969345
4 0.29140625 0.21614583333333334 0.13813874183449198 0.10913540946465024
0 0.153125 0.26145833333333335 0.14561205921170872 0.1238506400827353
0 0.687109375 0.28229166666666666 0.1233802906746165 0.10402877687073904
0 0.282421875 0.29739583333333336 0.14429070295961174 0.11335805996556883
