6 0.47890625 0.014583333333333334 0.0921875 0.029166666666666667
4 0.44609375 0.3125 0.36875 0.11458333333333333
1 0.17265625 0.47604166666666664 0.05 0.041666666666666664
6 0.583984375 0.49583333333333335 0.05078125 0.04375
0 0.694140625 0.4822916666666667 0.08671875 0.052083333333333336
0 0.17265625 0.5458333333333333 0.0375 0.014583333333333334
3 0.1984375 0.55 0.021875 0.025
0 0.44609375 0.5520833333333334 0.0359375 0.025
6 0.69296875 0.5572916666666666 0.0609375 0.027083333333333334
0 0.52734375 0.8385416666666666 0.05625 0.0375
0 0.680078125 0.85 0.13203125 0.04583333333333333
1 0.17421875 0.9197916666666667 0.071875 0.041666666666666664
0 0.5265625 0.9041666666666667 0.0578125 0.03958333333333333
0 0.9375 0.95625 0.040625 0.03333333333333333
0 0.37890625 0.15208333333333332 0.19371366155515818 0.13328771920749768
0 0.659765625 0.21458333333333332 0.4020805119598613 0.35206279191481765
0 0.184375 0.23489583333333333 0.21558866155515818 0.24933009074114
0 0.453125 0.46927083333333336 0.04996622943598421 0.04667914916277525
1 0.139453125 0.7859375 0.04881830403305827 0.0332525102991409
