0 0.25 0.5458333333333333 0.0296875 0.014583333333333334
6 0.021875 0.6260416666666667 0.04375 0.052083333333333336
0 0.018359375 0.7114583333333333 0.03671875 0.020833333333333332
0 0.90859375 0.7375 0.1234375 0.029166666666666667
0 0.02109375 0.775 0.021875 0.014583333333333334
1 0.015625 0.8052083333333333 0.0234375 0.0125
3 0.0140625 0.9020833333333333 0.028125 0.025
6 0.00859375 0.9416666666666667 0.0171875 0.029166666666666667
0 0.49921875 0.30833333333333335 0.2903591652402634 0.25828853045159234
0 0.2860283297959426 0.32760416666666664 0.2278938931984138 0.19540874422640897
1 0.008984375 0.7453125 0.019308582696425852 0.014638238780450527
0 0.012109375 0.9786458333333333 0.025498799875811003 0.016636756106622148
