1 0.6384479717813051 0.44642857142857145 0.08112874779541446 0.037698412698412696
0 0.5608465608465608 0.5024801587301587 0.48324514991181655 0.09623015873015874
4 0.5440917107583775 0.5997023809523809 0.18871252204585537 0.04265873015873016
0 0.5908289241622575 0.34424603174603174 0.24675014906625056 0.08719985272471283
4 0.4038800705467372 0.3725198412698413 0.23012238416736372 0.13710888970481452
3 0.6393298059964727 0.4007936507936508 0.28233303049207326 0.14480158495276912
4 0.7301587301587301 0.40029761904761907 0.15162749179482246 0.11403158824379192
4 0.4417989417989418 0.3923611111111111 0.13660674116293134 0.08173941968001151
6 0.7037037037037037 0.59375 0.16933391458088623 0.12171593575604897
0 0.43562610229276894 0.6155753968253969 0.16818210816942006 0.1080963036875383
4 0.5405643738977073 0.6220238095238095 0.1639770498209312 0.03352652102401002
0 0.5749559082892416 0.6517857142857143 0.1509307032874774 0.04778928578931735
