0 0.473125 0.355 0.0875 0.06
0 0.295625 0.385 0.05875 0.06666666666666667
3 0.976875 0.9583333333333334 0.04625 0.06666666666666667
0 0.376875 0.3625 0.10517643863786091 0.07671828034032112
0 0.5559375 0.3645833333333333 0.09392356776330786 0.07906111296916662
0 0.6925 0.4195833333333333 0.21357155045325726 0.17581053724723675
0 0.1746875 0.45416666666666666 0.20360172756322192 0.19728268287976833
0 0.8321875 0.5233333333333333 0.13140350918128887 0.15830457288624986
0 0.9353125 0.92875 0.0731147085424621 0.08743018925674316
0 0.9734375 0.9870833333333333 0.03187273960170785 0.029005695392535245
