0 0.23103448275862068 0.5735632183908046 0.27241379310344827 0.10114942528735632
3 0.21551724137931033 0.7149425287356321 0.04482758620689655 0.009195402298850575
1 0.1724137931034483 0.7551724137931034 0.08620689655172414 0.013793103448275862
6 0.24310344827586206 0.7563218390804598 0.04482758620689655 0.009195402298850575
3 0.28793103448275864 0.7563218390804598 0.041379310344827586 0.016091954022988506
6 0.55 0.7298850574712644 0.027586206896551724 0.059770114942528735
3 0.14741379310344827 0.7804597701149425 0.07413793103448275 0.016091954022988506
1 0.253448275862069 0.7816091954022989 0.05862068965517241 0.009195402298850575
0 0.20517241379310344 0.7942528735632184 0.041379310344827586 0.013793103448275862
6 0.28706896551724137 0.7902298850574713 0.12586206896551724 0.01954022988505747
0 0.14655172413793102 0.8103448275862069 0.03793103448275862 0.006896551724137931
3 0.23620689655172414 0.8114942528735632 0.05862068965517241 0.009195402298850575
0 0.41206896551724137 0.6517241379310345 0.05636326064825043 0.023240000902184886
0 0.4939655172413793 0.6683908045977012 0.14957377357974194 0.08383248988799781
0 0.3310344827586207 0.7752873563218391 0.055105450605830796 0.015939806020167546
0 0.14741379310344827 0.7908045977011494 0.06721031872555286 0.015559129378384726
