0 0.55390625 0.159375 0.065625 0.041666666666666664
0 0.5609375 0.18958333333333333 0.0546875 0.03958333333333333
0 0.33125 0.3125 0.021875 0.025
4 0.52890625 0.3421875 0.1078125 0.034375
4 0.54453125 0.3572916666666667 0.075 0.016666666666666666
0 0.36953125 0.4270833333333333 0.0296875 0.025
1 0.35390625 0.45729166666666665 0.028125 0.020833333333333332
0 0.70390625 0.49375 0.0234375 0.025
0 0.35625 0.5239583333333333 0.0296875 0.0125
6 0.02265625 0.5635416666666667 0.01875 0.020833333333333332
0 0.415234375 0.68125 0.15859375 0.05416666666666667
4 0.383984375 0.7161458333333334 0.09765625 0.046875
1 0.459765625 0.7541666666666667 0.06328125 0.025
1 0.271875 0.16354166666666667 0.1655490514828003 0.17495260621429984
1 0.4828125 0.19166666666666668 0.09629942817640007 0.08887812955491584
0 0.273828125 0.2453125 0.15545997957396285 0.16140141155118143
1 0.5125 0.24322916666666666 0.07467952405710054 0.05404465606484221
1 0.516015625 0.2786458333333333 0.07380714340487185 0.05638495254310844
0 0.529296875 0.3177083333333333 0.10912907254426418 0.04132453380761601
1 0.35234375 0.3229166666666667 0.02966609563850895 0.028846153846153893
0 0.521484375 0.4427083333333333 0.04440664297656358 0.03929883319605227
6 0.557421875 0.44635416666666666 0.016354803964472885 0.015192966643967883
6 0.411328125 0.4828125 0.03508357607241215 0.02347882592659154
0 0.446484375 0.4895833333333333 0.0445248331351058 0.022696723314583167
3 0.451171875 0.7296875 0.04917480799260776 0.025636918828433154
0 0.379296875 0.7453125 0.038259095577787686 0.019504029614912117
0 0.411328125 0.7479166666666667 0.03508357607241215 0.024560113295833002
