1 0.2484375 0.425 0.01875 0.025
1 0.44296875 0.471875 0.0234375 0.03958333333333333
0 0.4578125 0.5083333333333333 0.01875 0.029166666666666667
6 0.38359375 0.40625 0.1341212801629959 0.1291171379830974
6 0.283984375 0.39166666666666666 0.0751214199437495 0.07260543715990965
3 0.315234375 0.459375 0.11247315260282358 0.07917609484532567
6 0.398828125 0.49635416666666665 0.05594369177074632 0.08221022087588192
4 0.342578125 0.590625 0.2085774480093004 0.13742827607404795
3 0.334765625 0.7182291666666667 0.1335752632333124 0.09886858490085189
4 0.2890625 0.765625 0.10719815750748696 0.12495722090070534
6 0.402734375 0.7848958333333333 0.14923364853554127 0.1355001467547223
