6 0.3098958333333333 0.046484375 0.11770833333333333 0.04765625
4 0.46875 0.4859375 0.09375 0.0296875
0 0.5026041666666666 0.534765625 0.4322916666666667 0.06328125
1 0.5 0.58828125 0.10625 0.03125
0 0.61875 0.450390625 0.19971453644890533 0.11637106641299089
0 0.38385416666666666 0.452734375 0.18415760300318346 0.12007972682502052
6 0.5505208333333333 0.4859375 0.07777682511167724 0.042044852274517555
0 0.6572916666666667 0.5859375 0.10847711400313736 0.07547598850167425
0 0.3828125 0.60234375 0.18619253247196024 0.10152901535840879
0 0.5401041666666667 0.62265625 0.1693634970770745 0.05546863791087393
