6 0.034375 0.37421875 0.06875 0.0640625
6 0.9895833333333334 0.5640625 0.01875 0.0296875
4 0.925 0.6265625 0.15 0.078125
1 0.8802083333333334 0.67734375 0.03958333333333333 0.0234375
1 0.3927083333333333 0.84296875 0.041666666666666664 0.040625
4 0.5135416666666667 0.878125 0.0375 0.0359375
6 0.6135416666666667 0.90703125 0.05625 0.0421875
0 0.9395833333333333 0.909375 0.014583333333333334 0.0171875
4 0.871875 0.976171875 0.1125 0.04765625
0 0.46458333333333335 0.10859375 0.07853096162899612 0.06188915272766966
6 0.5078125 0.167578125 0.12039541821078549 0.05837200659872397
6 0.5614583333333333 0.202734375 0.11558677098713559 0.08911688681337315
6 0.5046875 0.194921875 0.12415866583874001 0.06894356244619111
0 0.28802083333333334 0.421875 0.11085149407166135 0.07339567112688283
3 0.15208333333333332 0.49453125 0.428583971784222 0.2406086067706074
1 0.0515625 0.521484375 0.11345125679781477 0.06322342122142466
4 0.9244791666666666 0.53984375 0.17538586011803783 0.06552531904030072
1 0.13802083333333334 0.555078125 0.07603280508207237 0.049117936938124454
0 0.9177083333333333 0.57578125 0.14684881075482206 0.06298053686347131
1 0.18645833333333334 0.57421875 0.075 0.04833301253115287
0 0.58125 0.63671875 0.31000236751337135 0.19529034091491457
1 0.23489583333333333 0.593359375 0.07186494030885389 0.045976960935482224
1 0.2796875 0.610546875 0.06978091474476382 0.0444050253673776
0 0.9458333333333333 0.66796875 0.10797588984322128 0.040600868364730223
0 0.7203125 0.82421875 0.6030530507883268 0.3421725170202251
0 0.8255208333333334 0.74609375 0.23627031773128473 0.14059457153879507
6 0.415625 0.759765625 0.25568253435702126 0.16167803336059947
4 0.35104166666666664 0.830078125 0.08468844056160213 0.05847783307935437
0 0.45260416666666664 0.86171875 0.12795080502288142 0.07335303927655587
4 0.5630208333333333 0.89140625 0.10305986262621876 0.05771884401368048
4 0.66875 0.921484375 0.09566330631986683 0.05536584113363681
0 0.9703125 0.919140625 0.07811452440076559 0.04287408152553311
3 0.7942708333333334 0.95703125 0.0968142958606741 0.056150321255567445
