0 0.490234375 0.040625 0.20078125 0.0578125
0 0.42890625 0.080859375 0.06875 0.02265625
1 0.5609375 0.0734375 0.0515625 0.0296875
0 0.428515625 0.11640625 0.07421875 0.0203125
1 0.5671875 0.10859375 0.0390625 0.028125
1 0.575 0.13984375 0.0171875 0.0125
0 0.412890625 0.151171875 0.04296875 0.01953125
0 0.50078125 0.266796875 0.7953125 0.16171875
0 0.078125 0.44453125 0.065625 0.0203125
0 0.078125 0.4671875 0.0609375 0.0140625
0 0.57265625 0.558203125 0.153125 0.08046875
4 0.71171875 0.57421875 0.06875 0.06875
1 0.1796875 0.646875 0.04375 0.025
4 0.61875 0.87734375 0.025 0.0234375
0 0.091015625 0.456640625 0.032018565101071636 0.011394724982976001
4 0.334765625 0.54453125 0.05292532780857249 0.10466790870360203
0 0.122265625 0.608203125 0.16169620103082946 0.05536584113363698
0 0.538671875 0.6234375 0.03957288136068353 0.026289415210600887
0 0.073046875 0.63203125 0.056998939371876126 0.026402135306407892
0 0.651171875 0.640234375 0.04705894745319696 0.03335327467275508
0 0.69296875 0.647265625 0.05438567886100341 0.03652289916277525
0 0.072265625 0.6625 0.061691337189633225 0.026402135306407892
0 0.915234375 0.698828125 0.18357786039710752 0.06631950683213698
0 0.058984375 0.68984375 0.03815848182137857 0.02322920501938448
0 0.86953125 0.7296875 0.08749250865187612 0.03579754296943118
0 0.51484375 0.734765625 0.07498552307925958 0.04754788533592791
1 0.515234375 0.81171875 0.7773236411403577 0.22341963904421194
0 0.868359375 0.768359375 0.09609220983238806 0.03658525158804586
0 0.844921875 0.801171875 0.05854528405781423 0.030267301895781883
0 0.53984375 0.855078125 0.05468692790016263 0.03973212684461238
3 0.580859375 0.866015625 0.05219734342844244 0.038103252117394605
