6 0.509375 0.15546875 0.016666666666666666 0.021875
0 0.8151041666666666 0.183984375 0.051041666666666666 0.01328125
1 0.5072916666666667 0.20234375 0.029166666666666667 0.015625
0 0.6864583333333333 0.546875 0.03125 0.025
0 0.6083333333333333 0.60859375 0.022916666666666665 0.015625
0 0.6104166666666667 0.68515625 0.03125 0.0125
0 0.2713541666666667 0.43359375 0.07187056920770288 0.02322920501938448
0 0.4671875 0.500390625 0.07806037874375218 0.03185089350456636
0 0.4635416666666667 0.574609375 0.07906159626714467 0.033431390904820016
0 0.6385416666666667 0.608984375 0.05623782861551803 0.03658525158804586
0 0.240625 0.655078125 0.08326898230594723 0.0444050253673776
0 0.22239583333333332 0.669921875 0.044706677919339556 0.025610540567582163
0 0.25364583333333335 0.677734375 0.053050727930968 0.030267301895781883
3 0.6109375 0.71796875 0.14879650563075775 0.044699937887719976
