0 0.0875 0.0703125 0.175 0.0375
4 0.14583333333333334 0.6203125 0.06875 0.0328125
0 0.13072916666666667 0.365625 0.069038466335496 0.018279320153882405
0 0.13489583333333333 0.388671875 0.17026738345442632 0.052869734292746884
0 0.1359375 0.4125 0.0584619533726793 0.016805928116958135
6 0.115625 0.521484375 0.17919073151189469 0.1169124695792286
1 0.165625 0.57109375 0.2408103274874822 0.12818683476339937
4 0.20260416666666667 0.607421875 0.09382402897069321 0.05860494619746781
0 0.190625 0.650390625 0.08782057182469417 0.050876243070779203
0 0.1203125 0.6640625 0.09320014161979123 0.050469645372880304
0 0.18541666666666667 0.684375 0.09240490578955646 0.06156798695206156
1 0.121875 0.69453125 0.0810361804085438 0.05037912607362394
0 0.16979166666666667 0.72109375 0.15208333333333332 0.07490860311351817
0 0.21979166666666666 0.7296875 0.10714577438093788 0.05412020962099682
