0 0.46510416666666665 0.081640625 0.21770833333333334 0.03046875
0 0.43697916666666664 0.10390625 0.24895833333333334 0.0328125
6 0.7078125 0.098828125 0.090625 0.19765625
0 0.8880208333333334 0.185546875 0.16145833333333334 0.02578125
0 0.5020833333333333 0.23828125 0.07291666666666667 0.03125
0 0.8901041666666667 0.236328125 0.190625 0.02421875
4 0.5208333333333334 0.26796875 0.13333333333333333 0.04375
0 0.446875 0.3953125 0.08958333333333333 0.01875
0 0.3046875 0.453125 0.2947916666666667 0.075
0 0.5239583333333333 0.4765625 0.10625 0.0203125
3 0.31197916666666664 0.598828125 0.31145833333333334 0.04921875
6 0.578125 0.5859375 0.041666666666666664 0.0421875
0 0.240625 0.64140625 0.125 0.03125
0 0.240625 0.66875 0.1375 0.0328125
1 0.3958333333333333 0.65546875 0.12708333333333333 0.046875
0 0.31354166666666666 0.70234375 0.25416666666666665 0.028125
0 0.3078125 0.7296875 0.27395833333333336 0.0328125
1 0.35520833333333335 0.76796875 0.14791666666666667 0.046875
0 0.25885416666666666 0.80703125 0.084375 0.03125
1 0.359375 0.80703125 0.075 0.028125
0 0.31354166666666666 0.83515625 0.275 0.028125
3 0.3140625 0.86484375 0.290625 0.03125
