1 0.3671875 0.14502762430939226 0.0171875 0.022099447513812154
1 0.1390625 0.15607734806629833 0.0171875 0.022099447513812154
0 0.2109375 0.19820441988950277 0.103125 0.05386740331491713
0 0.230859375 0.24240331491712708 0.07109375 0.04558011049723757
1 0.27734375 0.2886740331491713 0.028125 0.016574585635359115
0 0.1828125 0.4102209944751381 0.103125 0.052486187845303865
0 0.023828125 0.47375690607734805 0.04765625 0.049723756906077346
0 0.180078125 0.4647790055248619 0.11796875 0.05939226519337017
0 0.366796875 0.4889502762430939 0.06484375 0.049723756906077346
1 0.2484375 0.5151933701657458 0.0296875 0.022099447513812154
6 0.70234375 0.5193370165745856 0.0203125 0.011049723756906077
6 0.74453125 0.511049723756906 0.0171875 0.011049723756906077
0 0.378125 0.5331491712707183 0.046875 0.011049723756906077
0 0.008203125 0.5497237569060773 0.01640625 0.019337016574585635
6 0.77734375 0.5966850828729282 0.0234375 0.011049723756906077
0 0.391015625 0.6201657458563536 0.06328125 0.024861878453038673
0 0.175390625 0.6533149171270718 0.11015625 0.052486187845303865
0 0.025390625 0.6906077348066298 0.05078125 0.052486187845303865
0 0.170703125 0.7161602209944752 0.12578125 0.05662983425414365
0 0.38046875 0.7306629834254144 0.071875 0.06077348066298342
0 0.5703125 0.7154696132596685 0.053125 0.03314917127071823
0 0.209375 0.7527624309392266 0.0390625 0.016574585635359115
0 0.57421875 0.7582872928176796 0.05625 0.016574585635359115
0 0.73671875 0.7624309392265194 0.0375 0.019337016574585635
0 0.008984375 0.7748618784530387 0.01796875 0.022099447513812154
3 0.24296875 0.7776243093922652 0.034375 0.022099447513812154
1 0.9265625 0.9765193370165746 0.0328125 0.022099447513812154
4 0.89296875 0.3328729281767956 0.04925924981268004 0.09654410078135525
0 0.9078125 0.35082872928176795 0.0538061192456805 0.10144097671621093
0 0.724609375 0.412292817679558 0.030454675672516095 0.03149961469288386
0 0.383203125 0.42886740331491713 0.028890546083845604 0.03149961469288386
0 0.7078125 0.47790055248618785 0.04840819102888592 0.04387702713588313
6 0.723828125 0.5151933701657458 0.022491292485937286 0.014838095791033455
1 0.886328125 0.649171270718232 0.05677729126448945 0.09658573508633515
4 0.345703125 0.6277624309392266 0.028741292485937375 0.018968299774537307
0 0.770703125 0.6415745856353591 0.042939723686263774 0.04807573821967152
0 0.73828125 0.6429558011049724 0.0375 0.04666185202114375
6 0.875390625 0.6671270718232044 0.05557902414866298 0.11316013735260033
0 0.584375 0.6484806629834254 0.032760791214340834 0.036834641194769265
0 0.395703125 0.6602209944751382 0.0380806785654622 0.04647852412923898
0 0.360546875 0.6691988950276243 0.051140441310533635 0.07429316051600249
0 0.756640625 0.7071823204419889 0.06607633497187475 0.06055839394436403
6 0.765234375 0.7541436464088398 0.02399608269642588 0.01769651509959516
6 0.402734375 0.7769337016574586 0.036436299875811026 0.02449629527450584
