0 0.9484375 0.4140625 0.103125 0.040625
4 0.498046875 0.549609375 0.41953125 0.11328125
0 0.051953125 0.643359375 0.07578125 0.03046875
6 0.5140625 0.6421875 0.2375 0.05625
3 0.041796875 0.7453125 0.08359375 0.0296875
6 0.037890625 0.77734375 0.07578125 0.034375
0 0.057421875 0.83828125 0.11484375 0.046875
6 0.663671875 0.881640625 0.14765625 0.19921875
0 0.38984375 0.0796875 0.27408971736866933 0.1693960241583509
0 0.64375 0.11171875 0.25051539393925565 0.2077965123438245
0 0.47109375 0.287890625 0.13041754793333898 0.14448262442894827
