6 0.12795549374130738 0.07734375 0.03616133518776078 0.0125
6 0.0584144645340751 0.1125 0.05006954102920723 0.01875
0 0.6453407510431154 0.39609375 0.06954102920723226 0.015625
0 0.6342141863699583 0.42578125 0.03616133518776078 0.009375
0 0.885952712100139 0.41875 0.09735744089012517 0.01875
3 0.8887343532684284 0.4453125 0.10013908205841446 0.0109375
3 0.8970792767732962 0.50390625 0.06954102920723226 0.0046875
0 0.8984700973574409 0.5171875 0.055632823365785816 0.00625
6 0.06675938803894298 0.081640625 0.11958719869169784 0.04287408152553316
1 0.048678720445062586 0.094140625 0.07472445044257327 0.027087685851373156
6 0.14394993045897078 0.097265625 0.07641126142137274 0.030267301895781917
0 0.11196105702364395 0.10703125 0.08479083874777187 0.032641490201390344
0 0.11752433936022254 0.123828125 0.0903966221811542 0.030348512336377587
0 0.06606397774687066 0.13046875 0.10428972013337601 0.03264149020139033
0 0.08831710709318498 0.149609375 0.08467800285694788 0.0286798841457526
6 0.6015299026425591 0.28203125 0.30621853008401256 0.3171627405127221
0 0.9061196105702365 0.49375 0.03193974566459674 0.008917354345603989
