0 0.58125 0.28229166666666666 0.0328125 0.016666666666666666
3 0.26640625 0.35989583333333336 0.1609375 0.034375
4 0.59609375 0.35833333333333334 0.0375 0.04375
0 0.26796875 0.4114583333333333 0.2203125 0.08958333333333333
1 0.56171875 0.43020833333333336 0.0375 0.041666666666666664
3 0.27265625 0.4552083333333333 0.14375 0.041666666666666664
0 0.2765625 0.5020833333333333 0.153125 0.08125
0 0.586328125 0.5520833333333334 0.16015625 0.058333333333333334
4 0.85703125 0.5453125 0.090625 0.057291666666666664
0 0.541796875 0.5901041666666667 0.06953125 0.04479166666666667
0 0.240234375 0.7364583333333333 0.14140625 0.05
0 0.86015625 0.3463541666666667 0.13273226813656355 0.10093696016210482
0 0.78125 0.36666666666666664 0.061445238710744386 0.07828689325833267
0 0.53671875 0.3671875 0.08677359473877644 0.07173447720991509
0 0.64375 0.3651041666666667 0.06201113493757635 0.06124795894562922
4 0.555859375 0.44583333333333336 0.0490834519793756 0.04141270105148713
0 0.788671875 0.5546875 0.054890552213432905 0.05092693579333248
0 0.619921875 0.5791666666666667 0.08819151831986645 0.04689652029936913
4 0.832421875 0.6364583333333333 0.06284333487745215 0.043515639826064975
4 0.623828125 0.6614583333333334 0.05659333487745215 0.04398956358267559
0 0.5578125 0.6723958333333333 0.08441887579102118 0.05041194896858935
0 0.350390625 0.7161458333333334 0.08471323551755602 0.07202021472411364
