0 0.530859375 0.187890625 0.44453125 0.08984375
4 0.0265625 0.41953125 0.053125 0.0203125
0 0.0375 0.44140625 0.0640625 0.0328125
0 0.0328125 0.464453125 0.065625 0.02421875
0 0.13515625 0.48203125 0.0421875 0.0203125
0 0.034375 0.49140625 0.06875 0.0390625
3 0.13515625 0.4984375 0.028125 0.0140625
6 0.046875 0.51640625 0.0328125 0.015625
6 0.01484375 0.5375 0.028125 0.0140625
0 0.566015625 0.595703125 0.14609375 0.03203125
0 0.546484375 0.336328125 0.11593398339883496 0.10505752150946926
6 0.65 0.3453125 0.09090108876692042 0.09840163803702398
0 0.637109375 0.42109375 0.06327750449400842 0.0467966343983647
0 0.644921875 0.521875 0.1099577561608891 0.11448489470116012
0 0.54453125 0.536328125 0.09983035228065518 0.08042397372568981
