0 0.36219640971488914 0.36640625 0.054910242872228086 0.009375
0 0.7539598732840549 0.35546875 0.18373812038014783 0.059375
6 0.7618796198521647 0.4875 0.24181626187961985 0.09375
0 0.7608236536430835 0.620703125 0.2734952481520591 0.03359375
0 0.7650475184794087 0.636328125 0.19746568109820486 0.02265625
0 0.808870116156283 0.6828125 0.046462513199577615 0.01875
0 0.8373812038014784 0.696875 0.13093980992608237 0.0109375
0 0.6399155227032735 0.70390625 0.057022175290390706 0.009375
0 0.7196409714889124 0.701171875 0.10876451953537487 0.01171875
0 0.7249208025343189 0.401171875 0.14097613108215382 0.1124284788843466
4 0.8115100316789863 0.4125 0.06541256929068721 0.08747130643187676
