4 0.121875 0.033203125 0.24375 0.06640625
1 0.80234375 0.05 0.08125 0.0296875
0 0.12890625 0.14453125 0.215625 0.046875
0 0.12890625 0.18828125 0.2171875 0.0421875
0 0.1296875 0.228125 0.253125 0.04375
0 0.134375 0.27890625 0.2140625 0.028125
0 0.7953125 0.32890625 0.0734375 0.028125
0 0.1390625 0.353125 0.2125 0.04375
0 0.13828125 0.383984375 0.1578125 0.02421875
4 0.38046875 0.39765625 0.0890625 0.0234375
0 0.025 0.4265625 0.034375 0.01875
0 0.02421875 0.44296875 0.03125 0.015625
0 0.026953125 0.45859375 0.05390625 0.0125
4 0.03984375 0.575 0.0796875 0.040625
6 0.01953125 0.6453125 0.0390625 0.025
1 0.0171875 0.6875 0.034375 0.01875
0 0.161328125 0.08984375 0.13515606916730158 0.08275989606105419
3 0.07109375 0.096875 0.08338525491562421 0.06855303500242117
0 0.337109375 0.3140625 0.13159141197839755 0.0983480348459996
