4 0.39921875 0.0953125 0.121875 0.0703125
0 0.398828125 0.14453125 0.18203125 0.05
0 0.395703125 0.316015625 0.28828125 0.03515625
0 0.396875 0.34140625 0.2890625 0.028125
0 0.759765625 0.390234375 0.31953125 0.10703125
0 0.0625 0.446875 0.125 0.04375
0 0.6703125 0.44765625 0.1234375 0.028125
1 0.7515625 0.45078125 0.025 0.0203125
0 0.79609375 0.45078125 0.0296875 0.0203125
1 0.840625 0.45234375 0.021875 0.0203125
0 0.11015625 0.5609375 0.1046875 0.040625
1 0.48046875 0.559375 0.0421875 0.025
4 0.782421875 0.5390625 0.38515625 0.0609375
0 0.2015625 0.66875 0.071875 0.0375
0 0.75546875 0.8703125 0.096875 0.0484375
0 0.749609375 0.9171875 0.08984375 0.053125
0 0.3703125 0.042578125 0.0965210952830096 0.07033484381196431
