1 0.8539638386648123 0.018359375 0.0584144645340751 0.03671875
0 0.9638386648122392 0.23125 0.04172461752433936 0.01875
0 0.96105702364395 0.246875 0.03337969401947149 0.0140625
0 0.9652294853963839 0.27265625 0.05006954102920723 0.0203125
0 0.8650904033379694 0.2890625 0.07510431154381085 0.0296875
3 0.9652294853963839 0.2875 0.05006954102920723 0.01875
4 0.5535465924895688 0.3203125 0.22809457579972184 0.09375
0 0.9680111265646731 0.32265625 0.0584144645340751 0.034375
0 0.9638386648122392 0.34375 0.03894297635605007 0.0140625
0 0.9680111265646731 0.37109375 0.05285118219749652 0.015625
0 0.9680111265646731 0.3859375 0.055632823365785816 0.01875
0 0.9707927677329624 0.4015625 0.04728789986091794 0.0140625
0 0.9707927677329624 0.41640625 0.05285118219749652 0.015625
1 0.7746870653685675 0.45546875 0.03894297635605007 0.009375
0 0.41307371349095967 0.54296875 0.08623087621696801 0.0203125
3 0.38803894297635605 0.59296875 0.04450625869262865 0.0125
0 0.3852573018080668 0.60390625 0.03894297635605007 0.009375
4 0.3866481223922114 0.6546875 0.05006954102920723 0.01875
0 0.825452016689847 0.255859375 0.16610179238419437 0.056784196950290064
0 0.9638386648122392 0.261328125 0.05561360644364343 0.022432739659016397
0 0.9673157162726008 0.30234375 0.053893881902696866 0.01842008497187475
6 0.41307371349095967 0.355859375 0.1936402474049636 0.10971802179009807
0 0.9673157162726008 0.35703125 0.06228845538841707 0.02322920501938457
0 0.4902642559109875 0.376953125 0.1504860493309561 0.06809364821258641
0 0.3859527121001391 0.618359375 0.05379218375531604 0.020834593925791366
0 0.4109874826147427 0.64140625 0.056952409445603994 0.013824997350007884
0 0.40264255910987484 0.6671875 0.07927493601654086 0.01860994762103534
0 0.4109874826147427 0.677734375 0.059797868493996015 0.017816969560662345
4 0.3852573018080668 0.689453125 0.05807144988493532 0.022432739659016397
0 0.4179415855354659 0.70703125 0.05145583125013616 0.017022542485937285
0 0.4095966620305981 0.715234375 0.059804458110272775 0.019401671962895682
