4 0.0875 0.015234375 0.052083333333333336 0.03046875
6 0.013541666666666667 0.1703125 0.027083333333333334 0.1125
6 0.6208333333333333 0.27109375 0.10833333333333334 0.0859375
6 0.036458333333333336 0.31875 0.07291666666666667 0.078125
0 0.42604166666666665 0.65703125 0.13333333333333333 0.05
0 0.5536458333333333 0.815234375 0.11354166666666667 0.03828125
0 0.5614583333333333 0.8484375 0.13541666666666666 0.0421875
6 0.07447916666666667 0.144140625 0.17076177252701416 0.27261345502652257
0 0.3640625 0.19921875 0.12154586808236777 0.05166314450516411
0 0.5083333333333333 0.20859375 0.1874944676064599 0.07649975669032427
0 0.1921875 0.2640625 0.2509844429727412 0.16391004881894417
0 0.4083333333333333 0.52578125 0.35728602444495483 0.10201023621213565
0 0.6067708333333334 0.58671875 0.2804993060976126 0.18860288157402358
1 0.16197916666666667 0.573046875 0.13972432383751474 0.12886922388160915
0 0.27239583333333334 0.64453125 0.20310700506600163 0.09683008194574043
