6 0.045703125 0.0515625 0.09140625 0.103125
0 0.38515625 0.14791666666666667 0.1453125 0.10833333333333334
0 0.5265625 0.184375 0.075 0.10208333333333333
0 0.18359375 0.2635416666666667 0.1140625 0.052083333333333336
0 0.1078125 0.29791666666666666 0.075 0.029166666666666667
0 0.24765625 0.321875 0.1 0.04583333333333333
0 0.2015625 0.3578125 0.2375 0.071875
0 0.5328125 0.3416666666666667 0.075 0.05416666666666667
4 0.46015625 0.3854166666666667 0.084375 0.06458333333333334
0 0.75078125 0.4552083333333333 0.0859375 0.05625
4 0.565625 0.521875 0.0234375 0.020833333333333332
0 0.2390625 0.53125 0.09375 0.029166666666666667
3 0.26640625 0.5895833333333333 0.0421875 0.008333333333333333
0 0.204296875 0.09166666666666666 0.22562880415754308 0.16451400814857778
0 0.37109375 0.31145833333333334 0.11523047345604902 0.07898059967705938
0 0.17265625 0.3078125 0.065378526652591 0.05080433615652614
0 0.461328125 0.3265625 0.09252852517942908 0.07587701248048581
0 0.058984375 0.3453125 0.06294412179140833 0.048697198883700325
0 0.66015625 0.459375 0.11127124119080918 0.08245731865439852
0 0.83671875 0.4734375 0.11558871734398793 0.08842600910951587
0 0.575 0.4947916666666667 0.04831336437342717 0.038979676342956064
1 0.896875 0.5046875 0.028087537605472335 0.027779458567721824
