0 0.53828125 0.2708333333333333 0.0546875 0.025
0 0.8046875 0.26666666666666666 0.03125 0.029166666666666667
0 0.89140625 0.2604166666666667 0.0671875 0.029166666666666667
0 0.23828125 0.2864583333333333 0.0890625 0.03125
0 0.47109375 0.28125 0.0265625 0.029166666666666667
0 0.03359375 0.33229166666666665 0.0671875 0.03125
0 0.2953125 0.340625 0.0390625 0.016666666666666666
0 0.04921875 0.3541666666666667 0.040625 0.014583333333333334
3 0.86796875 0.3875 0.16875 0.014583333333333334
0 0.9796875 0.3854166666666667 0.0390625 0.014583333333333334
0 0.837109375 0.259375 0.04389062003126476 0.03236544901100776
0 0.497265625 0.2713541666666667 0.038014269191482875 0.034129142945037334
0 0.0328125 0.2984375 0.029666095638508992 0.027779458567721824
