0 0.41354166666666664 0.273828125 0.21041666666666667 0.05234375
0 0.4171875 0.31796875 0.328125 0.065625
0 0.26666666666666666 0.36875 0.01875 0.0265625
3 0.44479166666666664 0.36171875 0.16666666666666666 0.034375
0 0.403125 0.38203125 0.0625 0.0125
6 0.43697916666666664 0.3953125 0.121875 0.03125
0 0.265625 0.41484375 0.020833333333333332 0.028125
1 0.4630208333333333 0.4140625 0.07395833333333333 0.028125
1 0.26666666666666666 0.46484375 0.01875 0.028125
0 0.4661458333333333 0.578515625 0.190625 0.06796875
3 0.44583333333333336 0.74765625 0.29791666666666666 0.103125
0 0.44375 0.8234375 0.2875 0.040625
