0 0.37421875 0.359375 0.053125 0.0375
0 0.2734375 0.4708333333333333 0.0375 0.025
0 0.399609375 0.4234375 0.25078125 0.10520833333333333
0 0.771875 0.45625 0.1078125 0.06875
3 0.336328125 0.47552083333333334 0.08359375 0.030208333333333334
0 0.424609375 0.4817708333333333 0.03359375 0.028125
0 0.506640625 0.4895833333333333 0.07578125 0.029166666666666667
3 0.325390625 0.5036458333333333 0.14296875 0.030208333333333334
6 0.43515625 0.509375 0.028125 0.016666666666666666
1 0.520703125 0.5161458333333333 0.04140625 0.019791666666666666
1 0.27578125 0.5395833333333333 0.0203125 0.008333333333333333
3 0.37734375 0.540625 0.065625 0.020833333333333332
1 0.9703125 0.10833333333333334 0.0681024913478467 0.0742525973272367
0 0.83828125 0.22916666666666666 0.14084067100470604 0.13014536350406447
0 0.431640625 0.36666666666666664 0.07104887578375921 0.058158170164480084
0 0.873046875 0.465625 0.10005907016085658 0.08316876776994456
0 0.392578125 0.4791666666666667 0.03636129115736701 0.030769230769230778
0 0.453515625 0.48385416666666664 0.03636129115736697 0.031844645984699584
