1 0.50078125 0.24166666666666667 0.0234375 0.0375
0 0.940625 0.29791666666666666 0.11875 0.029166666666666667
0 0.60234375 0.32135416666666666 0.24375 0.11354166666666667
0 0.6 0.415625 0.2109375 0.09166666666666666
6 0.9421875 0.371875 0.115625 0.11875
4 0.9453125 0.46145833333333336 0.109375 0.05625
6 0.558203125 0.496875 0.14453125 0.07708333333333334
0 0.5953125 0.5385416666666667 0.0328125 0.016666666666666666
4 0.944921875 0.5322916666666667 0.11015625 0.05
1 0.5953125 0.5614583333333333 0.0703125 0.0375
0 0.2609375 0.5776041666666667 0.1375 0.065625
1 0.966796875 0.590625 0.06640625 0.04583333333333333
0 0.2578125 0.6385416666666667 0.11875 0.05625
4 0.25625 0.6916666666666667 0.1234375 0.04375
0 0.573828125 0.2015625 0.13707553759081978 0.0790818900271221
0 0.688671875 0.23333333333333334 0.1207889919809018 0.13744791277974688
4 0.458203125 0.30520833333333336 0.10437907005735028 0.1787417243093698
0 0.0109375 0.2994791666666667 0.04848137579102121 0.06946589128689228
6 0.7484375 0.33177083333333335 0.05727405517377058 0.1322446740191127
1 0.198828125 0.3182291666666667 0.0454003493399898 0.08640628379286615
6 0.071484375 0.33125 0.06482958358076703 0.04773005729257503
6 0.053125 0.3723958333333333 0.055323681974803904 0.10725871620513097
6 0.22421875 0.3734375 0.049461268401882384 0.07385529607053722
4 0.444921875 0.46510416666666665 0.05470741617763721 0.1343384142355731
4 0.731640625 0.509375 0.12268444033235788 0.2120804385815217
0 0.503125 0.56875 0.11676305489854748 0.13745682197806103
3 0.61875 0.6083333333333333 0.1440837411908092 0.08074465643761286
