6 0.95078125 0.2015625 0.0296875 0.01875
6 0.43046875 0.41796875 0.1984375 0.0953125
0 0.753125 0.65859375 0.040625 0.0203125
3 0.03359375 0.70234375 0.0671875 0.0203125
0 0.397265625 0.69296875 0.04453125 0.021875
0 0.8046875 0.6953125 0.0234375 0.0140625
0 0.80390625 0.70859375 0.034375 0.015625
0 0.012890625 0.72265625 0.02578125 0.015625
0 0.04296875 0.72109375 0.021875 0.0125
0 0.889453125 0.144140625 0.06305911429273045 0.03968130016899498
4 0.387109375 0.27578125 0.13378355499580596 0.08412408433332752
6 0.473828125 0.291796875 0.06635060030067912 0.06163797342969026
6 0.43515625 0.687890625 0.04409284612765525 0.022601889855147307
0 0.446875 0.790625 0.032470107514754785 0.013120173672946045
0 0.413671875 0.7953125 0.04430858269642588 0.016195449263778895
