4 0.753125 0.16666666666666666 0.0671875 0.11041666666666666
4 0.19765625 0.35833333333333334 0.034375 0.06875
4 0.87578125 0.4270833333333333 0.0390625 0.029166666666666667
4 0.82421875 0.4427083333333333 0.0890625 0.10625
0 0.88125 0.4552083333333333 0.05 0.03125
0 0.88046875 0.4822916666666667 0.0484375 0.027083333333333334
0 0.8515625 0.5072916666666667 0.1078125 0.041666666666666664
6 0.251171875 0.5401041666666667 0.12890625 0.026041666666666668
0 0.84375 0.5333333333333333 0.1203125 0.03958333333333333
0 0.2109375 0.55625 0.028125 0.008333333333333333
3 0.28984375 0.55625 0.0328125 0.008333333333333333
0 0.44140625 0.5541666666666667 0.0453125 0.029166666666666667
0 0.50546875 0.5510416666666667 0.0578125 0.027083333333333334
0 0.8265625 0.5604166666666667 0.08125 0.03333333333333333
0 0.43828125 0.575 0.034375 0.01875
0 0.5015625 0.571875 0.0390625 0.016666666666666666
4 0.56875 0.5666666666666667 0.0546875 0.06458333333333334
0 0.890625 0.5666666666666667 0.025 0.029166666666666667
0 0.4390625 0.596875 0.0359375 0.020833333333333332
0 0.503125 0.5916666666666667 0.0390625 0.01875
0 0.63515625 0.5947916666666667 0.0328125 0.027083333333333334
0 0.84375 0.5885416666666666 0.1203125 0.0375
0 0.45078125 0.615625 0.0546875 0.027083333333333334
0 0.5078125 0.6135416666666667 0.0453125 0.020833333333333332
1 0.57890625 0.6041666666666666 0.0421875 0.03333333333333333
0 0.82890625 0.6208333333333333 0.0890625 0.03333333333333333
0 0.45234375 0.6385416666666667 0.053125 0.020833333333333332
0 0.51953125 0.6322916666666667 0.0671875 0.027083333333333334
0 0.88671875 0.6260416666666667 0.0359375 0.03125
0 0.490234375 0.6640625 0.09140625 0.03229166666666667
0 0.853125 0.653125 0.1109375 0.041666666666666664
0 0.8234375 0.6760416666666667 0.059375 0.027083333333333334
3 0.8421875 0.18645833333333334 0.17955935937589187 0.2270392185706637
4 0.683984375 0.24635416666666668 0.11712943885537382 0.18635467499397682
6 0.241015625 0.3828125 0.09180334430250887 0.15099181411820517
6 0.164453125 0.4078125 0.06526721655780317 0.12181869340742442
