0 0.201 0.033279220779220776 0.402 0.060064935064935064
6 0.49 0.25 0.032 0.04220779220779221
6 0.244 0.28733766233766234 0.028 0.03896103896103896
0 0.346 0.2727272727272727 0.136 0.06818181818181818
0 0.046 0.7012987012987013 0.092 0.045454545454545456
0 0.194 0.8311688311688312 0.368 0.06818181818181818
0 0.214 0.9285714285714286 0.404 0.07792207792207792
0 0.358 0.16071428571428573 0.15169830207886242 0.06124493485099054
1 0.231 0.2021103896103896 0.14014957556676996 0.12779655769416312
0 0.297 0.20941558441558442 0.19447998304005087 0.1304185173611278
0 0.414 0.21428571428571427 0.11527117908548883 0.09071994164634015
6 0.453 0.351461038961039 0.11669247396231151 0.10186643922831042
0 0.27 0.37094155844155846 0.155779384676023 0.1053825184185175
0 0.378 0.3871753246753247 0.1040720735279557 0.05648175383901099
