0 0.12016129032258065 0.1053268765133172 0.22419354838709676 0.20581113801452786
0 0.5733870967741935 0.13559322033898305 0.4854838709677419 0.23728813559322035
0 0.10483870967741936 0.2675544794188862 0.12580645161290321 0.1089588377723971
0 0.38870967741935486 0.29782082324455206 0.15483870967741936 0.09685230024213075
0 0.6274193548387097 0.29782082324455206 0.15483870967741936 0.10653753026634383
3 0.4967741935483871 0.5932203389830508 0.16451612903225807 0.0387409200968523
1 0.5387096774193548 0.6803874092009685 0.035483870967741936 0.048426150121065374
0 0.4967741935483871 0.7723970944309927 0.2032258064516129 0.029055690072639227
3 0.45564516129032256 0.5024213075060533 0.07786601239044535 0.09241435598608694
3 0.4774193548387097 0.6937046004842615 0.08052511390232278 0.06952519797467552
