0 0.4936708860759494 0.198 0.14873417721518986 0.04
0 0.495253164556962 0.234 0.11392405063291139 0.04
3 0.15981012658227847 0.266 0.10126582278481013 0.04
0 0.4944620253164557 0.269 0.1439873417721519 0.054
0 0.6629746835443038 0.28 0.10759493670886076 0.076
0 0.49841772151898733 0.31 0.13924050632911392 0.032
0 0.16218354430379747 0.403 0.15664556962025317 0.05
3 0.1629746835443038 0.438 0.10126582278481013 0.04
0 0.16218354430379747 0.471 0.125 0.05
0 0.16376582278481014 0.507 0.15981012658227847 0.05
0 0.16534810126582278 0.542 0.18829113924050633 0.052
1 0.15110759493670886 0.595 0.1661392405063291 0.054
