6 0.018333333333333333 0.030730897009966777 0.03666666666666667 0.061461794019933555
0 0.48944444444444446 0.20930232558139536 0.07444444444444444 0.04983388704318937
4 0.6122222222222222 0.13372093023255813 0.32222222222222224 0.14119601328903655
0 0.5711111111111111 0.20431893687707642 0.07555555555555556 0.04983388704318937
0 0.7066666666666667 0.1893687707641196 0.13333333333333333 0.053156146179401995
4 0.4861111111111111 0.25664451827242524 0.07 0.03488372093023256
4 0.565 0.24916943521594684 0.05444444444444444 0.029900332225913623
4 0.7394444444444445 0.23837209302325582 0.07 0.03488372093023256
0 0.3422222222222222 0.3122923588039867 0.042222222222222223 0.06976744186046512
0 0.5161111111111111 0.3853820598006645 0.06777777777777778 0.029900332225913623
4 0.4111111111111111 0.4069767441860465 0.02666666666666667 0.04318936877076412
0 0.31444444444444447 0.44518272425249167 0.022222222222222223 0.036544850498338874
6 0.6333333333333333 0.4584717607973422 0.015555555555555555 0.06976744186046512
6 0.30444444444444446 0.7624584717607974 0.06444444444444444 0.0664451827242525
0 0.041666666666666664 0.8471760797342193 0.08333333333333333 0.06312292358803986
0 0.30666666666666664 0.8272425249169435 0.044444444444444446 0.053156146179401995
4 0.021666666666666667 0.9368770764119602 0.043333333333333335 0.07641196013289037
4 0.38555555555555554 0.9767441860465116 0.022222222222222223 0.04318936877076412
6 0.1527777777777778 0.03986710963455149 0.06580927117569402 0.10283482633397158
6 0.11833333333333333 0.05647840531561462 0.09629429017302098 0.16270941840097833
0 0.085 0.20514950166112958 0.2272314714097432 0.26738823603027567
4 0.2927777777777778 0.15614617940199335 0.06441126944460596 0.11287715637043923
6 0.2822222222222222 0.19601328903654486 0.07464077423425455 0.1394539700799254
1 0.3383333333333333 0.25664451827242524 0.062269023065978216 0.09783383708054956
0 0.075 0.3014950166112957 0.20065852001147896 0.21414677677765837
6 0.6744444444444444 0.49169435215946844 0.07181932978316405 0.34870406828227135
4 0.4761111111111111 0.3596345514950166 0.1360309039189801 0.09412017360326344
0 0.255 0.3995016611295681 0.10773267459575815 0.10443680943654364
0 0.4588888888888889 0.3953488372093023 0.055533498623155486 0.05059096753166065
0 0.4211111111111111 0.4335548172757475 0.044380635249682804 0.06912782617205006
0 0.25333333333333335 0.45598006644518274 0.074966632153796 0.084372199694873
0 0.12333333333333334 0.4925249169435216 0.0599991113776889 0.06787616872444033
0 0.027777777777777776 0.5390365448504983 0.08888803167408493 0.10777351527769197
6 0.6461111111111111 0.5689368770764119 0.05060319476129558 0.14779502062673
0 0.22666666666666666 0.5647840531561462 0.04875618888953479 0.03916562917607921
0 0.023333333333333334 0.5946843853820598 0.07084571111240295 0.08604827715337485
0 0.14166666666666666 0.6212624584717608 0.11666477782497749 0.10610534984064421
0 0.13444444444444445 0.6810631229235881 0.11110771850112636 0.08949149920004253
4 0.4127777777777778 0.7367109634551495 0.05957312733391973 0.13442889692412585
0 0.2338888888888889 0.7250830564784053 0.09864023280051805 0.10436315039449287
1 0.43 0.8313953488372093 0.0872729978861019 0.28734424257874497
3 0.22666666666666666 0.7973421926910299 0.09705996424382256 0.12266925822018568
6 0.3877777777777778 0.872093023255814 0.0371214655946945 0.1561055397652732
0 0.15611111111111112 0.8421926910299004 0.08771609374729737 0.10283482633397162
0 0.14555555555555555 0.8870431893687708 0.08880292540720612 0.09616617721243162
