1 0.625 0.2524271844660194 0.03125 0.033287101248266296
4 0.5890625 0.11858529819694869 0.06646023911028927 0.18719577362740814
6 0.575 0.15880721220527047 0.033462836388952685 0.09007948773983654
6 0.944921875 0.28224687933425796 0.028545673076922996 0.06504304037192338
4 0.234375 0.49167822468793343 0.06351109391916551 0.14557257060920148
6 0.962109375 0.5714285714285714 0.0377145139578019 0.0969876174792048
1 0.801953125 0.6047156726768377 0.06735198730711751 0.17470603008287014
4 0.95078125 0.6061026352288488 0.06822002906321104 0.16915447580186493
6 0.78671875 0.6456310679611651 0.08844217536839247 0.21771368091688742
6 0.421875 0.6317614424410541 0.05891119149052284 0.13446598404568094
6 0.64375 0.7052704576976422 0.060823498899983085 0.1400002249931564
6 0.6265625 0.7441054091539528 0.08511569603615624 0.21494632910434092
6 0.611328125 0.7538141470180305 0.05895887889864806 0.14837902956529925
6 0.866015625 0.9084604715672677 0.09208893552902211 0.2274327096061694
6 0.8953125 0.9237170596393898 0.06333698685000862 0.15528886578752035
