1 0.03656821378340366 0.153125 0.01969057665260197 0.0171875
6 0.04219409282700422 0.16171875 0.08438818565400844 0.0421875
0 0.9662447257383966 0.175 0.06469760900140648 0.01875
1 0.16455696202531644 0.18828125 0.0450070323488045 0.0125
1 0.5063291139240507 0.18359375 0.06469760900140648 0.015625
0 0.25668073136427566 0.315625 0.1420534458509142 0.034375
0 0.6272855133614628 0.31640625 0.14345991561181434 0.034375
0 0.047116736990154715 0.5421875 0.07735583684950774 0.0140625
4 0.9317862165963432 0.55 0.13642756680731363 0.0375
1 0.08860759493670886 0.56640625 0.17721518987341772 0.0390625
4 0.4648382559774965 0.567578125 0.24050632911392406 0.03828125
0 0.9753867791842475 0.57421875 0.04922644163150492 0.0203125
0 0.06680731364275667 0.64453125 0.13361462728551335 0.046875
0 0.3818565400843882 0.635546875 0.24050632911392406 0.06171875
6 0.9458509142053446 0.65 0.10829817158931083 0.040625
0 0.4289732770745429 0.6640625 0.13783403656821377 0.01875
1 0.02250351617440225 0.79453125 0.0450070323488045 0.0234375
0 0.1350210970464135 0.7984375 0.1209563994374121 0.0109375
0 0.35443037974683544 0.7953125 0.11814345991561181 0.021875
0 0.8438818565400844 0.803125 0.20253164556962025 0.0375
0 0.7412095639943741 0.83359375 0.11533052039381153 0.0234375
0 0.7362869198312236 0.8703125 0.06047819971870605 0.0140625
0 0.12306610407876231 0.883984375 0.24613220815752462 0.06328125
0 0.5337552742616034 0.882421875 0.2011251758087201 0.05859375
0 0.7756680731364276 0.880859375 0.10267229254571027 0.02109375
6 0.07032348804500703 0.922265625 0.14064697609001406 0.04140625
6 0.46554149085794655 0.921484375 0.14064697609001406 0.03984375
3 0.8424753867791842 0.9515625 0.3150492264416315 0.0703125
0 0.9142053445850914 0.9890625 0.15752461322081576 0.021875
0 0.6870604781997187 0.237109375 0.22534514404711947 0.11793459693070885
0 0.32770745428973275 0.240625 0.21534732594556757 0.11558928360034937
6 0.5386779184247539 0.24140625 0.14906413998882442 0.09834650603579853
4 0.180028129395218 0.24296875 0.15549770010110592 0.09506110574477884
0 0.20745428973277075 0.346875 0.19548407195742756 0.03894593526152246
0 0.5850914205344585 0.350390625 0.1912380072310266 0.03658525158804595
0 0.3931082981715893 0.89453125 0.17333748297416549 0.08203172813287089
