0 0.6423611111111112 0.250390625 0.3125 0.06171875
1 0.12916666666666668 0.36953125 0.027777777777777776 0.01875
3 0.5666666666666667 0.1796875 0.20556291494623669 0.11100716560509553
0 0.7319444444444444 0.180078125 0.18176971899992106 0.1007471936537881
0 0.7347222222222223 0.325 0.1716379165522657 0.08909659013100199
0 0.5743055555555555 0.329296875 0.2122825931332964 0.09136402005556832
0 0.030555555555555555 0.358203125 0.06934107030477789 0.019227689121324776
1 0.3333333333333333 0.398828125 0.2749220682385988 0.05536584113363698
0 0.8256944444444444 0.584375 0.10017149338579448 0.01983241900862236
0 0.8729166666666667 0.921875 0.16249813007216604 0.056175075210944315
0 0.8694444444444445 0.94140625 0.1444013956322051 0.05149872151796302
0 0.8701388888888889 0.96015625 0.19846644769461616 0.06870173672946045
