0 0.869625520110957 0.2046875 0.21359223300970873 0.0671875
0 0.5298196948682385 0.37421875 0.0970873786407767 0.0125
0 0.5277392510402219 0.39375 0.20943134535367544 0.021875
1 0.521497919556172 0.440625 0.06657420249653259 0.01875
0 0.5346740638002774 0.469921875 0.2565880721220527 0.02265625
0 0.5353675450762829 0.484375 0.2552011095700416 0.01875
3 0.5388349514563107 0.503515625 0.2260748959778086 0.01640625
3 0.4778085991678225 0.353125 0.09451450423616542 0.04279451028495203
0 0.565880721220527 0.35390625 0.11365981383253165 0.04679663439836466
0 0.06171983356449376 0.4359375 0.232412668263114 0.11324997350007951
