0 0.53375 0.3408239700374532 0.04 0.026217228464419477
0 0.536875 0.8061797752808989 0.15125 0.05805243445692884
0 0.5375 0.8408239700374532 0.2325 0.06741573033707865
3 0.54125 0.8820224719101124 0.1025 0.04868913857677903
0 0.849375 0.9232209737827716 0.15125 0.056179775280898875
0 0.874375 0.9681647940074907 0.19875 0.0299625468164794
0 0.501875 0.2406367041198502 0.2462044948860755 0.1439895948893825
0 0.421875 0.30430711610486894 0.05372390719305528 0.05758613303912889
0 0.4775 0.32771535580524347 0.07248633877228357 0.05185825410544509
3 0.576875 0.33239700374531833 0.04746647073123583 0.039494846875874845
0 0.586875 0.599250936329588 0.07869282299478514 0.04801772642294095
0 0.956875 0.9279026217228464 0.08331477330127911 0.09511622512418262
