0 0.0654320987654321 0.026851851851851852 0.1308641975308642 0.046296296296296294
0 0.07592592592592592 0.05462962962962963 0.10246913580246914 0.018518518518518517
0 0.028395061728395062 0.0824074074074074 0.056790123456790124 0.027777777777777776
0 0.05432098765432099 0.11296296296296296 0.10864197530864197 0.02962962962962963
1 0.3950617283950617 0.25925925925925924 0.04197530864197531 0.012962962962962963
1 0.025308641975308643 0.26851851851851855 0.050617283950617285 0.04259259259259259
3 0.46111111111111114 0.2962962962962963 0.08271604938271605 0.016666666666666666
0 0.030864197530864196 0.3055555555555556 0.06172839506172839 0.022222222222222223
3 0.2617283950617284 0.3435185185185185 0.027160493827160494 0.014814814814814815
0 0.9493827160493827 0.3560185185185185 0.10123456790123457 0.028703703703703703
6 0.36666666666666664 0.37592592592592594 0.037037037037037035 0.03333333333333333
0 0.945679012345679 0.39490740740740743 0.10864197530864197 0.028703703703703703
0 0.45740740740740743 0.45185185185185184 0.31234567901234567 0.046296296296296294
4 0.9314814814814815 0.45092592592592595 0.13703703703703704 0.04814814814814815
0 0.4641975308641975 0.5055555555555555 0.5358024691358024 0.05185185185185185
0 0.5617283950617284 0.5574074074074075 0.21975308641975308 0.044444444444444446
0 0.3506172839506173 0.6046296296296296 0.05185185185185185 0.014814814814814815
0 0.5611111111111111 0.5944444444444444 0.24567901234567902 0.04814814814814815
0 0.32839506172839505 0.65 0.14074074074074075 0.016666666666666666
0 0.9098765432098765 0.6583333333333333 0.1382716049382716 0.014814814814814815
0 0.34444444444444444 0.6666666666666666 0.10864197530864197 0.016666666666666666
1 0.4703703703703704 0.6759259259259259 0.13333333333333333 0.03888888888888889
0 0.9055555555555556 0.6717592592592593 0.15432098765432098 0.023148148148148147
0 0.9493827160493827 0.6916666666666667 0.05925925925925926 0.014814814814814815
1 0.28888888888888886 0.7037037037037037 0.04938271604938271 0.022222222222222223
3 0.4469135802469136 0.7064814814814815 0.08888888888888889 0.024074074074074074
1 0.8648148148148148 0.7106481481481481 0.05555555555555555 0.023148148148148147
0 0.6648148148148149 0.8226851851851852 0.1814814814814815 0.03611111111111111
0 0.13580246913580246 0.9291666666666667 0.19012345679012346 0.03981481481481482
0 0.1388888888888889 0.9629629629629629 0.1271604938271605 0.02962962962962963
0 0.39567901234567904 0.28194444444444444 0.14144550635223654 0.0556809003218294
0 0.5549382716049382 0.29907407407407405 0.19306284706432994 0.12958899582969327
0 0.26851851851851855 0.3236111111111111 0.08746252519200912 0.05321793961454007
4 0.5308641975308642 0.4 0.10785512018230593 0.08290946580834076
0 0.42901234567901236 0.41203703703703703 0.15184588279897768 0.07029154915085074
0 0.37222222222222223 0.4652777777777778 0.06789031975978782 0.01733691521325511
6 0.06604938271604938 0.5203703703703704 0.0686826301333148 0.135165813303577
0 0.42407407407407405 0.46805555555555556 0.04072925929272916 0.015429722767292257
0 0.46111111111111114 0.46944444444444444 0.040720439176874165 0.01446987679853101
0 0.20308641975308642 0.8217592592592593 0.06928824103428659 0.030836864934937685
4 0.641358024691358 0.9476851851851852 0.07400704088676648 0.10274311169737176
