0 0.453125 0.38555347091932457 0.11625 0.07317073170731707
0 0.22375 0.5272045028142589 0.1225 0.04878048780487805
0 0.22625 0.5628517823639775 0.1225 0.0450281425891182
6 0.625 0.5478424015009381 0.12 0.0450281425891182
3 0.436875 0.626641651031895 0.24875 0.1125703564727955
6 0.345 0.701688555347092 0.04 0.0675422138836773
6 0.85375 0.949343339587242 0.045 0.02626641651031895
0 0.2975 0.4090056285178236 0.19245037190209988 0.1345787857419329
0 0.578125 0.42213883677298314 0.13875 0.12360915745957742
4 0.275625 0.6735459662288931 0.12614271466848964 0.14237740158020193
0 0.49625 0.6941838649155723 0.27121857290578644 0.14675371441730237
