0 0.489 0.01303680981595092 0.044 0.02607361963190184
0 0.494 0.06288343558282208 0.056 0.046012269938650305
0 0.4965 0.10736196319018405 0.281 0.15337423312883436
0 0.495 0.19478527607361965 0.252 0.05521472392638037
0 0.296 0.38650306748466257 0.392 0.2331288343558282
0 0.71 0.3880368098159509 0.344 0.22392638036809817
0 0.49 0.6334355828220859 0.492 0.23006134969325154
0 0.51 0.8588957055214724 0.368 0.13190184049079753
3 0.668 0.9831288343558282 0.154 0.024539877300613498
0 0.881 0.9846625766871165 0.232 0.027607361963190184
