0 0.9615885416666666 0.083984375 0.07682291666666667 0.041015625
0 0.9283854166666666 0.1416015625 0.049479166666666664 0.025390625
4 0.4856770833333333 0.42578125 0.03125 0.017578125
0 0.6477864583333334 0.546875 0.17578125 0.048828125
0 0.6536458333333334 0.58984375 0.171875 0.078125
4 0.4505208333333333 0.28857421875 0.15735529583081206 0.11915457464015791
4 0.5611979166666666 0.29736328125 0.11132559087796867 0.1103058601479022
0 0.544921875 0.4072265625 0.10773443277564738 0.07721170432819147
0 0.6647135416666666 0.63427734375 0.1440895312395852 0.057419961511527395
0 0.6634114583333334 0.73681640625 0.07670320709067702 0.028040924573770498
0 0.6861979166666666 0.81591796875 0.1170777194180636 0.05747120116935278
