0 0.49930555555555556 0.2140625 0.24861111111111112 0.0484375
0 0.5333333333333333 0.23203125 0.05277777777777778 0.0125
4 0.5138888888888888 0.3625 0.05277777777777778 0.0328125
0 0.5861111111111111 0.3609375 0.044444444444444446 0.028125
0 0.6763888888888889 0.365625 0.041666666666666664 0.028125
0 0.3194444444444444 0.396875 0.03888888888888889 0.028125
1 0.40694444444444444 0.38984375 0.041666666666666664 0.0296875
6 0.6347222222222222 0.3984375 0.04722222222222222 0.025
0 0.6013888888888889 0.475 0.05 0.0328125
0 0.5319444444444444 0.5015625 0.06111111111111111 0.0328125
0 0.5305555555555556 0.87109375 0.21944444444444444 0.034375
6 0.5090277777777777 0.70859375 0.24941788803754672 0.0773737807132477
4 0.5263888888888889 0.75703125 0.2506763799867556 0.09628006276651932
