0 0.3375 0.2875 0.3 0.0328125
0 0.4166666666666667 0.3625 0.30833333333333335 0.0328125
0 0.9527777777777777 0.3734375 0.05555555555555555 0.01875
0 0.41875 0.394140625 0.30416666666666664 0.03203125
0 0.4215277777777778 0.425 0.30416666666666664 0.034375
4 0.37222222222222223 0.5203125 0.044444444444444446 0.01875
4 0.3736111111111111 0.63828125 0.1638888888888889 0.0484375
0 0.4979166666666667 0.477734375 0.1037861643581394 0.055391472052902915
6 0.5368055555555555 0.523828125 0.049757514205066876 0.06634404414937194
4 0.1388888888888889 0.57890625 0.05939713745745223 0.07184362834516218
4 0.5736111111111111 0.618359375 0.07507800140625989 0.08356210743139059
0 0.17708333333333334 0.640625 0.141985975987706 0.07808840289418413
4 0.2861111111111111 0.661328125 0.08208328974224154 0.052255865985215345
3 0.3625 0.68359375 0.14122529554996358 0.061606520112521324
0 0.3993055555555556 0.713671875 0.21338905322850824 0.11136737486066331
4 0.29375 0.716796875 0.08182683248311717 0.04444365820161167
6 0.37916666666666665 0.803515625 0.4516946293265163 0.08167247276364371
