0 0.10078125 0.0556792873051225 0.046875 0.026726057906458798
0 0.190234375 0.062360801781737196 0.04921875 0.0400890868596882
0 0.2640625 0.0757238307349666 0.0453125 0.031180400890868598
0 0.353125 0.08240534521158129 0.0421875 0.026726057906458798
0 0.10078125 0.11804008908685969 0.028125 0.035634743875278395
0 0.191015625 0.13028953229398663 0.04609375 0.0467706013363029
0 0.263671875 0.1403118040089087 0.04296875 0.0400890868596882
0 0.353515625 0.14699331848552338 0.05703125 0.044543429844097995
0 0.44375 0.1291759465478842 0.040625 0.053452115812917596
0 0.611328125 0.13808463251670378 0.03515625 0.044543429844097995
0 0.690234375 0.14142538975501115 0.03359375 0.042316258351893093
0 0.10234375 0.15812917594654788 0.03125 0.035634743875278395
4 0.2640625 0.1759465478841871 0.0234375 0.035634743875278395
0 0.35390625 0.18040089086859687 0.021875 0.035634743875278395
0 0.76484375 0.15812917594654788 0.040625 0.044543429844097995
0 0.8546875 0.1714922048997773 0.0390625 0.044543429844097995
0 0.940625 0.16703786191536749 0.0390625 0.044543429844097995
0 0.60546875 0.19599109131403117 0.0203125 0.017817371937639197
0 0.44375 0.21158129175946547 0.0453125 0.035634743875278395
0 0.53125 0.21380846325167038 0.0328125 0.031180400890868598
0 0.7578125 0.21158129175946547 0.0265625 0.026726057906458798
0 0.93828125 0.2182628062360802 0.0359375 0.017817371937639197
0 0.530078125 0.23273942093541203 0.04140625 0.028953229398663696
0 0.8515625 0.22939866369710468 0.0359375 0.026726057906458798
0 0.93828125 0.2717149220489978 0.059375 0.0400890868596882
0 0.141796875 0.7438752783964365 0.11640625 0.062360801781737196
0 0.2765625 0.7461024498886414 0.071875 0.05790645879732739
0 0.36875 0.7527839643652561 0.071875 0.053452115812917596
0 0.45390625 0.7438752783964365 0.0703125 0.053452115812917596
0 0.534375 0.7416481069042317 0.0640625 0.044543429844097995
0 0.6109375 0.7394209354120267 0.065625 0.053452115812917596
0 0.69453125 0.7394209354120267 0.0640625 0.053452115812917596
0 0.77265625 0.7383073496659243 0.05625 0.0556792873051225
0 0.843359375 0.7394209354120267 0.06015625 0.053452115812917596
0 0.9171875 0.7394209354120267 0.0546875 0.0400890868596882
0 0.978515625 0.7338530066815144 0.04140625 0.0467706013363029
0 0.017578125 0.7973273942093542 0.03515625 0.044543429844097995
0 0.11328125 0.7951002227171492 0.034375 0.035634743875278395
0 0.16953125 0.799554565701559 0.0375 0.035634743875278395
0 0.2765625 0.8062360801781737 0.0328125 0.031180400890868598
0 0.36875 0.8062360801781737 0.0484375 0.0400890868596882
0 0.4546875 0.799554565701559 0.0484375 0.035634743875278395
0 0.534375 0.7928730512249443 0.0234375 0.031180400890868598
0 0.6109375 0.7884187082405345 0.0234375 0.031180400890868598
0 0.69296875 0.7884187082405345 0.0328125 0.017817371937639197
0 0.768359375 0.7884187082405345 0.04921875 0.0400890868596882
0 0.84296875 0.7884187082405345 0.028125 0.031180400890868598
0 0.91484375 0.7884187082405345 0.01875 0.031180400890868598
0 0.98203125 0.7906458797327395 0.034375 0.026726057906458798
0 0.024609375 0.8262806236080178 0.04921875 0.035634743875278395
0 0.1109375 0.821826280623608 0.0578125 0.035634743875278395
0 0.45546875 0.8285077951002228 0.01875 0.031180400890868598
0 0.53515625 0.8195991091314031 0.04375 0.031180400890868598
0 0.6109375 0.8173719376391982 0.0515625 0.035634743875278395
0 0.69296875 0.8173719376391982 0.05625 0.026726057906458798
0 0.76953125 0.8173719376391982 0.040625 0.0400890868596882
3 0.84140625 0.8151447661469933 0.0375 0.031180400890868598
0 0.91484375 0.8129175946547884 0.034375 0.026726057906458798
0 0.9796875 0.8129175946547884 0.0390625 0.026726057906458798
0 0.2765625 0.8396436525612472 0.0546875 0.035634743875278395
0 0.36875 0.8396436525612472 0.0203125 0.035634743875278395
3 0.01796875 0.8552338530066815 0.0359375 0.017817371937639197
3 0.45390625 0.8596881959910914 0.0328125 0.017817371937639197
3 0.2765625 0.8752783964365256 0.0390625 0.026726057906458798
0 0.359375 0.8685968819599109 0.01875 0.017817371937639197
0 0.530859375 0.13919821826280623 0.04287192042289707 0.06395079457358806
6 0.191796875 0.16481069042316257 0.025705794715250873 0.03941201917151487
0 0.02578125 0.7383073496659243 0.05620244862130606 0.06848773951646955
