0 0.47889908256880737 0.226 0.12477064220183487 0.08
0 0.8440366972477065 0.274 0.04036697247706422 0.032
0 0.4055045871559633 0.294 0.062385321100917435 0.052
0 0.3981651376146789 0.356 0.12844036697247707 0.104
6 0.23486238532110093 0.414 0.05871559633027523 0.076
1 0.03577981651376147 0.484 0.07155963302752294 0.076
0 0.8055045871559633 0.076 0.1978800833128942 0.1209488209563455
0 0.655045871559633 0.135 0.16352931236288465 0.09415664483774583
0 0.6137614678899083 0.196 0.18210449628540235 0.12595320929371273
0 0.463302752293578 0.276 0.10342488650642113 0.08482654126190903
0 0.7807339449541284 0.289 0.103812309658715 0.05798499568454656
0 0.6256880733944954 0.326 0.21201284763716008 0.12199960142689156
0 0.22385321100917432 0.351 0.07675468833189834 0.05532812615447085
0 0.6522935779816513 0.513 0.2525686340362437 0.09538138235197044
0 0.047706422018348627 0.527 0.10033629646421972 0.06860713694992614
