0 0.8638888888888889 0.1921875 0.07777777777777778 0.0875
6 0.15069444444444444 0.351171875 0.3013888888888889 0.22734375
0 0.9722222222222222 0.453125 0.05 0.025
4 0.9715277777777778 0.47890625 0.05694444444444444 0.03125
1 0.04652777777777778 0.55546875 0.09305555555555556 0.21875
0 0.4777777777777778 0.550390625 0.3 0.07578125
4 0.9729166666666667 0.57734375 0.05416666666666667 0.028125
6 0.9736111111111111 0.528125 0.05 0.0640625
4 0.04722222222222222 0.71484375 0.09444444444444444 0.1140625
3 0.6194444444444445 0.27578125 0.3325039583373704 0.15622594301883455
0 0.34652777777777777 0.2796875 0.3486418523749404 0.17600798385187227
4 0.7131944444444445 0.49140625 0.2980752443424854 0.17908101953420202
1 0.6847222222222222 0.5640625 0.1490422549366798 0.0655300215289218
0 0.5895833333333333 0.589453125 0.09227703978213715 0.0306562433750198
