0 0.385 0.05223880597014925 0.77 0.1044776119402985
0 0.587 0.324212271973466 0.306 0.087893864013267
6 0.059 0.5688225538971807 0.118 0.11940298507462686
0 0.461 0.7918739635157546 0.302 0.12106135986733002
4 0.557 0.7072968490878938 0.494 0.30016583747927034
0 0.438 0.9154228855721394 0.128 0.06301824212271974
0 0.503 0.5265339966832504 0.30938538869667087 0.12413205031770082
4 0.253 0.6044776119402985 0.18349307787266697 0.17054229238875013
4 0.263 0.8134328358208955 0.2563880892565039 0.27690730299771393
0 0.604 0.8864013266998342 0.24931280470940556 0.16256158547630548
