0 0.68994140625 0.375 0.0908203125 0.05128205128205128
0 0.6591796875 0.4551282051282051 0.248046875 0.04487179487179487
0 0.6806640625 0.6522435897435898 0.1484375 0.057692307692307696
0 0.6484375 0.6907051282051282 0.076171875 0.02564102564102564
1 0.35009765625 0.7860576923076923 0.0712890625 0.049679487179487176
1 0.0458984375 0.9647435897435898 0.0625 0.022435897435897436
0 0.61474609375 0.3661858974358974 0.06922215239662655 0.055564483797688524
0 0.06982421875 0.4014423076923077 0.08540627171814655 0.13786307843757561
0 0.7685546875 0.6442307692307693 0.072265625 0.08311387529412957
0 0.8173828125 0.6762820512820513 0.05858973535410206 0.07343085737319235
0 0.7705078125 0.8910256410256411 0.0858987280485155 0.09172987869766448
