4 0.7859778597785978 0.178 0.07380073800738007 0.052
0 0.4446494464944649 0.256 0.08118081180811808 0.084
0 0.2933579335793358 0.338 0.15498154981549817 0.032
0 0.3044280442804428 0.372 0.05166051660516605 0.028
0 0.23800738007380073 0.414 0.06273062730627306 0.052
1 0.25092250922509224 0.602 0.0959409594095941 0.06
4 0.3505535055350554 0.606 0.05166051660516605 0.06
0 0.6153136531365314 0.178 0.17534324126195186 0.07241190667245309
0 0.45295202952029523 0.194 0.14333065102704456 0.10389041095890411
0 0.5018450184501845 0.232 0.09516182428782229 0.09249390095108848
