6 0.6842672413793104 0.124 0.07974137931034483 0.176
0 0.7758620689655172 0.236 0.03017241379310345 0.048
4 0.8459051724137931 0.292 0.032327586206896554 0.056
0 0.27801724137931033 0.553 0.16594827586206898 0.042
0 0.5161637931034483 0.742 0.06896551724137931 0.032
1 0.5301724137931034 0.862 0.04956896551724138 0.088
0 0.3275862068965517 0.904 0.06896551724137931 0.064
0 0.5323275862068966 0.928 0.03879310344827586 0.056
0 0.5301724137931034 0.946 0.032327586206896554 0.032
0 0.27478448275862066 0.967 0.17456896551724138 0.066
0 0.8103448275862069 0.187 0.14007221200783043 0.19780821692104053
0 0.8125 0.26 0.06032423671467327 0.08356221491555928
