3 0.46613545816733065 0.282 0.05976095617529881 0.06
0 0.5199203187250996 0.292 0.021912350597609563 0.036
0 0.5179282868525896 0.52 0.3784860557768924 0.288
0 0.36254980079681276 0.698 0.021912350597609563 0.04
6 0.43824701195219123 0.694 0.02390438247011952 0.052
0 0.4711155378486056 0.692 0.0199203187250996 0.052
0 0.3605577689243028 0.782 0.250996015936255 0.104
0 0.6937250996015937 0.782 0.20816733067729085 0.108
0 0.22310756972111553 0.912 0.16733067729083664 0.056
0 0.49800796812749004 0.918 0.20717131474103587 0.06
0 0.8022908366533864 0.92 0.2360557768924303 0.064
0 0.2241035856573705 0.966 0.06573705179282868 0.052
0 0.49800796812749004 0.976 0.11553784860557768 0.048
3 0.799800796812749 0.976 0.06573705179282868 0.048
0 0.6095617529880478 0.312 0.13744951335988242 0.10774776503685121
6 0.3690239043824701 0.319 0.12446244773075685 0.11753652297311419
3 0.7066733067729084 0.368 0.05275531223015398 0.08356221491555925
0 0.23256972111553784 0.463 0.15169775410927677 0.2774318016782086
0 0.7684262948207171 0.429 0.10040084384818315 0.14186046037180744
0 0.5393426294820717 0.783 0.1042283778900533 0.1175960811756081
