4 0.8086642599277978 0.485 0.17328519855595667 0.11
0 0.851985559566787 0.592 0.1963898916967509 0.176
0 0.8097472924187725 0.709 0.22454873646209386 0.074
0 0.8902527075812274 0.812 0.18483754512635378 0.084
0 0.21155234657039712 0.846 0.10974729241877257 0.088
3 0.836101083032491 0.884 0.046209386281588445 0.064
3 0.9234657039711192 0.888 0.10397111913357401 0.076
0 0.21299638989169675 0.938 0.10685920577617329 0.088
0 0.3855595667870036 0.93 0.02888086642599278 0.06
0 0.8664259927797834 0.965 0.2036101083032491 0.07
0 0.6906137184115524 0.62 0.1483913217862807 0.2016102938790175
0 0.9671480144404332 0.648 0.066983772495624 0.1557291721013944
0 0.9823104693140794 0.969 0.03739673544909441 0.064500416004724
