6 0.0546875 0.3125 0.109375 0.19270833333333334
6 0.97900390625 0.3372395833333333 0.0419921875 0.17708333333333334
6 0.98095703125 0.6119791666666666 0.0380859375 0.16927083333333334
4 0.15380859375 0.9049479166666666 0.2431640625 0.1015625
6 0.8720703125 0.9446614583333334 0.255859375 0.10286458333333333
4 0.154296875 0.9733072916666666 0.232421875 0.053385416666666664
0 0.6044921875 0.203125 0.578111358792065 0.32807849603400047
0 0.23583984375 0.267578125 0.1933995543799598 0.2528660066112942
0 0.26611328125 0.7708333333333334 0.13768731863876182 0.15354642760666634
0 0.67578125 0.8287760416666666 0.3048861370282765 0.23062308409280755
0 0.42236328125 0.8515625 0.2177146966905576 0.1457212168518911
