0 0.8959435626102292 0.2261904761904762 0.07760141093474426 0.007936507936507936
1 0.14638447971781304 0.24404761904761904 0.07054673721340388 0.013888888888888888
0 0.14991181657848324 0.25396825396825395 0.06701940035273368 0.007936507936507936
0 0.8835978835978836 0.25793650793650796 0.05291005291005291 0.007936507936507936
0 0.8783068783068783 0.32142857142857145 0.23633156966490299 0.037698412698412696
0 0.42680776014109345 0.3521825396825397 0.21869488536155202 0.0496031746031746
1 0.4567901234567901 0.4176587301587302 0.18694885361552027 0.0496031746031746
6 0.6384479717813051 0.4126984126984127 0.0564373897707231 0.03571428571428571
0 0.6825396825396826 0.45535714285714285 0.05291005291005291 0.005952380952380952
1 0.6825396825396826 0.4642857142857143 0.03880070546737213 0.007936507936507936
3 0.689594356261023 0.49007936507936506 0.04585537918871252 0.007936507936507936
0 0.689594356261023 0.5 0.05291005291005291 0.007936507936507936
0 0.32275132275132273 0.5704365079365079 0.042328042328042326 0.015873015873015872
6 0.2583774250440917 0.39533730158730157 0.15482312757843636 0.0938136991895164
0 0.35008818342151676 0.5813492063492064 0.09898320147755228 0.023450755566800905
1 0.335978835978836 0.597718253968254 0.06082290704143621 0.01786849107085799
