3 0.402 0.5972222222222222 0.072 0.018518518518518517
0 0.502 0.6774691358024691 0.708 0.046296296296296294
4 0.294 0.7114197530864198 0.096 0.030864197530864196
4 0.386 0.7114197530864198 0.048 0.030864197530864196
0 0.476 0.7129629629629629 0.108 0.027777777777777776
4 0.606 0.7114197530864198 0.12 0.030864197530864196
4 0.704 0.7114197530864198 0.044 0.030864197530864196
6 0.625 0.5262345679012346 0.2256294285744152 0.12333941077997222
0 0.364 0.5270061728395061 0.1826564023547028 0.10052411307126505
6 0.257 0.5987654320987654 0.11610032898718814 0.10153921240371533
