0 0.8420289855072464 0.4435389988358556 0.057971014492753624 0.05587892898719441
0 0.8478260869565217 0.5168800931315483 0.0782608695652174 0.06519208381839348
4 0.7231884057971014 0.7043073341094296 0.06376811594202898 0.051222351571594875
1 0.6681159420289855 0.7438882421420256 0.057971014492753624 0.05587892898719441
4 0.6840579710144927 0.8480791618160652 0.20869565217391303 0.11757857974388825
0 0.9695652173913043 0.930151338766007 0.0463768115942029 0.023282887077997673
0 0.8681159420289855 0.9650756693830035 0.06956521739130435 0.051222351571594875
1 0.4666666666666667 0.349825378346915 0.496263191212146 0.2784820089315734
0 0.808695652173913 0.340512223515716 0.10039048210887286 0.14771305675756272
6 0.5579710144927537 0.610593713620489 0.5488178684120312 0.3902393367049779
1 0.8123188405797102 0.6123399301513388 0.15988739881194877 0.1582577856688675
4 0.5601449275362319 0.7846332945285215 0.16736997300614279 0.09322845525127792
6 0.8565217391304348 0.8853317811408614 0.31575887198170977 0.20365732381215462
4 0.8014492753623188 0.9377182770663562 0.11758102652422227 0.0702874500399499
0 0.6485507246376812 0.9615832363213038 0.21000348938845734 0.08133171040549632
