6 0.2604166666666667 0.44375 0.009375 0.0171875
6 0.37994791666666666 0.500390625 0.013020833333333334 0.07109375
0 0.3046875 0.66015625 0.029166666666666667 0.015625
4 0.2359375 0.76875 0.008333333333333333 0.0234375
0 0.34322916666666664 0.406640625 0.07808840289418413 0.08197751847082771
0 0.28619791666666666 0.408984375 0.05680008386068079 0.06469190612147795
4 0.37604166666666666 0.452734375 0.013852369784516583 0.03354925052934856
4 0.2552083333333333 0.46328125 0.012690340965890634 0.03270960792894577
0 0.3078125 0.47109375 0.03717008497187469 0.03925206303681197
3 0.3302083333333333 0.46953125 0.02604085990274463 0.03264149020139033
6 0.25390625 0.52578125 0.024736553631483103 0.10623619290078867
6 0.3372395833333333 0.52578125 0.029342634603649387 0.049824557363643864
0 0.30703125 0.536328125 0.02755985782224203 0.0381594126267462
6 0.371875 0.5546875 0.01891253612662567 0.048392062861701036
0 0.34739583333333335 0.599609375 0.05012499558334653 0.06192473247872456
0 0.3033854166666667 0.609765625 0.05570807162092706 0.045976960935482224
0 0.2609375 0.68203125 0.06043726174016666 0.08612901056752964
6 0.3609375 0.721875 0.037998403677410406 0.0921618325404232
1 0.23880208333333333 0.7359375 0.010808269631832701 0.03585251942089176
4 0.35598958333333336 0.816796875 0.060470613516182915 0.12398847220095925
4 0.240625 0.81953125 0.02559014810515663 0.06089293253052075
1 0.27239583333333334 0.86875 0.06558199388767913 0.07025217091182548
