0 0.5789930555555556 0.90673828125 0.13020833333333334 0.0322265625
0 0.5946180555555556 0.93310546875 0.171875 0.0361328125
1 0.9296875 0.93115234375 0.0954861111111111 0.0302734375
0 0.3324652777777778 0.39306640625 0.11038125257353136 0.03524118606695814
0 0.4730902777777778 0.3984375 0.21352280158099 0.0643395321542527
0 0.2109375 0.41650390625 0.17487147823378643 0.08128039970054468
0 0.6223958333333334 0.43798828125 0.16771942039769527 0.08685519713454248
0 0.4626736111111111 0.86181640625 0.35590264626002077 0.055554572752014586
0 0.40625 0.89501953125 0.2256778861732289 0.047699265783432754
3 0.4097222222222222 0.91845703125 0.215274412919373 0.05162952692764544
0 0.6032986111111112 0.9892578125 0.11979127998341789 0.021278178107421608
