6 0.2534504391468005 0.184 0.037641154328732745 0.036
0 0.4868255959849435 0.19 0.06524466750313676 0.052
0 0.5319949811794228 0.206 0.027603513174404015 0.032
0 0.24090338770388958 0.286 0.050188205771643665 0.052
0 0.5194479297365119 0.67 0.04265997490589712 0.032
0 0.4623588456712672 0.792 0.164366373902133 0.108
4 0.9058971141781681 0.818 0.050188205771643665 0.052
3 0.46800501882057716 0.862 0.14554579673776663 0.08
6 0.9109159347553325 0.87 0.06524466750313676 0.06
0 0.9146800501882058 0.918 0.06273525721455459 0.052
0 0.15181932245922208 0.073 0.24834816487999922 0.18978902653020022
0 0.33751568381430364 0.184 0.19005159129326524 0.2479049049275471
0 0.1028858218318695 0.153 0.1555254326060153 0.15779321198000712
3 0.19573400250941028 0.206 0.09764381323857255 0.13168855151016964
3 0.12484316185696362 0.233 0.20198168632627528 0.15383456958400565
0 0.31555834378920955 0.262 0.2044998218449753 0.19186614760602508
6 0.589711417816813 0.288 0.1039971284485774 0.2079380097103752
0 0.12296110414052698 0.309 0.20826077929342682 0.21386813087011375
0 0.3331242158092848 0.332 0.15683484497776143 0.13578230278131434
0 0.24153074027603513 0.347 0.07131807153074209 0.08153828737168987
1 0.328732747804266 0.395 0.15029902259281314 0.12967739820199814
4 0.910288582183187 0.521 0.1416141981985632 0.13771877115268927
3 0.8977415307402761 0.57 0.08343267457752897 0.08334984802514032
4 0.8996235884567126 0.627 0.08770041796939267 0.09365824406539763
0 0.4347553324968632 0.718 0.1842684903165205 0.12364012893961285
0 0.44479297365119197 0.914 0.09869838178390108 0.12006887551089836
1 0.5 0.941 0.09943155643104677 0.11752914814423025
