0 0.4377049180327869 0.068 0.08852459016393442 0.056
1 0.380327868852459 0.152 0.07213114754098361 0.048
0 0.5524590163934426 0.31 0.04918032786885246 0.052
0 0.3909836065573771 0.474 0.11967213114754098 0.032
6 0.5524590163934426 0.47 0.08524590163934426 0.024
0 0.3844262295081967 0.494 0.11311475409836065 0.032
0 0.3737704918032787 0.516 0.06557377049180328 0.016
0 0.46967213114754097 0.523 0.11311475409836065 0.034
0 0.3704918032786885 0.707 0.21311475409836064 0.042
0 0.6065573770491803 0.724 0.26229508196721313 0.048
6 0.760655737704918 0.736 0.03934426229508197 0.016
0 0.3819672131147541 0.746 0.24262295081967214 0.04
6 0.5655737704918032 0.758 0.05901639344262295 0.024
6 0.7163934426229508 0.77 0.05901639344262295 0.024
6 0.5377049180327869 0.794 0.04918032786885246 0.024
1 0.4163934426229508 0.828 0.10819672131147541 0.028
6 0.5081967213114754 0.832 0.06229508196721312 0.028
6 0.419672131147541 0.868 0.05245901639344262 0.016
3 0.5295081967213114 0.872 0.14426229508196722 0.028
0 0.5327868852459017 0.074 0.14077732730483777 0.09956489943496587
0 0.3729508196721312 0.089 0.07121121810393242 0.0590659023220581
0 0.6360655737704918 0.118 0.12457414427302264 0.11979938405981352
0 0.46147540983606555 0.274 0.17532962274981792 0.14380819254001764
0 0.6336065573770492 0.29 0.14824231725751164 0.12721660044929625
0 0.4081967213114754 0.453 0.07537977104276819 0.03744773686063104
0 0.47622950819672133 0.461 0.07041555522351443 0.03744773686063104
6 0.5565573770491803 0.49 0.07703630373997593 0.03125493388482698
0 0.47295081967213115 0.504 0.06712915146129389 0.03539199321602035
