0 0.165625 0.5390625 0.15208333333333332 0.021875
0 0.33958333333333335 0.59453125 0.027083333333333334 0.015625
0 0.3385416666666667 0.61015625 0.05416666666666667 0.0125
4 0.26927083333333335 0.6359375 0.06770833333333333 0.015625
0 0.36770833333333336 0.63125 0.12708333333333333 0.025
0 0.35 0.205859375 0.31737221314931185 0.14141408680995118
0 0.3671875 0.246484375 0.10287093797013552 0.038103252117394605
0 0.29270833333333335 0.25625 0.08482063909071051 0.05016833017288116
6 0.6046875 0.673046875 0.08614970016428482 0.0616576656569114
4 0.5947916666666667 0.6984375 0.08180189805014043 0.06557158934714095
1 0.5838541666666667 0.728515625 0.054404178249678144 0.042910355467741114
