0 0.491015625 0.16881594372801875 0.49921875 0.246189917936694
3 0.496875 0.2661195779601407 0.1484375 0.04220398593200469
0 0.42109375 0.3388042203985932 0.2640625 0.03048065650644783
0 0.6015625 0.3388042203985932 0.084375 0.03048065650644783
0 0.680859375 0.5955451348182884 0.06796875 0.05861664712778429
0 0.1671875 0.7198124267291911 0.0328125 0.016412661195779603
0 0.8453125 0.7256740914419695 0.0328125 0.01875732708089097
6 0.330078125 0.8704572098475967 0.02578125 0.223915592028136
6 0.67734375 0.8182883939038686 0.0125 0.21336459554513482
4 0.36171875 0.6629542790152403 0.03259423506666037 0.03126410342908904
0 0.86328125 0.9683470105509965 0.03748001642121786 0.0396186790060986
