6 0.7276041666666667 0.1140625 0.16145833333333334 0.0609375
0 0.48333333333333334 0.1921875 0.06458333333333334 0.0109375
0 0.48385416666666664 0.203125 0.03854166666666667 0.0125
0 0.578125 0.2234375 0.06666666666666667 0.0109375
0 0.48125 0.2375 0.06666666666666667 0.01875
0 0.6166666666666667 0.23984375 0.05625 0.0125
0 0.6135416666666667 0.25546875 0.03333333333333333 0.015625
0 0.621875 0.271875 0.041666666666666664 0.0109375
0 0.0875 0.125 0.12529406439643492 0.07425594683353126
0 0.4734375 0.222265625 0.05512418357825174 0.019227689121324776
0 0.6557291666666667 0.5515625 0.2670628174538142 0.17341363227475187
0 0.6151041666666667 0.800390625 0.15297843011589193 0.09761213276630584
