3 0.70625 0.2591362126245847 0.0425 0.046511627906976744
0 0.49875 0.436046511627907 0.535 0.10465116279069768
0 0.289375 0.5490033222591362 0.17375 0.061461794019933555
0 0.41125 0.5465116279069767 0.0475 0.04983388704318937
0 0.50375 0.5448504983388704 0.1125 0.053156146179401995
0 0.6275 0.5415282392026578 0.115 0.053156146179401995
0 0.7475 0.5382059800664452 0.1 0.053156146179401995
3 0.49125 0.5930232558139535 0.46 0.0664451827242525
0 0.5975 0.22591362126245848 0.1624757296625888 0.07276154023849814
1 0.38625 0.2367109634551495 0.07254504595497238 0.05706498467181698
0 0.30875 0.26993355481727577 0.08496277892657489 0.07465816031883458
1 0.785 0.3014950166112957 0.12241227900682645 0.1177758874214547
0 0.216875 0.33056478405315615 0.10505265094922542 0.10683377118985825
